cycle, observation, reward, action, explored, explore_rate, total reward, average reward
1, 0, 0, 2, 0, 0.1, 0, 0
2, 30472, 127, 3, 0, 0.1, 127, 127
3, 30472, 117, 1, 0, 0.1, 244, 122
4, 29189, 137, 1, 1, 0.1, 381, 127
5, 29954, 137, 3, 0, 0.1, 518, 129.5
6, 24581, 127, 0, 1, 0.1, 645, 129
7, 24581, 117, 2, 0, 0.1, 762, 127
8, 24581, 117, 1, 0, 0.1, 879, 125.571
9, 29954, 127, 1, 0, 0.1, 1006, 125.75
10, 29954, 117, 0, 0, 0.1, 1123, 124.778
11, 29962, 127, 3, 0, 0.1, 1250, 125
12, 29962, 117, 3, 0, 0.1, 1367, 124.273
13, 29962, 117, 0, 0, 0.1, 1484, 123.667
14, 32002, 127, 1, 0, 0.1, 1611, 123.923
15, 32002, 117, 1, 0, 0.1, 1728, 123.429
16, 32002, 117, 2, 0, 0.1, 1845, 123
17, 29962, 127, 2, 0, 0.1, 1972, 123.25
18, 29954, 127, 3, 0, 0.1, 2099, 123.471
19, 24581, 127, 3, 0, 0.1, 2226, 123.667
20, 29960, 127, 0, 0, 0.1, 2353, 123.842
21, 29962, 127, 3, 0, 0.1, 2480, 124
22, 29962, 117, 2, 0, 0.1, 2597, 123.667
23, 29960, 127, 1, 0, 0.1, 2724, 123.818
24, 24581, 127, 0, 1, 0.1, 2851, 123.957
25, 24581, 117, 2, 0, 0.1, 2968, 123.667
26, 24581, 117, 1, 0, 0.1, 3085, 123.4
27, 29954, 127, 2, 0, 0.1, 3212, 123.538
28, 29962, 127, 0, 0, 0.1, 3339, 123.667
29, 29954, 127, 1, 0, 0.1, 3466, 123.786
30, 29954, 117, 2, 0, 0.1, 3583, 123.552
31, 29962, 127, 1, 0, 0.1, 3710, 123.667
32, 29962, 117, 1, 0, 0.1, 3827, 123.452
33, 29962, 117, 2, 0, 0.1, 3944, 123.25
34, 30472, 137, 1, 0, 0.1, 4081, 123.667
35, 28677, 137, 3, 0, 0.1, 4218, 124.059
36, 29960, 127, 3, 0, 0.1, 4345, 124.143
37, 29960, 117, 2, 0, 0.1, 4462, 123.944
38, 29962, 127, 3, 0, 0.1, 4589, 124.027
39, 29962, 117, 0, 0, 0.1, 4706, 123.842
40, 29960, 127, 0, 0, 0.1, 4833, 123.923
41, 25866, 127, 0, 0, 0.1, 4960, 124
42, 25858, 127, 0, 0, 0.1, 5087, 124.073
43, 29962, 127, 0, 0, 0.1, 5214, 124.143
44, 32002, 127, 0, 0, 0.1, 5341, 124.209
45, 29962, 127, 0, 0, 0.1, 5468, 124.273
46, 29960, 137, 3, 0, 0.1, 5605, 124.556
47, 29960, 117, 1, 0, 0.1, 5722, 124.391
48, 28677, 127, 2, 0, 0.1, 5849, 124.447
49, 28677, 117, 0, 0, 0.1, 5966, 124.292
50, 28677, 117, 1, 0, 0.1, 6083, 124.143
51, 24579, 127, 3, 0, 0.1, 6210, 124.2
52, 28677, 127, 2, 0, 0.1, 6337, 124.255
53, 28677, 117, 0, 0, 0.1, 6454, 124.115
54, 28677, 117, 0, 0, 0.1, 6571, 123.981
55, 28677, 117, 1, 0, 0.1, 6688, 123.852
56, 24579, 127, 3, 0, 0.1, 6815, 123.909
57, 28677, 127, 1, 0, 0.1, 6942, 123.964
58, 24579, 127, 0, 0, 0.1, 7069, 124.018
59, 24579, 117, 0, 0, 0.1, 7186, 123.897
60, 24579, 117, 1, 0, 0.1, 7303, 123.78
61, 24579, 117, 3, 0, 0.1, 7420, 123.667
62, 28677, 127, 3, 0, 0.1, 7547, 123.721
63, 29960, 127, 3, 0, 0.1, 7674, 123.774
64, 29960, 117, 1, 1, 0.1, 7791, 123.667
65, 28677, 127, 0, 0, 0.1, 7918, 123.719
66, 28677, 117, 3, 0, 0.1, 8035, 123.615
67, 29960, 127, 3, 0, 0.1, 8162, 123.667
68, 29960, 117, 1, 0, 0.1, 8279, 123.567
69, 28677, 127, 2, 0, 0.1, 8406, 123.618
70, 28677, 117, 0, 1, 0.1, 8523, 123.522
71, 28677, 117, 3, 0, 0.1, 8640, 123.429
72, 29960, 127, 0, 0, 0.1, 8767, 123.479
73, 29706, 137, 2, 0, 0.1, 8904, 123.667
74, 25608, 127, 3, 0, 0.1, 9031, 123.712
75, 25608, 117, 2, 0, 0.1, 9148, 123.622
76, 29706, 127, 3, 0, 0.1, 9275, 123.667
77, 29706, 117, 0, 0, 0.1, 9392, 123.579
78, 25608, 127, 0, 0, 0.1, 9519, 123.623
79, 29706, 127, 3, 0, 0.1, 9646, 123.667
80, 29706, 117, 1, 0, 0.1, 9763, 123.582
81, 29706, 117, 1, 0, 0.1, 9880, 123.5
82, 29706, 117, 3, 0, 0.1, 9997, 123.42
83, 29706, 117, 3, 0, 0.1, 10114, 123.341
84, 29706, 117, 2, 1, 0.1, 10231, 123.265
85, 25608, 127, 3, 1, 0.1, 10358, 123.31
86, 25608, 117, 0, 0, 0.1, 10475, 123.235
87, 29706, 127, 3, 0, 0.1, 10602, 123.279
88, 29706, 117, 3, 0, 0.1, 10719, 123.207
89, 29706, 117, 2, 0, 0.1, 10836, 123.136
90, 25608, 127, 1, 0, 0.1, 10963, 123.18
91, 16389, 127, 3, 0, 0.1, 11090, 123.222
92, 25608, 127, 1, 0, 0.1, 11217, 123.264
93, 16389, 127, 3, 0, 0.1, 11344, 123.304
94, 25608, 127, 3, 0, 0.1, 11471, 123.344
95, 25608, 117, 3, 0, 0.1, 11588, 123.277
96, 25608, 117, 1, 0, 0.1, 11705, 123.211
97, 16389, 127, 2, 0, 0.1, 11832, 123.25
98, 16389, 117, 0, 0, 0.1, 11949, 123.186
99, 16389, 117, 3, 0, 0.1, 12066, 123.122
100, 25608, 127, 1, 0, 0.1, 12193, 123.162
101, 16389, 127, 2, 0, 0.1, 12320, 123.2
102, 16389, 117, 0, 0, 0.1, 12437, 123.139
103, 16389, 117, 2, 0, 0.1, 12554, 123.078
104, 16389, 117, 1, 0, 0.1, 12671, 123.019
105, 16387, 127, 0, 0, 0.1, 12798, 123.058
106, 16387, 117, 1, 0, 0.1, 12915, 123
107, 16387, 117, 3, 0, 0.1, 13032, 122.943
108, 16389, 127, 2, 0, 0.1, 13159, 122.981
109, 16389, 117, 2, 0, 0.1, 13276, 122.926
110, 16389, 117, 3, 0, 0.1, 13393, 122.872
111, 25608, 127, 3, 0, 0.1, 13520, 122.909
112, 25608, 117, 3, 0, 0.1, 13637, 122.856
113, 25608, 117, 3, 0, 0.1, 13754, 122.804
114, 25608, 117, 2, 0, 0.1, 13871, 122.752
115, 29706, 127, 2, 0, 0.1, 13998, 122.789
116, 31746, 127, 1, 0, 0.1, 14125, 122.826
117, 31874, 117, 2, 1, 0.1, 14242, 122.776
118, 29706, 127, 3, 1, 0.1, 14369, 122.812
119, 29722, 117, 3, 0, 0.1, 14486, 122.763
120, 29706, 67, 3, 0, 0.1, 14553, 122.294
121, 29962, 117, 3, 0, 0.1, 14670, 122.25
122, 29962, 117, 1, 0, 0.1, 14787, 122.207
123, 29962, 117, 1, 0, 0.1, 14904, 122.164
124, 29962, 117, 1, 0, 0.1, 15021, 122.122
125, 29962, 117, 0, 0, 0.1, 15138, 122.081
126, 30472, 137, 0, 0, 0.1, 15275, 122.2
127, 29962, 127, 2, 0, 0.1, 15402, 122.238
128, 30472, 127, 0, 0, 0.1, 15529, 122.276
129, 29962, 127, 3, 0, 0.1, 15656, 122.312
130, 29962, 117, 0, 0, 0.1, 15773, 122.271
131, 32002, 137, 3, 0, 0.1, 15910, 122.385
132, 30725, 127, 3, 0, 0.1, 16037, 122.42
133, 31745, 137, 1, 1, 0.1, 16174, 122.53
134, 30725, 127, 3, 0, 0.1, 16301, 122.564
135, 31745, 127, 3, 0, 0.1, 16428, 122.597
136, 30725, 127, 3, 0, 0.1, 16555, 122.63
137, 30725, 137, 0, 0, 0.1, 16692, 122.735
138, 30725, 117, 3, 0, 0.1, 16809, 122.693
139, 30725, 127, 2, 0, 0.1, 16936, 122.725
140, 30725, 117, 0, 0, 0.1, 17053, 122.683
141, 30725, 117, 3, 0, 0.1, 17170, 122.643
142, 29705, 87, 3, 0, 0.1, 17257, 122.39
143, 29962, 117, 1, 0, 0.1, 17374, 122.352
144, 29962, 117, 3, 0, 0.1, 17491, 122.315
145, 29962, 117, 3, 0, 0.1, 17608, 122.278
146, 29962, 117, 2, 0, 0.1, 17725, 122.241
147, 30472, 137, 2, 1, 0.1, 17862, 122.342
148, 29962, 137, 3, 0, 0.1, 17999, 122.442
149, 29962, 117, 0, 0, 0.1, 18116, 122.405
150, 30472, 127, 3, 0, 0.1, 18243, 122.436
151, 30472, 117, 3, 0, 0.1, 18360, 122.4
152, 30472, 117, 1, 0, 0.1, 18477, 122.364
153, 29189, 127, 1, 0, 0.1, 18604, 122.395
154, 29954, 137, 1, 0, 0.1, 18741, 122.49
155, 29954, 117, 1, 0, 0.1, 18858, 122.455
156, 29954, 117, 3, 0, 0.1, 18975, 122.419
157, 28677, 127, 0, 0, 0.1, 19102, 122.449
158, 28677, 117, 3, 0, 0.1, 19219, 122.414
159, 29960, 127, 3, 0, 0.1, 19346, 122.443
160, 29960, 117, 0, 0, 0.1, 19463, 122.409
161, 29962, 127, 1, 0, 0.1, 19590, 122.438
162, 29962, 117, 0, 0, 0.1, 19707, 122.404
163, 30472, 127, 1, 0, 0.1, 19834, 122.432
164, 28677, 137, 3, 0, 0.1, 19971, 122.521
165, 29960, 127, 2, 0, 0.1, 20098, 122.549
166, 25866, 127, 3, 0, 0.1, 20225, 122.576
167, 25866, 117, 1, 0, 0.1, 20342, 122.542
168, 25866, 117, 1, 0, 0.1, 20459, 122.509
169, 25882, 117, 0, 0, 0.1, 20576, 122.476
170, 29976, 127, 1, 0, 0.1, 20703, 122.503
171, 28805, 127, 1, 0, 0.1, 20830, 122.529
172, 29826, 127, 3, 0, 0.1, 20957, 122.556
173, 28709, 77, 0, 0, 0.1, 21034, 122.291
174, 30472, 127, 3, 0, 0.1, 21161, 122.318
175, 30472, 117, 1, 0, 0.1, 21278, 122.287
176, 28677, 137, 3, 0, 0.1, 21415, 122.371
177, 29960, 127, 0, 0, 0.1, 21542, 122.398
178, 29962, 137, 3, 0, 0.1, 21679, 122.48
179, 29962, 117, 3, 0, 0.1, 21796, 122.449
180, 29962, 117, 1, 0, 0.1, 21913, 122.419
181, 29962, 117, 2, 0, 0.1, 22030, 122.389
182, 29960, 127, 2, 0, 0.1, 22157, 122.414
183, 29962, 127, 1, 0, 0.1, 22284, 122.44
184, 29962, 117, 1, 0, 0.1, 22401, 122.41
185, 29962, 117, 2, 0, 0.1, 22518, 122.38
186, 30472, 127, 0, 0, 0.1, 22645, 122.405
187, 29962, 127, 2, 0, 0.1, 22772, 122.43
188, 30472, 127, 1, 0, 0.1, 22899, 122.455
189, 28677, 137, 1, 0, 0.1, 23036, 122.532
190, 29954, 127, 3, 0, 0.1, 23163, 122.556
191, 28677, 127, 2, 0, 0.1, 23290, 122.579
192, 28677, 117, 1, 0, 0.1, 23407, 122.55
193, 29954, 127, 1, 0, 0.1, 23534, 122.573
194, 29954, 117, 0, 0, 0.1, 23651, 122.544
195, 29962, 127, 0, 0, 0.1, 23778, 122.567
196, 29954, 127, 0, 0, 0.1, 23905, 122.59
197, 29962, 137, 1, 0, 0.1, 24042, 122.663
198, 29962, 117, 2, 0, 0.1, 24159, 122.635
199, 25858, 127, 1, 1, 0.1, 24286, 122.657
200, 25858, 117, 1, 0, 0.1, 24403, 122.628
201, 25858, 117, 1, 0, 0.1, 24520, 122.6
202, 25858, 117, 2, 0, 0.1, 24637, 122.572
203, 25866, 127, 2, 0, 0.1, 24764, 122.594
204, 29954, 127, 1, 0, 0.1, 24891, 122.616
205, 29954, 117, 0, 0, 0.1, 25008, 122.588
206, 25866, 127, 0, 0, 0.1, 25135, 122.61
207, 25858, 127, 3, 0, 0.1, 25262, 122.631
208, 24581, 127, 2, 0, 0.1, 25389, 122.652
209, 24581, 117, 0, 0, 0.1, 25506, 122.625
210, 24581, 117, 0, 0, 0.1, 25623, 122.598
211, 24581, 117, 0, 0, 0.1, 25740, 122.571
212, 24581, 117, 3, 0, 0.1, 25857, 122.545
213, 29960, 127, 0, 0, 0.1, 25984, 122.566
214, 29962, 127, 1, 0, 0.1, 26111, 122.587
215, 29962, 117, 0, 1, 0.1, 26228, 122.561
216, 32002, 137, 1, 0, 0.1, 26365, 122.628
217, 32130, 117, 3, 0, 0.1, 26482, 122.602
218, 30725, 87, 3, 0, 0.1, 26569, 122.438
219, 29962, 117, 0, 1, 0.1, 26686, 122.413
220, 29960, 137, 3, 0, 0.1, 26823, 122.479
221, 29960, 117, 2, 0, 0.1, 26940, 122.455
222, 29962, 127, 0, 0, 0.1, 27067, 122.475
223, 29960, 127, 2, 0, 0.1, 27194, 122.495
224, 29962, 127, 2, 0, 0.1, 27321, 122.516
225, 29960, 127, 2, 0, 0.1, 27448, 122.536
226, 29962, 127, 1, 0, 0.1, 27575, 122.556
227, 29962, 117, 2, 1, 0.1, 27692, 122.531
228, 32002, 137, 3, 0, 0.1, 27829, 122.595
229, 30725, 127, 3, 0, 0.1, 27956, 122.614
230, 30980, 127, 2, 0, 0.1, 28083, 122.633
231, 31108, 117, 1, 0, 0.1, 28200, 122.609
232, 30853, 127, 1, 0, 0.1, 28327, 122.628
233, 32130, 127, 1, 0, 0.1, 28454, 122.647
234, 32130, 117, 2, 0, 0.1, 28571, 122.622
235, 29962, 127, 0, 0, 0.1, 28698, 122.641
236, 32130, 127, 3, 0, 0.1, 28825, 122.66
237, 30757, 77, 2, 0, 0.1, 28902, 122.466
238, 30472, 137, 3, 0, 0.1, 29039, 122.527
239, 30472, 117, 0, 0, 0.1, 29156, 122.504
240, 29962, 127, 2, 0, 0.1, 29283, 122.523
241, 30472, 127, 1, 0, 0.1, 29410, 122.542
242, 29189, 137, 3, 0, 0.1, 29547, 122.602
243, 30472, 127, 0, 0, 0.1, 29674, 122.62
244, 29962, 127, 2, 0, 0.1, 29801, 122.638
245, 30472, 127, 2, 0, 0.1, 29928, 122.656
246, 29962, 127, 2, 0, 0.1, 30055, 122.673
247, 32002, 137, 1, 0, 0.1, 30192, 122.732
248, 32002, 117, 1, 0, 0.1, 30309, 122.709
249, 32002, 117, 1, 0, 0.1, 30426, 122.685
250, 32002, 117, 1, 0, 0.1, 30543, 122.663
251, 32002, 117, 0, 0, 0.1, 30660, 122.64
252, 29962, 127, 1, 0, 0.1, 30787, 122.657
253, 29962, 117, 2, 0, 0.1, 30904, 122.635
254, 32002, 127, 3, 1, 0.1, 31031, 122.652
255, 30725, 137, 3, 0, 0.1, 31168, 122.709
256, 30980, 127, 2, 0, 0.1, 31295, 122.725
257, 30980, 117, 2, 0, 0.1, 31412, 122.703
258, 30980, 117, 1, 0, 0.1, 31529, 122.681
259, 30725, 127, 2, 0, 0.1, 31656, 122.698
260, 30725, 117, 3, 0, 0.1, 31773, 122.676
261, 30980, 127, 0, 0, 0.1, 31900, 122.692
262, 28938, 127, 2, 0, 0.1, 32027, 122.709
263, 30980, 127, 3, 0, 0.1, 32154, 122.725
264, 30853, 137, 3, 0, 0.1, 32291, 122.779
265, 30853, 137, 2, 1, 0.1, 32428, 122.833
266, 30725, 67, 3, 0, 0.1, 32495, 122.623
267, 29962, 117, 2, 0, 0.1, 32612, 122.602
268, 30472, 137, 3, 0, 0.1, 32749, 122.655
269, 30472, 117, 1, 0, 0.1, 32866, 122.634
270, 29189, 127, 3, 0, 0.1, 32993, 122.651
271, 30472, 127, 3, 0, 0.1, 33120, 122.667
272, 30472, 117, 3, 0, 0.1, 33237, 122.646
273, 30472, 117, 3, 0, 0.1, 33354, 122.625
274, 30472, 117, 3, 0, 0.1, 33471, 122.604
275, 30472, 117, 1, 0, 0.1, 33588, 122.584
276, 29189, 127, 1, 0, 0.1, 33715, 122.6
277, 29954, 137, 1, 0, 0.1, 33852, 122.652
278, 29954, 117, 0, 0, 0.1, 33969, 122.632
279, 29962, 137, 1, 0, 0.1, 34106, 122.683
280, 29962, 117, 3, 0, 0.1, 34223, 122.663
281, 29962, 117, 0, 0, 0.1, 34340, 122.643
282, 32002, 127, 3, 0, 0.1, 34467, 122.658
283, 30725, 137, 3, 0, 0.1, 34604, 122.709
284, 25864, 137, 3, 0, 0.1, 34741, 122.76
285, 25864, 117, 2, 0, 0.1, 34858, 122.739
286, 29962, 127, 2, 0, 0.1, 34985, 122.754
287, 29960, 127, 3, 0, 0.1, 35112, 122.769
288, 29960, 117, 2, 1, 0.1, 35229, 122.749
289, 29962, 137, 0, 0, 0.1, 35366, 122.799
290, 25864, 127, 2, 0, 0.1, 35493, 122.813
291, 29962, 127, 0, 0, 0.1, 35620, 122.828
292, 25864, 127, 3, 1, 0.1, 35747, 122.842
293, 25864, 117, 3, 0, 0.1, 35864, 122.822
294, 25864, 117, 3, 0, 0.1, 35981, 122.802
295, 25864, 117, 0, 0, 0.1, 36098, 122.782
296, 17674, 127, 2, 0, 0.1, 36225, 122.797
297, 25864, 127, 3, 0, 0.1, 36352, 122.811
298, 25864, 117, 0, 0, 0.1, 36469, 122.791
299, 17674, 127, 1, 1, 0.1, 36596, 122.805
300, 17674, 117, 0, 0, 0.1, 36713, 122.786
301, 25864, 127, 3, 0, 0.1, 36840, 122.8
302, 25864, 117, 1, 1, 0.1, 36957, 122.781
303, 24581, 127, 3, 0, 0.1, 37084, 122.795
304, 25880, 127, 2, 0, 0.1, 37211, 122.809
305, 17690, 127, 2, 0, 0.1, 37338, 122.822
306, 25880, 127, 1, 0, 0.1, 37465, 122.836
307, 28677, 127, 3, 0, 0.1, 37592, 122.85
308, 25864, 77, 1, 0, 0.1, 37669, 122.7
309, 29962, 117, 1, 0, 0.1, 37786, 122.682
310, 29962, 117, 1, 0, 0.1, 37903, 122.663
311, 29962, 117, 1, 0, 0.1, 38020, 122.645
312, 29962, 117, 1, 0, 0.1, 38137, 122.627
313, 29962, 117, 1, 0, 0.1, 38254, 122.609
314, 29962, 117, 3, 0, 0.1, 38371, 122.591
315, 29962, 117, 0, 0, 0.1, 38488, 122.573
316, 30472, 137, 3, 0, 0.1, 38625, 122.619
317, 30472, 117, 2, 0, 0.1, 38742, 122.601
318, 29962, 127, 0, 1, 0.1, 38869, 122.615
319, 30472, 127, 1, 0, 0.1, 38996, 122.629
320, 29189, 137, 1, 0, 0.1, 39133, 122.674
321, 29954, 137, 2, 1, 0.1, 39270, 122.719
322, 29962, 137, 3, 0, 0.1, 39407, 122.763
323, 29962, 117, 3, 0, 0.1, 39524, 122.745
324, 29962, 117, 2, 0, 0.1, 39641, 122.728
325, 32002, 127, 0, 0, 0.1, 39768, 122.741
326, 29962, 127, 2, 0, 0.1, 39895, 122.754
327, 32002, 127, 3, 0, 0.1, 40022, 122.767
328, 28677, 137, 2, 0, 0.1, 40159, 122.81
329, 28677, 117, 1, 0, 0.1, 40276, 122.793
330, 29954, 127, 1, 0, 0.1, 40403, 122.805
331, 29954, 117, 0, 0, 0.1, 40520, 122.788
332, 29962, 127, 3, 0, 0.1, 40647, 122.801
333, 29962, 117, 3, 0, 0.1, 40764, 122.783
334, 29962, 117, 3, 0, 0.1, 40881, 122.766
335, 29962, 117, 2, 0, 0.1, 40998, 122.749
336, 29954, 127, 0, 0, 0.1, 41125, 122.761
337, 29962, 127, 2, 1, 0.1, 41252, 122.774
338, 29954, 127, 3, 0, 0.1, 41379, 122.786
339, 28677, 127, 0, 0, 0.1, 41506, 122.799
340, 28677, 117, 3, 0, 0.1, 41623, 122.782
341, 29960, 127, 0, 0, 0.1, 41750, 122.794
342, 25866, 127, 3, 0, 0.1, 41877, 122.806
343, 25866, 117, 2, 0, 0.1, 41994, 122.789
344, 29960, 127, 1, 0, 0.1, 42121, 122.802
345, 28677, 127, 2, 0, 0.1, 42248, 122.814
346, 28677, 117, 2, 1, 0.1, 42365, 122.797
347, 28677, 117, 3, 0, 0.1, 42482, 122.78
348, 29960, 127, 2, 0, 0.1, 42609, 122.793
349, 29962, 127, 1, 0, 0.1, 42736, 122.805
350, 29962, 117, 2, 0, 0.1, 42853, 122.788
351, 32002, 137, 1, 0, 0.1, 42990, 122.829
352, 32002, 117, 2, 0, 0.1, 43107, 122.812
353, 29962, 127, 3, 0, 0.1, 43234, 122.824
354, 29962, 117, 3, 0, 0.1, 43351, 122.807
355, 29962, 117, 3, 0, 0.1, 43468, 122.791
356, 29962, 117, 1, 0, 0.1, 43585, 122.775
357, 29962, 117, 0, 0, 0.1, 43702, 122.758
358, 32002, 127, 1, 1, 0.1, 43829, 122.77
359, 32018, 117, 3, 0, 0.1, 43946, 122.754
360, 30725, 127, 2, 0, 0.1, 44073, 122.766
361, 30725, 117, 1, 0, 0.1, 44190, 122.75
362, 32002, 127, 1, 0, 0.1, 44317, 122.762
363, 32018, 117, 2, 1, 0.1, 44434, 122.746
364, 29978, 127, 0, 0, 0.1, 44561, 122.758
365, 32018, 127, 0, 1, 0.1, 44688, 122.769
366, 25882, 127, 1, 0, 0.1, 44815, 122.781
367, 25882, 117, 0, 0, 0.1, 44932, 122.765
368, 25880, 127, 0, 0, 0.1, 45059, 122.777
369, 25866, 127, 3, 0, 0.1, 45186, 122.788
370, 25866, 117, 0, 0, 0.1, 45303, 122.772
371, 29960, 127, 1, 1, 0.1, 45430, 122.784
372, 28677, 127, 3, 1, 0.1, 45557, 122.795
373, 29960, 127, 2, 0, 0.1, 45684, 122.806
374, 25866, 127, 3, 0, 0.1, 45811, 122.818
375, 25882, 117, 2, 0, 0.1, 45928, 122.802
376, 25880, 127, 0, 0, 0.1, 46055, 122.813
377, 25882, 127, 3, 0, 0.1, 46182, 122.824
378, 25866, 67, 3, 0, 0.1, 46249, 122.676
379, 29962, 117, 2, 0, 0.1, 46366, 122.661
380, 30472, 137, 1, 0, 0.1, 46503, 122.699
381, 24581, 137, 1, 0, 0.1, 46640, 122.737
382, 29954, 127, 1, 0, 0.1, 46767, 122.748
383, 29954, 117, 1, 0, 0.1, 46884, 122.733
384, 29954, 117, 2, 0, 0.1, 47001, 122.718
385, 29962, 127, 2, 0, 0.1, 47128, 122.729
386, 30472, 137, 0, 0, 0.1, 47265, 122.766
387, 29962, 127, 2, 0, 0.1, 47392, 122.777
388, 30472, 127, 0, 0, 0.1, 47519, 122.788
389, 29962, 127, 3, 0, 0.1, 47646, 122.799
390, 29962, 117, 1, 0, 0.1, 47763, 122.784
391, 29962, 117, 1, 1, 0.1, 47880, 122.769
392, 29962, 117, 2, 0, 0.1, 47997, 122.754
393, 30472, 127, 0, 0, 0.1, 48124, 122.765
394, 29962, 127, 3, 0, 0.1, 48251, 122.776
395, 29962, 117, 1, 0, 0.1, 48368, 122.761
396, 29962, 117, 3, 0, 0.1, 48485, 122.747
397, 29962, 117, 0, 1, 0.1, 48602, 122.732
398, 29954, 127, 2, 0, 0.1, 48729, 122.743
399, 29962, 127, 1, 0, 0.1, 48856, 122.754
400, 29962, 117, 0, 0, 0.1, 48973, 122.739
401, 29954, 127, 1, 0, 0.1, 49100, 122.75
402, 29954, 117, 0, 0, 0.1, 49217, 122.736
403, 29962, 127, 0, 0, 0.1, 49344, 122.746
404, 32002, 137, 3, 0, 0.1, 49481, 122.782
405, 28677, 137, 2, 0, 0.1, 49618, 122.817
406, 28677, 117, 1, 0, 0.1, 49735, 122.802
407, 29954, 127, 3, 0, 0.1, 49862, 122.813
408, 28677, 127, 3, 1, 0.1, 49989, 122.823
409, 29960, 127, 1, 0, 0.1, 50116, 122.833
410, 28677, 127, 2, 0, 0.1, 50243, 122.844
411, 28677, 117, 1, 1, 0.1, 50360, 122.829
412, 29954, 127, 0, 0, 0.1, 50487, 122.839
413, 29962, 137, 3, 0, 0.1, 50624, 122.874
414, 29962, 117, 1, 0, 0.1, 50741, 122.86
415, 29962, 117, 0, 0, 0.1, 50858, 122.845
416, 30472, 137, 3, 0, 0.1, 50995, 122.88
417, 30472, 117, 2, 0, 0.1, 51112, 122.865
418, 29962, 127, 2, 0, 0.1, 51239, 122.875
419, 25858, 127, 0, 0, 0.1, 51366, 122.885
420, 29962, 127, 3, 0, 0.1, 51493, 122.895
421, 29962, 117, 1, 0, 0.1, 51610, 122.881
422, 29962, 117, 3, 0, 0.1, 51727, 122.867
423, 29962, 117, 0, 0, 0.1, 51844, 122.853
424, 30472, 127, 3, 0, 0.1, 51971, 122.863
425, 30472, 117, 1, 0, 0.1, 52088, 122.849
426, 24581, 137, 3, 0, 0.1, 52225, 122.882
427, 29960, 127, 2, 0, 0.1, 52352, 122.892
428, 25866, 127, 0, 0, 0.1, 52479, 122.902
429, 29960, 127, 2, 0, 0.1, 52606, 122.911
430, 25866, 127, 3, 0, 0.1, 52733, 122.921
431, 25866, 117, 1, 0, 0.1, 52850, 122.907
432, 25866, 117, 2, 0, 0.1, 52967, 122.893
433, 25858, 127, 1, 0, 0.1, 53094, 122.903
434, 25986, 117, 0, 0, 0.1, 53211, 122.889
435, 25866, 127, 3, 0, 0.1, 53338, 122.899
436, 25930, 117, 3, 0, 0.1, 53455, 122.885
437, 25866, 67, 0, 0, 0.1, 53522, 122.757
438, 30472, 127, 2, 0, 0.1, 53649, 122.767
439, 29962, 127, 2, 0, 0.1, 53776, 122.776
440, 29960, 137, 1, 0, 0.1, 53913, 122.809
441, 28677, 127, 3, 0, 0.1, 54040, 122.818
442, 29960, 127, 3, 0, 0.1, 54167, 122.828
443, 29960, 117, 1, 0, 0.1, 54284, 122.814
444, 28677, 127, 2, 0, 0.1, 54411, 122.824
445, 28677, 117, 3, 0, 0.1, 54528, 122.811
446, 29960, 127, 3, 0, 0.1, 54655, 122.82
447, 29960, 117, 1, 0, 0.1, 54772, 122.807
448, 28677, 127, 3, 0, 0.1, 54899, 122.817
449, 29960, 127, 2, 0, 0.1, 55026, 122.826
450, 29962, 137, 3, 0, 0.1, 55163, 122.857
451, 29962, 117, 3, 0, 0.1, 55280, 122.844
452, 29962, 117, 2, 0, 0.1, 55397, 122.831
453, 32002, 137, 1, 0, 0.1, 55534, 122.863
454, 32002, 117, 2, 0, 0.1, 55651, 122.85
455, 29962, 127, 2, 0, 0.1, 55778, 122.859
456, 32512, 137, 3, 0, 0.1, 55915, 122.89
457, 31237, 137, 3, 0, 0.1, 56052, 122.921
458, 31237, 137, 3, 0, 0.1, 56189, 122.952
459, 31237, 127, 1, 0, 0.1, 56316, 122.961
460, 31237, 127, 3, 0, 0.1, 56443, 122.969
461, 31237, 127, 0, 0, 0.1, 56570, 122.978
462, 31237, 117, 0, 0, 0.1, 56687, 122.965
463, 31237, 117, 1, 0, 0.1, 56804, 122.952
464, 31237, 127, 0, 1, 0.1, 56931, 122.961
465, 31237, 117, 2, 0, 0.1, 57048, 122.948
466, 31237, 117, 0, 1, 0.1, 57165, 122.935
467, 31237, 117, 1, 1, 0.1, 57282, 122.923
468, 27141, 127, 2, 0, 0.1, 57409, 122.931
469, 27141, 117, 2, 1, 0.1, 57526, 122.919
470, 27141, 117, 1, 0, 0.1, 57643, 122.906
471, 32528, 127, 3, 0, 0.1, 57770, 122.915
472, 27173, 127, 1, 0, 0.1, 57897, 122.924
473, 32640, 77, 2, 0, 0.1, 57974, 122.826
474, 29448, 127, 3, 0, 0.1, 58101, 122.835
475, 29448, 117, 1, 0, 0.1, 58218, 122.823
476, 28677, 137, 2, 0, 0.1, 58355, 122.853
477, 28677, 117, 2, 0, 0.1, 58472, 122.84
478, 28677, 117, 3, 0, 0.1, 58589, 122.828
479, 24840, 127, 1, 0, 0.1, 58716, 122.837
480, 28677, 127, 0, 0, 0.1, 58843, 122.846
481, 28677, 117, 2, 0, 0.1, 58960, 122.833
482, 28677, 117, 3, 0, 0.1, 59077, 122.821
483, 24840, 127, 3, 0, 0.1, 59204, 122.83
484, 24840, 117, 0, 1, 0.1, 59321, 122.818
485, 28938, 127, 3, 0, 0.1, 59448, 122.826
486, 28938, 117, 1, 0, 0.1, 59565, 122.814
487, 28938, 117, 1, 0, 0.1, 59682, 122.802
488, 28938, 117, 3, 0, 0.1, 59799, 122.791
489, 28938, 117, 2, 0, 0.1, 59916, 122.779
490, 24840, 127, 2, 0, 0.1, 60043, 122.787
491, 28938, 127, 1, 0, 0.1, 60170, 122.796
492, 28938, 117, 2, 0, 0.1, 60287, 122.784
493, 30978, 127, 1, 0, 0.1, 60414, 122.793
494, 30978, 117, 2, 0, 0.1, 60531, 122.781
495, 28938, 127, 2, 0, 0.1, 60658, 122.789
496, 31488, 127, 3, 0, 0.1, 60785, 122.798
497, 31237, 137, 1, 0, 0.1, 60922, 122.827
498, 27392, 127, 2, 0, 0.1, 61049, 122.835
499, 24842, 127, 1, 0, 0.1, 61176, 122.843
500, 24842, 117, 1, 1, 0.1, 61293, 122.832
501, 24842, 117, 2, 0, 0.1, 61410, 122.82
502, 28938, 127, 0, 0, 0.1, 61537, 122.828
503, 24842, 127, 2, 0, 0.1, 61664, 122.837
504, 28938, 127, 2, 0, 0.1, 61791, 122.845
505, 29452, 127, 2, 0, 0.1, 61918, 122.853
506, 29452, 117, 3, 0, 0.1, 62035, 122.842
507, 29452, 117, 2, 0, 0.1, 62152, 122.83
508, 29452, 117, 2, 0, 0.1, 62269, 122.819
509, 29452, 117, 3, 0, 0.1, 62386, 122.807
510, 29452, 117, 3, 0, 0.1, 62503, 122.796
511, 29452, 117, 3, 0, 0.1, 62620, 122.784
512, 29452, 117, 3, 0, 0.1, 62737, 122.773
513, 29452, 117, 1, 0, 0.1, 62854, 122.762
514, 28677, 137, 2, 0, 0.1, 62991, 122.789
515, 28677, 117, 1, 0, 0.1, 63108, 122.778
516, 32774, 137, 2, 0, 0.1, 63245, 122.806
517, 32774, 117, 3, 0, 0.1, 63362, 122.795
518, 32773, 127, 3, 0, 0.1, 63489, 122.803
519, 33036, 127, 2, 0, 0.1, 63616, 122.811
520, 33036, 117, 2, 0, 0.1, 63733, 122.8
521, 33036, 117, 3, 0, 0.1, 63850, 122.788
522, 33036, 117, 3, 1, 0.1, 63967, 122.777
523, 33036, 117, 0, 0, 0.1, 64084, 122.766
524, 33034, 127, 3, 0, 0.1, 64211, 122.774
525, 33034, 117, 1, 0, 0.1, 64328, 122.763
526, 33034, 117, 3, 0, 0.1, 64445, 122.752
527, 33034, 117, 2, 0, 0.1, 64562, 122.741
528, 33036, 127, 3, 0, 0.1, 64689, 122.75
529, 33036, 117, 1, 1, 0.1, 64806, 122.739
530, 32773, 127, 3, 0, 0.1, 64933, 122.747
531, 33036, 127, 2, 1, 0.1, 65060, 122.755
532, 33036, 117, 3, 0, 0.1, 65177, 122.744
533, 33036, 117, 3, 0, 0.1, 65294, 122.733
534, 33036, 117, 3, 0, 0.1, 65411, 122.722
535, 33036, 117, 1, 0, 0.1, 65528, 122.712
536, 32773, 127, 2, 1, 0.1, 65655, 122.72
537, 32773, 117, 3, 0, 0.1, 65772, 122.709
538, 33036, 127, 3, 0, 0.1, 65899, 122.717
539, 33036, 117, 3, 0, 0.1, 66016, 122.706
540, 33036, 117, 2, 0, 0.1, 66133, 122.696
541, 33036, 117, 2, 0, 0.1, 66250, 122.685
542, 33036, 117, 1, 0, 0.1, 66367, 122.675
543, 32773, 127, 3, 1, 0.1, 66494, 122.683
544, 33036, 127, 3, 0, 0.1, 66621, 122.691
545, 33036, 117, 2, 0, 0.1, 66738, 122.68
546, 33036, 117, 0, 1, 0.1, 66855, 122.67
547, 33034, 127, 3, 0, 0.1, 66982, 122.678
548, 33034, 117, 1, 0, 0.1, 67099, 122.667
549, 33034, 117, 1, 0, 0.1, 67216, 122.657
550, 33034, 117, 3, 0, 0.1, 67333, 122.647
551, 33034, 117, 0, 1, 0.1, 67450, 122.636
552, 49418, 127, 1, 0, 0.1, 67577, 122.644
553, 49418, 117, 3, 0, 0.1, 67694, 122.634
554, 49418, 117, 0, 0, 0.1, 67811, 122.624
555, 60160, 127, 0, 0, 0.1, 67938, 122.632
556, 61706, 127, 2, 0, 0.1, 68065, 122.64
557, 60160, 127, 1, 0, 0.1, 68192, 122.647
558, 64005, 127, 2, 1, 0.1, 68319, 122.655
559, 64005, 117, 0, 0, 0.1, 68436, 122.645
560, 64005, 117, 3, 0, 0.1, 68553, 122.635
561, 60160, 127, 0, 0, 0.1, 68680, 122.643
562, 61706, 127, 3, 0, 0.1, 68807, 122.651
563, 61706, 117, 1, 0, 0.1, 68924, 122.641
564, 61706, 117, 2, 0, 0.1, 69041, 122.631
565, 60160, 127, 1, 0, 0.1, 69168, 122.638
566, 64005, 127, 3, 0, 0.1, 69295, 122.646
567, 60160, 127, 2, 0, 0.1, 69422, 122.654
568, 49418, 127, 2, 0, 0.1, 69549, 122.661
569, 33034, 127, 1, 0, 0.1, 69676, 122.669
570, 33034, 117, 1, 0, 0.1, 69793, 122.659
571, 33034, 117, 3, 1, 0.1, 69910, 122.649
572, 33034, 117, 3, 0, 0.1, 70027, 122.639
573, 33034, 117, 1, 0, 0.1, 70144, 122.629
574, 33034, 117, 1, 0, 0.1, 70261, 122.62
575, 33034, 117, 3, 0, 0.1, 70378, 122.61
576, 33034, 117, 1, 0, 0.1, 70495, 122.6
577, 33034, 117, 3, 0, 0.1, 70612, 122.59
578, 33034, 117, 2, 0, 0.1, 70729, 122.581
579, 33036, 127, 3, 0, 0.1, 70856, 122.588
580, 33036, 117, 3, 1, 0.1, 70973, 122.579
581, 33036, 117, 3, 0, 0.1, 71090, 122.569
582, 33036, 117, 0, 1, 0.1, 71207, 122.559
583, 33034, 127, 3, 0, 0.1, 71334, 122.567
584, 33034, 117, 2, 0, 0.1, 71451, 122.557
585, 33036, 127, 3, 0, 0.1, 71578, 122.565
586, 33036, 117, 1, 0, 0.1, 71695, 122.556
587, 32773, 127, 3, 0, 0.1, 71822, 122.563
588, 33036, 127, 0, 0, 0.1, 71949, 122.571
589, 33034, 127, 1, 0, 0.1, 72076, 122.578
590, 33034, 117, 2, 0, 0.1, 72193, 122.569
591, 33036, 127, 0, 0, 0.1, 72320, 122.576
592, 33034, 127, 2, 0, 0.1, 72447, 122.584
593, 33036, 127, 3, 0, 0.1, 72574, 122.591
594, 33036, 117, 1, 0, 0.1, 72691, 122.582
595, 32773, 127, 1, 0, 0.1, 72818, 122.589
596, 32774, 127, 3, 0, 0.1, 72945, 122.597
597, 32773, 127, 0, 0, 0.1, 73072, 122.604
598, 32773, 117, 3, 0, 0.1, 73189, 122.595
599, 33036, 127, 0, 1, 0.1, 73316, 122.602
600, 33034, 127, 1, 0, 0.1, 73443, 122.609
601, 33034, 117, 2, 0, 0.1, 73560, 122.6
602, 33036, 127, 1, 0, 0.1, 73687, 122.607
603, 32773, 127, 2, 0, 0.1, 73814, 122.615
604, 32773, 117, 1, 1, 0.1, 73931, 122.605
605, 32774, 127, 0, 0, 0.1, 74058, 122.613
606, 49161, 127, 0, 1, 0.1, 74185, 122.62
607, 49161, 117, 2, 1, 0.1, 74302, 122.611
608, 32774, 127, 1, 0, 0.1, 74429, 122.618
609, 32774, 117, 2, 0, 0.1, 74546, 122.609
610, 32774, 117, 0, 1, 0.1, 74663, 122.599
611, 49161, 127, 0, 0, 0.1, 74790, 122.607
612, 49161, 117, 2, 0, 0.1, 74907, 122.597
613, 32774, 127, 2, 0, 0.1, 75034, 122.605
614, 32774, 117, 1, 1, 0.1, 75151, 122.595
615, 32774, 117, 3, 0, 0.1, 75268, 122.586
616, 5, 127, 1, 0, 0.1, 75395, 122.593
617, 6, 127, 2, 1, 0.1, 75522, 122.601
618, 6, 117, 2, 0, 0.1, 75639, 122.592
619, 6, 117, 3, 0, 0.1, 75756, 122.583
620, 5, 127, 2, 0, 0.1, 75883, 122.59
621, 5, 117, 0, 0, 0.1, 76000, 122.581
622, 5, 117, 1, 0, 0.1, 76117, 122.572
623, 6, 127, 3, 0, 0.1, 76244, 122.579
624, 5, 127, 0, 0, 0.1, 76371, 122.586
625, 5, 117, 2, 0, 0.1, 76488, 122.577
626, 5, 117, 2, 0, 0.1, 76605, 122.568
627, 5, 117, 0, 0, 0.1, 76722, 122.559
628, 5, 117, 0, 0, 0.1, 76839, 122.55
629, 5, 117, 0, 0, 0.1, 76956, 122.541
630, 5, 117, 2, 0, 0.1, 77073, 122.533
631, 5, 117, 2, 0, 0.1, 77190, 122.524
632, 5, 117, 1, 0, 0.1, 77307, 122.515
633, 6, 127, 3, 0, 0.1, 77434, 122.522
634, 5, 127, 0, 0, 0.1, 77561, 122.529
635, 5, 117, 2, 0, 0.1, 77678, 122.521
636, 5, 117, 1, 0, 0.1, 77795, 122.512
637, 6, 127, 2, 0, 0.1, 77922, 122.519
638, 6, 117, 3, 0, 0.1, 78039, 122.51
639, 5, 127, 1, 0, 0.1, 78166, 122.517
640, 6, 127, 3, 1, 0.1, 78293, 122.524
641, 5, 127, 0, 0, 0.1, 78420, 122.531
642, 5, 117, 3, 0, 0.1, 78537, 122.523
643, 268, 127, 1, 0, 0.1, 78664, 122.53
644, 5, 127, 3, 0, 0.1, 78791, 122.537
645, 268, 127, 2, 0, 0.1, 78918, 122.543
646, 284, 117, 2, 0, 0.1, 79035, 122.535
647, 284, 117, 1, 0, 0.1, 79152, 122.526
648, 5, 127, 2, 0, 0.1, 79279, 122.533
649, 5, 117, 2, 0, 0.1, 79396, 122.525
650, 5, 117, 2, 0, 0.1, 79513, 122.516
651, 5, 117, 0, 0, 0.1, 79630, 122.508
652, 5, 117, 0, 0, 0.1, 79747, 122.499
653, 5, 117, 2, 0, 0.1, 79864, 122.491
654, 5, 117, 1, 0, 0.1, 79981, 122.482
655, 6, 127, 2, 0, 0.1, 80108, 122.489
656, 6, 117, 2, 0, 0.1, 80225, 122.481
657, 6, 117, 2, 0, 0.1, 80342, 122.473
658, 6, 117, 2, 0, 0.1, 80459, 122.464
659, 6, 117, 2, 0, 0.1, 80576, 122.456
660, 6, 117, 1, 0, 0.1, 80693, 122.448
661, 6, 117, 1, 1, 0.1, 80810, 122.439
662, 6, 117, 2, 0, 0.1, 80927, 122.431
663, 6, 117, 2, 0, 0.1, 81044, 122.423
664, 6, 117, 0, 0, 0.1, 81161, 122.415
665, 16393, 127, 1, 0, 0.1, 81288, 122.422
666, 24581, 127, 0, 0, 0.1, 81415, 122.429
667, 24581, 117, 0, 0, 0.1, 81532, 122.42
668, 24581, 117, 2, 0, 0.1, 81649, 122.412
669, 24581, 117, 3, 0, 0.1, 81766, 122.404
670, 16425, 127, 3, 1, 0.1, 81893, 122.411
671, 16425, 117, 1, 0, 0.1, 82010, 122.403
672, 24709, 77, 2, 0, 0.1, 82087, 122.335
673, 30472, 137, 2, 0, 0.1, 82224, 122.357
674, 29962, 137, 3, 0, 0.1, 82361, 122.379
675, 29962, 117, 1, 1, 0.1, 82478, 122.371
676, 29962, 117, 3, 0, 0.1, 82595, 122.363
677, 29962, 117, 3, 0, 0.1, 82712, 122.355
678, 29962, 117, 0, 0, 0.1, 82829, 122.347
679, 30472, 127, 3, 0, 0.1, 82956, 122.354
680, 30472, 117, 1, 0, 0.1, 83073, 122.346
681, 28677, 137, 1, 0, 0.1, 83210, 122.368
682, 29954, 127, 3, 0, 0.1, 83337, 122.374
683, 28677, 127, 0, 0, 0.1, 83464, 122.381
684, 28677, 117, 2, 0, 0.1, 83581, 122.373
685, 28677, 117, 3, 0, 0.1, 83698, 122.365
686, 29960, 127, 2, 0, 0.1, 83825, 122.372
687, 29962, 127, 0, 0, 0.1, 83952, 122.379
688, 29960, 127, 2, 0, 0.1, 84079, 122.386
689, 29962, 127, 3, 0, 0.1, 84206, 122.392
690, 29962, 117, 3, 0, 0.1, 84323, 122.385
691, 29962, 117, 2, 0, 0.1, 84440, 122.377
692, 32002, 137, 1, 0, 0.1, 84577, 122.398
693, 32002, 117, 0, 0, 0.1, 84694, 122.39
694, 29962, 127, 3, 0, 0.1, 84821, 122.397
695, 29962, 117, 0, 0, 0.1, 84938, 122.389
696, 25864, 127, 3, 0, 0.1, 85065, 122.396
697, 25864, 117, 1, 1, 0.1, 85182, 122.388
698, 28677, 127, 0, 0, 0.1, 85309, 122.395
699, 28677, 117, 1, 0, 0.1, 85426, 122.387
700, 29954, 127, 3, 0, 0.1, 85553, 122.393
701, 28677, 127, 3, 0, 0.1, 85680, 122.4
702, 25864, 127, 0, 0, 0.1, 85807, 122.407
703, 29962, 127, 0, 1, 0.1, 85934, 122.413
704, 30472, 127, 3, 0, 0.1, 86061, 122.42
705, 30472, 117, 3, 0, 0.1, 86178, 122.412
706, 30472, 117, 2, 0, 0.1, 86295, 122.404
707, 29962, 127, 3, 0, 0.1, 86422, 122.411
708, 29962, 117, 1, 0, 0.1, 86539, 122.403
709, 29962, 117, 2, 0, 0.1, 86656, 122.395
710, 25864, 127, 1, 1, 0.1, 86783, 122.402
711, 28677, 127, 3, 0, 0.1, 86910, 122.408
712, 25864, 127, 3, 0, 0.1, 87037, 122.415
713, 25864, 117, 2, 0, 0.1, 87154, 122.407
714, 29962, 127, 3, 0, 0.1, 87281, 122.414
715, 29962, 117, 1, 0, 0.1, 87398, 122.406
716, 29962, 117, 3, 0, 0.1, 87515, 122.399
717, 29962, 117, 3, 0, 0.1, 87632, 122.391
718, 29962, 117, 2, 0, 0.1, 87749, 122.384
719, 32130, 127, 2, 1, 0.1, 87876, 122.39
720, 29962, 137, 1, 0, 0.1, 88013, 122.41
721, 29962, 117, 2, 0, 0.1, 88130, 122.403
722, 32512, 137, 0, 0, 0.1, 88267, 122.423
723, 29962, 127, 1, 0, 0.1, 88394, 122.429
724, 29962, 117, 1, 0, 0.1, 88511, 122.422
725, 29962, 117, 2, 0, 0.1, 88628, 122.414
726, 32528, 127, 1, 0, 0.1, 88755, 122.421
727, 31237, 137, 3, 0, 0.1, 88892, 122.441
728, 32512, 77, 3, 0, 0.1, 88969, 122.378
729, 29962, 117, 0, 0, 0.1, 89086, 122.371
730, 29960, 127, 2, 0, 0.1, 89213, 122.377
731, 29962, 127, 3, 0, 0.1, 89340, 122.384
732, 29962, 117, 0, 0, 0.1, 89457, 122.376
733, 29960, 127, 3, 0, 0.1, 89584, 122.383
734, 29960, 117, 1, 0, 0.1, 89701, 122.375
735, 28677, 127, 3, 0, 0.1, 89828, 122.381
736, 29960, 127, 1, 1, 0.1, 89955, 122.388
737, 28677, 127, 3, 0, 0.1, 90082, 122.394
738, 29960, 127, 2, 0, 0.1, 90209, 122.4
739, 29962, 127, 0, 0, 0.1, 90336, 122.407
740, 29960, 127, 2, 0, 0.1, 90463, 122.413
741, 29962, 127, 2, 0, 0.1, 90590, 122.419
742, 30472, 127, 0, 0, 0.1, 90717, 122.425
743, 29962, 127, 1, 0, 0.1, 90844, 122.431
744, 29962, 117, 1, 1, 0.1, 90961, 122.424
745, 29962, 117, 3, 0, 0.1, 91078, 122.417
746, 29962, 117, 1, 0, 0.1, 91195, 122.409
747, 29962, 117, 0, 0, 0.1, 91312, 122.402
748, 29960, 127, 3, 0, 0.1, 91439, 122.408
749, 29960, 117, 2, 0, 0.1, 91556, 122.401
750, 29962, 127, 2, 0, 0.1, 91683, 122.407
751, 30472, 127, 2, 0, 0.1, 91810, 122.413
752, 29962, 127, 1, 0, 0.1, 91937, 122.419
753, 29962, 117, 3, 0, 0.1, 92054, 122.412
754, 29962, 117, 0, 1, 0.1, 92171, 122.405
755, 30472, 127, 1, 0, 0.1, 92298, 122.411
756, 29189, 137, 1, 0, 0.1, 92435, 122.43
757, 29954, 137, 2, 0, 0.1, 92572, 122.45
758, 29962, 137, 1, 0, 0.1, 92709, 122.469
759, 29962, 117, 0, 0, 0.1, 92826, 122.462
760, 29954, 127, 3, 0, 0.1, 92953, 122.468
761, 24581, 127, 3, 0, 0.1, 93080, 122.474
762, 29960, 127, 1, 0, 0.1, 93207, 122.48
763, 24581, 127, 3, 0, 0.1, 93334, 122.486
764, 29960, 127, 0, 0, 0.1, 93461, 122.491
765, 29962, 127, 0, 0, 0.1, 93588, 122.497
766, 29960, 127, 3, 0, 0.1, 93715, 122.503
767, 29960, 117, 2, 0, 0.1, 93832, 122.496
768, 29962, 127, 1, 0, 0.1, 93959, 122.502
769, 29962, 117, 2, 0, 0.1, 94076, 122.495
770, 29960, 127, 3, 0, 0.1, 94203, 122.501
771, 29960, 117, 1, 0, 0.1, 94320, 122.494
772, 24581, 127, 0, 0, 0.1, 94447, 122.499
773, 24581, 117, 0, 0, 0.1, 94564, 122.492
774, 24581, 117, 3, 0, 0.1, 94681, 122.485
775, 29960, 127, 1, 0, 0.1, 94808, 122.491
776, 24581, 127, 0, 0, 0.1, 94935, 122.497
777, 24581, 117, 1, 0, 0.1, 95052, 122.49
778, 29954, 127, 0, 0, 0.1, 95179, 122.495
779, 29962, 127, 2, 0, 0.1, 95306, 122.501
780, 29954, 127, 0, 0, 0.1, 95433, 122.507
781, 29962, 127, 2, 0, 0.1, 95560, 122.513
782, 29954, 127, 1, 0, 0.1, 95687, 122.519
783, 29954, 117, 0, 0, 0.1, 95804, 122.512
784, 29962, 127, 2, 0, 0.1, 95931, 122.517
785, 29954, 127, 1, 0, 0.1, 96058, 122.523
786, 29954, 117, 2, 0, 0.1, 96175, 122.516
787, 29962, 127, 2, 0, 0.1, 96302, 122.522
788, 30472, 137, 1, 0, 0.1, 96439, 122.54
789, 29189, 127, 1, 0, 0.1, 96566, 122.546
790, 28934, 137, 3, 0, 0.1, 96703, 122.564
791, 28677, 127, 3, 0, 0.1, 96830, 122.57
792, 29960, 127, 3, 0, 0.1, 96957, 122.575
793, 29960, 117, 2, 0, 0.1, 97074, 122.568
794, 29962, 127, 2, 0, 0.1, 97201, 122.574
795, 31492, 137, 0, 0, 0.1, 97338, 122.592
796, 28938, 127, 3, 0, 0.1, 97465, 122.597
797, 28938, 117, 0, 0, 0.1, 97582, 122.59
798, 24840, 127, 0, 0, 0.1, 97709, 122.596
799, 16650, 127, 2, 1, 0.1, 97836, 122.602
800, 24840, 127, 1, 0, 0.1, 97963, 122.607
801, 28677, 127, 3, 0, 0.1, 98090, 122.612
802, 24840, 127, 3, 0, 0.1, 98217, 122.618
803, 24840, 117, 0, 0, 0.1, 98334, 122.611
804, 16650, 127, 2, 1, 0.1, 98461, 122.616
805, 24840, 127, 0, 0, 0.1, 98588, 122.622
806, 16650, 127, 3, 0, 0.1, 98715, 122.627
807, 16650, 117, 0, 0, 0.1, 98832, 122.62
808, 24834, 127, 3, 1, 0.1, 98959, 122.626
809, 24581, 127, 2, 0, 0.1, 99086, 122.631
810, 24581, 117, 3, 0, 0.1, 99203, 122.624
811, 29960, 127, 0, 0, 0.1, 99330, 122.63
812, 29962, 127, 0, 0, 0.1, 99457, 122.635
813, 29976, 127, 0, 0, 0.1, 99584, 122.64
814, 29706, 87, 3, 0, 0.1, 99671, 122.597
815, 29962, 117, 0, 0, 0.1, 99788, 122.59
816, 29960, 127, 0, 0, 0.1, 99915, 122.595
817, 29962, 127, 0, 0, 0.1, 100042, 122.6
818, 27906, 137, 0, 1, 0.1, 100179, 122.618
819, 25866, 127, 1, 0, 0.1, 100306, 122.623
820, 25866, 117, 2, 0, 0.1, 100423, 122.617
821, 27906, 127, 3, 0, 0.1, 100550, 122.622
822, 30725, 127, 2, 1, 0.1, 100677, 122.627
823, 30853, 117, 2, 0, 0.1, 100794, 122.62
824, 30853, 117, 1, 0, 0.1, 100911, 122.614
825, 28034, 127, 3, 0, 0.1, 101038, 122.619
826, 30853, 127, 2, 0, 0.1, 101165, 122.624
827, 30853, 117, 0, 0, 0.1, 101282, 122.617
828, 30725, 67, 0, 0, 0.1, 101349, 122.55
829, 30472, 137, 1, 0, 0.1, 101486, 122.568
830, 29189, 127, 1, 0, 0.1, 101613, 122.573
831, 29954, 137, 0, 0, 0.1, 101750, 122.59
832, 29962, 137, 1, 0, 0.1, 101887, 122.608
833, 29962, 117, 3, 0, 0.1, 102004, 122.601
834, 29962, 117, 1, 0, 0.1, 102121, 122.594
835, 29962, 117, 3, 0, 0.1, 102238, 122.588
836, 29962, 117, 2, 1, 0.1, 102355, 122.581
837, 29954, 127, 3, 0, 0.1, 102482, 122.586
838, 28677, 127, 1, 1, 0.1, 102609, 122.591
839, 29954, 127, 0, 0, 0.1, 102736, 122.597
840, 29962, 127, 0, 0, 0.1, 102863, 122.602
841, 29960, 137, 2, 0, 0.1, 103000, 122.619
842, 29962, 127, 3, 0, 0.1, 103127, 122.624
843, 29962, 117, 2, 0, 0.1, 103244, 122.618
844, 29954, 127, 2, 0, 0.1, 103371, 122.623
845, 29962, 137, 3, 0, 0.1, 103508, 122.64
846, 29962, 117, 2, 1, 0.1, 103625, 122.633
847, 32002, 137, 2, 0, 0.1, 103762, 122.65
848, 29962, 137, 2, 0, 0.1, 103899, 122.667
849, 30472, 137, 3, 0, 0.1, 104036, 122.684
850, 30472, 117, 0, 0, 0.1, 104153, 122.677
851, 29962, 127, 1, 0, 0.1, 104280, 122.682
852, 29962, 117, 1, 0, 0.1, 104397, 122.676
853, 29962, 117, 2, 0, 0.1, 104514, 122.669
854, 30472, 127, 1, 0, 0.1, 104641, 122.674
855, 28677, 137, 0, 0, 0.1, 104778, 122.691
856, 28677, 117, 3, 0, 0.1, 104895, 122.684
857, 29960, 127, 1, 0, 0.1, 105022, 122.689
858, 28677, 127, 2, 1, 0.1, 105149, 122.694
859, 28677, 117, 1, 1, 0.1, 105266, 122.688
860, 28934, 127, 3, 0, 0.1, 105393, 122.693
861, 28677, 127, 2, 0, 0.1, 105520, 122.698
862, 28677, 117, 3, 1, 0.1, 105637, 122.691
863, 29960, 127, 1, 0, 0.1, 105764, 122.696
864, 28677, 127, 3, 0, 0.1, 105891, 122.701
865, 29960, 127, 1, 0, 0.1, 106018, 122.706
866, 28677, 127, 0, 1, 0.1, 106145, 122.711
867, 28677, 117, 1, 0, 0.1, 106262, 122.704
868, 28934, 127, 2, 1, 0.1, 106389, 122.709
869, 28934, 117, 3, 0, 0.1, 106506, 122.703
870, 28677, 127, 3, 0, 0.1, 106633, 122.708
871, 29960, 127, 1, 0, 0.1, 106760, 122.713
872, 28677, 127, 3, 0, 0.1, 106887, 122.718
873, 29960, 127, 1, 0, 0.1, 107014, 122.722
874, 28677, 127, 3, 0, 0.1, 107141, 122.727
875, 29960, 127, 1, 0, 0.1, 107268, 122.732
876, 28677, 127, 2, 0, 0.1, 107395, 122.737
877, 28677, 117, 0, 0, 0.1, 107512, 122.731
878, 28677, 117, 3, 0, 0.1, 107629, 122.724
879, 29960, 127, 2, 0, 0.1, 107756, 122.729
880, 29962, 127, 0, 1, 0.1, 107883, 122.734
881, 29960, 127, 3, 0, 0.1, 108010, 122.739
882, 29960, 117, 0, 0, 0.1, 108127, 122.732
883, 29962, 127, 3, 0, 0.1, 108254, 122.737
884, 29962, 117, 2, 1, 0.1, 108371, 122.73
885, 29960, 127, 1, 0, 0.1, 108498, 122.735
886, 28677, 127, 1, 1, 0.1, 108625, 122.74
887, 28934, 127, 3, 0, 0.1, 108752, 122.745
888, 28677, 127, 2, 1, 0.1, 108879, 122.75
889, 28677, 117, 3, 0, 0.1, 108996, 122.743
890, 29960, 127, 2, 0, 0.1, 109123, 122.748
891, 29962, 127, 2, 0, 0.1, 109250, 122.753
892, 30980, 137, 2, 0, 0.1, 109387, 122.769
893, 30980, 117, 0, 0, 0.1, 109504, 122.762
894, 28938, 127, 1, 0, 0.1, 109631, 122.767
895, 28938, 117, 1, 0, 0.1, 109748, 122.761
896, 28938, 117, 1, 0, 0.1, 109865, 122.754
897, 28938, 117, 3, 0, 0.1, 109982, 122.748
898, 28938, 117, 1, 0, 0.1, 110099, 122.741
899, 28938, 117, 3, 0, 0.1, 110216, 122.735
900, 28938, 117, 1, 0, 0.1, 110333, 122.729
901, 28938, 117, 1, 0, 0.1, 110450, 122.722
902, 28938, 117, 3, 0, 0.1, 110567, 122.716
903, 28938, 117, 1, 0, 0.1, 110684, 122.71
904, 28938, 117, 0, 0, 0.1, 110801, 122.703
905, 24840, 127, 3, 0, 0.1, 110928, 122.708
906, 24840, 117, 3, 0, 0.1, 111045, 122.702
907, 24840, 117, 3, 0, 0.1, 111162, 122.695
908, 24840, 117, 3, 0, 0.1, 111279, 122.689
909, 24840, 117, 0, 0, 0.1, 111396, 122.683
910, 28938, 127, 2, 0, 0.1, 111523, 122.688
911, 24840, 127, 3, 1, 0.1, 111650, 122.692
912, 24840, 117, 2, 0, 0.1, 111767, 122.686
913, 28938, 127, 3, 0, 0.1, 111894, 122.691
914, 28938, 117, 0, 0, 0.1, 112011, 122.685
915, 24840, 127, 2, 0, 0.1, 112138, 122.689
916, 28938, 127, 3, 0, 0.1, 112265, 122.694
917, 28938, 117, 3, 0, 0.1, 112382, 122.688
918, 28938, 117, 0, 0, 0.1, 112499, 122.682
919, 24840, 127, 0, 0, 0.1, 112626, 122.686
920, 28938, 127, 2, 0, 0.1, 112753, 122.691
921, 24840, 127, 1, 0, 0.1, 112880, 122.696
922, 28677, 127, 3, 0, 0.1, 113007, 122.7
923, 24840, 127, 0, 0, 0.1, 113134, 122.705
924, 28938, 127, 1, 0, 0.1, 113261, 122.71
925, 28938, 117, 1, 1, 0.1, 113378, 122.703
926, 28938, 117, 3, 0, 0.1, 113495, 122.697
927, 28938, 117, 1, 0, 0.1, 113612, 122.691
928, 28938, 117, 1, 0, 0.1, 113729, 122.685
929, 28938, 117, 3, 0, 0.1, 113846, 122.679
930, 28938, 117, 3, 0, 0.1, 113963, 122.673
931, 28938, 117, 1, 0, 0.1, 114080, 122.667
932, 28938, 117, 3, 0, 0.1, 114197, 122.661
933, 28938, 117, 3, 0, 0.1, 114314, 122.655
934, 28938, 117, 3, 0, 0.1, 114431, 122.648
935, 28938, 117, 2, 0, 0.1, 114548, 122.642
936, 24840, 127, 1, 0, 0.1, 114675, 122.647
937, 28677, 127, 1, 1, 0.1, 114802, 122.652
938, 28934, 127, 3, 0, 0.1, 114929, 122.656
939, 28677, 127, 2, 0, 0.1, 115056, 122.661
940, 28677, 117, 3, 0, 0.1, 115173, 122.655
941, 24840, 127, 2, 0, 0.1, 115300, 122.66
942, 28938, 127, 2, 0, 0.1, 115427, 122.664
943, 30980, 127, 3, 0, 0.1, 115554, 122.669
944, 30725, 137, 2, 0, 0.1, 115691, 122.684
945, 30725, 117, 3, 0, 0.1, 115808, 122.678
946, 32000, 127, 3, 0, 0.1, 115935, 122.683
947, 30725, 137, 3, 0, 0.1, 116072, 122.698
948, 26629, 127, 2, 0, 0.1, 116199, 122.702
949, 26629, 117, 0, 0, 0.1, 116316, 122.696
950, 26629, 117, 2, 0, 0.1, 116433, 122.69
951, 26629, 117, 0, 0, 0.1, 116550, 122.684
952, 26629, 117, 3, 0, 0.1, 116667, 122.678
953, 30725, 127, 3, 0, 0.1, 116794, 122.683
954, 31745, 127, 3, 0, 0.1, 116921, 122.687
955, 30725, 127, 3, 0, 0.1, 117048, 122.692
956, 30725, 127, 3, 0, 0.1, 117175, 122.696
957, 30725, 137, 1, 1, 0.1, 117312, 122.711
958, 26629, 127, 0, 0, 0.1, 117439, 122.716
959, 26629, 117, 1, 0, 0.1, 117556, 122.71
960, 30725, 127, 1, 0, 0.1, 117683, 122.714
961, 31745, 127, 2, 0, 0.1, 117810, 122.719
962, 29706, 137, 3, 0, 0.1, 117947, 122.734
963, 29706, 117, 0, 0, 0.1, 118064, 122.728
964, 27649, 127, 0, 0, 0.1, 118191, 122.732
965, 27649, 117, 2, 0, 0.1, 118308, 122.726
966, 29706, 127, 3, 0, 0.1, 118435, 122.731
967, 29706, 117, 1, 0, 0.1, 118552, 122.725
968, 29706, 117, 2, 0, 0.1, 118669, 122.719
969, 29706, 127, 3, 0, 0.1, 118796, 122.723
970, 29706, 117, 3, 0, 0.1, 118913, 122.717
971, 29706, 117, 1, 0, 0.1, 119030, 122.711
972, 29706, 117, 2, 0, 0.1, 119147, 122.705
973, 25610, 137, 0, 0, 0.1, 119284, 122.72
974, 17418, 127, 3, 0, 0.1, 119411, 122.725
975, 17418, 117, 0, 0, 0.1, 119528, 122.719
976, 1034, 127, 0, 0, 0.1, 119655, 122.723
977, 3073, 127, 1, 0, 0.1, 119782, 122.727
978, 18437, 127, 2, 0, 0.1, 119909, 122.732
979, 18437, 117, 1, 0, 0.1, 120026, 122.726
980, 26629, 127, 1, 0, 0.1, 120153, 122.73
981, 30725, 127, 1, 0, 0.1, 120280, 122.735
982, 32000, 127, 0, 0, 0.1, 120407, 122.739
983, 29962, 127, 1, 0, 0.1, 120534, 122.743
984, 29978, 117, 2, 0, 0.1, 120651, 122.738
985, 32016, 127, 3, 0, 0.1, 120778, 122.742
986, 30757, 127, 2, 0, 0.1, 120905, 122.746
987, 30725, 67, 3, 1, 0.1, 120972, 122.69
988, 29962, 117, 0, 0, 0.1, 121089, 122.684
989, 30472, 137, 3, 0, 0.1, 121226, 122.698
990, 30472, 117, 1, 0, 0.1, 121343, 122.693
991, 28677, 137, 1, 0, 0.1, 121480, 122.707
992, 29954, 127, 3, 0, 0.1, 121607, 122.711
993, 28677, 127, 2, 0, 0.1, 121734, 122.716
994, 28677, 117, 1, 0, 0.1, 121851, 122.71
995, 29954, 127, 0, 0, 0.1, 121978, 122.714
996, 29962, 127, 3, 0, 0.1, 122105, 122.719
997, 29962, 117, 0, 0, 0.1, 122222, 122.713
998, 30472, 137, 2, 0, 0.1, 122359, 122.727
999, 29962, 127, 0, 0, 0.1, 122486, 122.731
1000, 30472, 127, 1, 0, 0.1, 122613, 122.736
1001, 29189, 127, 0, 0, 0.1, 122740, 122.74
1002, 29189, 117, 3, 1, 0.1, 122857, 122.734
1003, 30472, 127, 0, 0, 0.1, 122984, 122.739
1004, 29962, 137, 1, 0, 0.1, 123121, 122.753
1005, 29962, 117, 1, 0, 0.1, 123238, 122.747
1006, 29962, 117, 3, 0, 0.1, 123355, 122.741
1007, 29962, 117, 3, 0, 0.1, 123472, 122.736
1008, 29962, 117, 0, 0, 0.1, 123589, 122.73
1009, 32257, 137, 0, 0, 0.1, 123726, 122.744
1010, 32257, 117, 1, 0, 0.1, 123843, 122.738
1011, 31237, 137, 3, 0, 0.1, 123980, 122.752
1012, 32257, 127, 3, 0, 0.1, 124107, 122.757
1013, 31237, 127, 2, 0, 0.1, 124234, 122.761
1014, 31237, 117, 1, 0, 0.1, 124351, 122.755
1015, 32257, 127, 3, 0, 0.1, 124478, 122.759
1016, 31237, 127, 1, 0, 0.1, 124605, 122.764
1017, 32257, 127, 0, 0, 0.1, 124732, 122.768
1018, 32257, 117, 0, 0, 0.1, 124849, 122.762
1019, 32257, 117, 2, 0, 0.1, 124966, 122.756
1020, 25610, 127, 1, 0, 0.1, 125093, 122.761
1021, 25610, 117, 3, 0, 0.1, 125210, 122.755
1022, 25610, 117, 0, 0, 0.1, 125327, 122.749
1023, 32257, 127, 3, 1, 0.1, 125454, 122.753
1024, 31237, 127, 3, 0, 0.1, 125581, 122.758
1025, 32320, 137, 2, 0, 0.1, 125718, 122.771
1026, 29722, 87, 3, 0, 0.1, 125805, 122.737
1027, 29962, 117, 0, 1, 0.1, 125922, 122.731
1028, 30472, 127, 2, 0, 0.1, 126049, 122.735
1029, 29962, 127, 0, 0, 0.1, 126176, 122.739
1030, 30472, 127, 2, 0, 0.1, 126303, 122.743
1031, 29962, 127, 2, 0, 0.1, 126430, 122.748
1032, 30472, 137, 3, 0, 0.1, 126567, 122.761
1033, 30472, 117, 2, 0, 0.1, 126684, 122.756
1034, 29962, 137, 2, 1, 0.1, 126821, 122.77
1035, 32002, 137, 1, 0, 0.1, 126958, 122.783
1036, 32002, 117, 3, 0, 0.1, 127075, 122.778
1037, 30725, 127, 0, 0, 0.1, 127202, 122.782
1038, 30725, 117, 1, 0, 0.1, 127319, 122.776
1039, 32002, 127, 3, 0, 0.1, 127446, 122.78
1040, 30725, 127, 0, 0, 0.1, 127573, 122.784
1041, 30853, 117, 0, 0, 0.1, 127690, 122.779
1042, 30853, 117, 2, 0, 0.1, 127807, 122.773
1043, 30853, 117, 0, 0, 0.1, 127924, 122.768
1044, 30853, 117, 2, 0, 0.1, 128041, 122.762
1045, 30853, 117, 2, 0, 0.1, 128158, 122.757
1046, 30725, 67, 3, 0, 0.1, 128225, 122.703
1047, 29962, 117, 1, 0, 0.1, 128342, 122.698
1048, 29962, 117, 1, 0, 0.1, 128459, 122.692
1049, 29962, 117, 2, 0, 0.1, 128576, 122.687
1050, 30472, 137, 2, 0, 0.1, 128713, 122.701
1051, 29962, 127, 0, 0, 0.1, 128840, 122.705
1052, 30472, 127, 1, 0, 0.1, 128967, 122.709
1053, 29189, 137, 1, 0, 0.1, 129104, 122.722
1054, 29954, 137, 2, 1, 0.1, 129241, 122.736
1055, 29962, 127, 0, 0, 0.1, 129368, 122.74
1056, 29954, 127, 2, 0, 0.1, 129495, 122.744
1057, 29962, 127, 1, 0, 0.1, 129622, 122.748
1058, 29962, 117, 2, 0, 0.1, 129739, 122.743
1059, 29960, 127, 1, 0, 0.1, 129866, 122.747
1060, 24581, 127, 3, 0, 0.1, 129993, 122.751
1061, 29960, 127, 3, 0, 0.1, 130120, 122.755
1062, 29960, 117, 1, 0, 0.1, 130237, 122.749
1063, 24581, 127, 1, 0, 0.1, 130364, 122.753
1064, 16390, 127, 2, 0, 0.1, 130491, 122.757
1065, 16390, 117, 0, 0, 0.1, 130608, 122.752
1066, 24586, 127, 3, 0, 0.1, 130735, 122.756
1067, 24586, 117, 1, 0, 0.1, 130852, 122.75
1068, 24586, 117, 3, 0, 0.1, 130969, 122.745
1069, 24586, 117, 1, 0, 0.1, 131086, 122.74
1070, 24586, 117, 0, 0, 0.1, 131203, 122.734
1071, 29193, 127, 3, 0, 0.1, 131330, 122.738
1072, 29193, 117, 3, 1, 0.1, 131447, 122.733
1073, 29193, 117, 2, 0, 0.1, 131564, 122.728
1074, 24586, 127, 3, 0, 0.1, 131691, 122.732
1075, 24586, 117, 0, 0, 0.1, 131808, 122.726
1076, 29193, 127, 0, 0, 0.1, 131935, 122.73
1077, 29193, 117, 0, 0, 0.1, 132052, 122.725
1078, 29193, 117, 0, 0, 0.1, 132169, 122.72
1079, 29193, 117, 2, 0, 0.1, 132286, 122.714
1080, 24586, 127, 1, 0, 0.1, 132413, 122.718
1081, 24586, 117, 0, 0, 0.1, 132530, 122.713
1082, 29193, 127, 2, 0, 0.1, 132657, 122.717
1083, 24586, 127, 0, 1, 0.1, 132784, 122.721
1084, 29193, 127, 1, 0, 0.1, 132911, 122.725
1085, 29189, 127, 0, 1, 0.1, 133038, 122.729
1086, 29189, 117, 3, 0, 0.1, 133155, 122.724
1087, 29193, 127, 3, 0, 0.1, 133282, 122.727
1088, 29193, 117, 1, 0, 0.1, 133399, 122.722
1089, 29189, 127, 2, 0, 0.1, 133526, 122.726
1090, 29189, 117, 0, 0, 0.1, 133643, 122.721
1091, 29189, 117, 1, 0, 0.1, 133760, 122.716
1092, 29954, 137, 2, 0, 0.1, 133897, 122.729
1093, 29962, 127, 0, 0, 0.1, 134024, 122.733
1094, 29954, 127, 3, 0, 0.1, 134151, 122.737
1095, 28677, 127, 3, 0, 0.1, 134278, 122.74
1096, 24585, 127, 2, 0, 0.1, 134405, 122.744
1097, 16394, 127, 3, 0, 0.1, 134532, 122.748
1098, 16394, 117, 3, 0, 0.1, 134649, 122.743
1099, 16394, 117, 3, 0, 0.1, 134766, 122.738
1100, 16394, 117, 1, 0, 0.1, 134883, 122.732
1101, 16394, 117, 0, 0, 0.1, 135000, 122.727
1102, 24585, 127, 0, 0, 0.1, 135127, 122.731
1103, 24585, 117, 3, 0, 0.1, 135244, 122.726
1104, 24585, 117, 3, 0, 0.1, 135361, 122.721
1105, 24585, 117, 2, 0, 0.1, 135478, 122.716
1106, 16394, 127, 3, 0, 0.1, 135605, 122.719
1107, 16394, 117, 3, 0, 0.1, 135722, 122.714
1108, 16394, 117, 0, 1, 0.1, 135839, 122.709
1109, 24585, 127, 1, 0, 0.1, 135966, 122.713
1110, 28677, 127, 3, 0, 0.1, 136093, 122.717
1111, 24585, 127, 2, 0, 0.1, 136220, 122.721
1112, 16394, 127, 1, 1, 0.1, 136347, 122.725
1113, 16394, 117, 3, 0, 0.1, 136464, 122.719
1114, 16394, 117, 1, 0, 0.1, 136581, 122.714
1115, 16394, 117, 1, 0, 0.1, 136698, 122.709
1116, 16394, 117, 3, 0, 0.1, 136815, 122.704
1117, 16394, 117, 1, 0, 0.1, 136932, 122.699
1118, 16394, 117, 1, 0, 0.1, 137049, 122.694
1119, 16394, 117, 2, 0, 0.1, 137166, 122.689
1120, 16390, 127, 1, 0, 0.1, 137293, 122.693
1121, 16390, 117, 1, 0, 0.1, 137410, 122.688
1122, 16390, 117, 2, 1, 0.1, 137527, 122.682
1123, 16390, 117, 1, 0, 0.1, 137644, 122.677
1124, 16390, 117, 3, 0, 0.1, 137761, 122.672
1125, 24581, 127, 3, 0, 0.1, 137888, 122.676
1126, 29960, 127, 1, 0, 0.1, 138015, 122.68
1127, 24581, 127, 1, 1, 0.1, 138142, 122.684
1128, 16390, 127, 0, 0, 0.1, 138269, 122.688
1129, 16394, 127, 0, 0, 0.1, 138396, 122.691
1130, 24585, 127, 1, 1, 0.1, 138523, 122.695
1131, 28677, 127, 3, 0, 0.1, 138650, 122.699
1132, 24585, 127, 3, 0, 0.1, 138777, 122.703
1133, 24585, 117, 3, 0, 0.1, 138894, 122.698
1134, 24585, 117, 1, 0, 0.1, 139011, 122.693
1135, 28677, 127, 3, 0, 0.1, 139138, 122.697
1136, 24585, 127, 1, 0, 0.1, 139265, 122.7
1137, 28677, 127, 3, 0, 0.1, 139392, 122.704
1138, 24585, 127, 3, 0, 0.1, 139519, 122.708
1139, 24585, 117, 1, 0, 0.1, 139636, 122.703
1140, 28677, 127, 0, 0, 0.1, 139763, 122.707
1141, 28677, 117, 0, 0, 0.1, 139880, 122.702
1142, 28677, 117, 3, 0, 0.1, 139997, 122.697
1143, 24585, 127, 2, 0, 0.1, 140124, 122.701
1144, 16394, 127, 0, 0, 0.1, 140251, 122.704
1145, 24585, 127, 3, 0, 0.1, 140378, 122.708
1146, 24585, 117, 0, 0, 0.1, 140495, 122.703
1147, 24585, 117, 2, 1, 0.1, 140612, 122.698
1148, 16394, 127, 2, 0, 0.1, 140739, 122.702
1149, 16390, 127, 3, 0, 0.1, 140866, 122.706
1150, 24581, 127, 1, 0, 0.1, 140993, 122.709
1151, 16518, 127, 3, 0, 0.1, 141120, 122.713
1152, 24581, 77, 2, 0, 0.1, 141197, 122.673
1153, 30472, 137, 0, 0, 0.1, 141334, 122.686
1154, 29962, 127, 1, 0, 0.1, 141461, 122.69
1155, 29962, 117, 0, 0, 0.1, 141578, 122.685
1156, 30472, 127, 3, 0, 0.1, 141705, 122.688
1157, 30472, 117, 1, 0, 0.1, 141822, 122.683
1158, 28677, 137, 3, 0, 0.1, 141959, 122.696
1159, 25864, 127, 0, 0, 0.1, 142086, 122.699
1160, 29962, 127, 2, 0, 0.1, 142213, 122.703
1161, 25864, 127, 3, 0, 0.1, 142340, 122.707
1162, 25864, 117, 2, 0, 0.1, 142457, 122.702
1163, 25866, 127, 3, 0, 0.1, 142584, 122.706
1164, 25882, 117, 3, 1, 0.1, 142701, 122.701
1165, 25882, 117, 1, 0, 0.1, 142818, 122.696
1166, 25882, 117, 2, 0, 0.1, 142935, 122.691
1167, 30488, 127, 1, 0, 0.1, 143062, 122.695
1168, 29317, 127, 3, 0, 0.1, 143189, 122.698
1169, 30504, 77, 3, 0, 0.1, 143266, 122.659
1170, 29962, 117, 1, 1, 0.1, 143383, 122.654
1171, 29962, 117, 3, 0, 0.1, 143500, 122.65
1172, 29962, 117, 3, 0, 0.1, 143617, 122.645
1173, 29962, 117, 1, 0, 0.1, 143734, 122.64
1174, 29962, 117, 3, 0, 0.1, 143851, 122.635
1175, 29962, 117, 3, 1, 0.1, 143968, 122.63
1176, 29962, 117, 1, 0, 0.1, 144085, 122.626
1177, 29962, 117, 1, 0, 0.1, 144202, 122.621
1178, 29962, 117, 2, 0, 0.1, 144319, 122.616
1179, 30472, 137, 0, 1, 0.1, 144456, 122.628
1180, 29962, 127, 0, 0, 0.1, 144583, 122.632
1181, 30472, 137, 3, 0, 0.1, 144720, 122.644
1182, 30472, 117, 1, 0, 0.1, 144837, 122.639
1183, 29189, 127, 2, 1, 0.1, 144964, 122.643
1184, 29189, 117, 1, 0, 0.1, 145081, 122.638
1185, 29954, 137, 0, 0, 0.1, 145218, 122.65
1186, 29962, 127, 0, 1, 0.1, 145345, 122.654
1187, 30472, 127, 2, 0, 0.1, 145472, 122.658
1188, 29962, 127, 1, 0, 0.1, 145599, 122.661
1189, 29962, 117, 0, 0, 0.1, 145716, 122.657
1190, 30472, 127, 2, 0, 0.1, 145843, 122.66
1191, 29962, 127, 0, 0, 0.1, 145970, 122.664
1192, 30472, 127, 0, 0, 0.1, 146097, 122.668
1193, 29706, 137, 3, 0, 0.1, 146234, 122.68
1194, 29706, 117, 2, 0, 0.1, 146351, 122.675
1195, 30216, 127, 0, 0, 0.1, 146478, 122.678
1196, 29706, 127, 1, 0, 0.1, 146605, 122.682
1197, 29706, 117, 2, 1, 0.1, 146722, 122.677
1198, 30216, 127, 1, 0, 0.1, 146849, 122.681
1199, 28677, 137, 3, 0, 0.1, 146986, 122.693
1200, 25608, 127, 2, 0, 0.1, 147113, 122.696
1201, 29706, 127, 0, 1, 0.1, 147240, 122.7
1202, 25608, 127, 0, 0, 0.1, 147367, 122.704
1203, 29706, 127, 0, 0, 0.1, 147494, 122.707
1204, 32257, 127, 1, 0, 0.1, 147621, 122.711
1205, 31237, 137, 3, 0, 0.1, 147758, 122.723
1206, 32257, 127, 3, 0, 0.1, 147885, 122.726
1207, 31237, 137, 3, 0, 0.1, 148022, 122.738
1208, 32512, 137, 0, 1, 0.1, 148159, 122.75
1209, 29962, 127, 2, 0, 0.1, 148286, 122.753
1210, 32512, 127, 1, 0, 0.1, 148413, 122.757
1211, 27141, 127, 0, 0, 0.1, 148540, 122.76
1212, 27141, 117, 3, 0, 0.1, 148657, 122.756
1213, 32512, 127, 1, 0, 0.1, 148784, 122.759
1214, 27141, 127, 3, 0, 0.1, 148911, 122.763
1215, 32512, 127, 3, 0, 0.1, 149038, 122.766
1216, 31237, 127, 0, 0, 0.1, 149165, 122.77
1217, 31237, 117, 2, 0, 0.1, 149282, 122.765
1218, 31237, 117, 1, 0, 0.1, 149399, 122.76
1219, 32512, 127, 0, 0, 0.1, 149526, 122.764
1220, 29962, 127, 2, 1, 0.1, 149653, 122.767
1221, 32512, 127, 0, 0, 0.1, 149780, 122.77
1222, 29962, 127, 1, 0, 0.1, 149907, 122.774
1223, 29962, 117, 0, 1, 0.1, 150024, 122.769
1224, 29962, 137, 3, 1, 0.1, 150161, 122.781
1225, 29962, 117, 1, 1, 0.1, 150278, 122.776
1226, 29962, 117, 3, 0, 0.1, 150395, 122.771
1227, 29962, 117, 1, 0, 0.1, 150512, 122.767
1228, 29962, 117, 0, 0, 0.1, 150629, 122.762
1229, 29705, 137, 3, 0, 0.1, 150766, 122.774
1230, 29705, 117, 3, 0, 0.1, 150883, 122.769
1231, 29705, 117, 2, 0, 0.1, 151000, 122.764
1232, 25610, 127, 2, 1, 0.1, 151127, 122.768
1233, 25610, 127, 0, 0, 0.1, 151254, 122.771
1234, 25610, 127, 0, 0, 0.1, 151381, 122.775
1235, 29705, 127, 0, 0, 0.1, 151508, 122.778
1236, 29705, 117, 3, 0, 0.1, 151625, 122.773
1237, 29705, 117, 0, 0, 0.1, 151742, 122.769
1238, 29705, 117, 1, 0, 0.1, 151859, 122.764
1239, 28677, 127, 3, 0, 0.1, 151986, 122.767
1240, 29705, 127, 1, 0, 0.1, 152113, 122.771
1241, 28677, 127, 3, 0, 0.1, 152240, 122.774
1242, 29705, 127, 2, 0, 0.1, 152367, 122.778
1243, 25610, 127, 3, 0, 0.1, 152494, 122.781
1244, 25610, 117, 1, 0, 0.1, 152611, 122.776
1245, 25610, 117, 3, 0, 0.1, 152728, 122.772
1246, 25610, 117, 2, 0, 0.1, 152845, 122.767
1247, 25610, 127, 0, 0, 0.1, 152972, 122.77
1248, 25610, 127, 2, 0, 0.1, 153099, 122.774
1249, 25610, 127, 1, 0, 0.1, 153226, 122.777
1250, 25610, 117, 3, 0, 0.1, 153343, 122.773
1251, 25610, 117, 3, 0, 0.1, 153460, 122.768
1252, 25610, 117, 0, 0, 0.1, 153577, 122.763
1253, 25610, 127, 1, 0, 0.1, 153704, 122.767
1254, 25610, 117, 2, 1, 0.1, 153821, 122.762
1255, 25610, 127, 3, 0, 0.1, 153948, 122.766
1256, 25610, 117, 2, 0, 0.1, 154065, 122.761
1257, 32256, 127, 3, 0, 0.1, 154192, 122.764
1258, 31237, 127, 3, 0, 0.1, 154319, 122.768
1259, 31237, 137, 3, 1, 0.1, 154456, 122.779
1260, 31237, 127, 2, 1, 0.1, 154583, 122.782
1261, 31237, 117, 1, 0, 0.1, 154700, 122.778
1262, 31237, 127, 1, 0, 0.1, 154827, 122.781
1263, 27141, 127, 2, 0, 0.1, 154954, 122.784
1264, 27141, 117, 2, 0, 0.1, 155071, 122.78
1265, 27141, 117, 1, 1, 0.1, 155188, 122.775
1266, 32256, 127, 1, 0, 0.1, 155315, 122.779
1267, 27141, 127, 0, 0, 0.1, 155442, 122.782
1268, 27141, 117, 3, 0, 0.1, 155559, 122.777
1269, 32256, 127, 3, 0, 0.1, 155686, 122.781
1270, 27141, 127, 2, 0, 0.1, 155813, 122.784
1271, 27141, 117, 0, 0, 0.1, 155930, 122.78
1272, 27141, 117, 1, 0, 0.1, 156047, 122.775
1273, 32256, 127, 3, 0, 0.1, 156174, 122.778
1274, 27141, 127, 1, 0, 0.1, 156301, 122.782
1275, 32256, 127, 1, 0, 0.1, 156428, 122.785
1276, 27141, 127, 1, 0, 0.1, 156555, 122.788
1277, 32257, 127, 0, 0, 0.1, 156682, 122.792
1278, 32257, 117, 1, 0, 0.1, 156799, 122.787
1279, 31237, 127, 1, 0, 0.1, 156926, 122.79
1280, 30982, 137, 0, 0, 0.1, 157063, 122.801
1281, 28938, 137, 1, 0, 0.1, 157200, 122.812
1282, 28938, 117, 3, 0, 0.1, 157317, 122.808
1283, 28938, 117, 2, 0, 0.1, 157434, 122.803
1284, 26886, 127, 1, 0, 0.1, 157561, 122.807
1285, 26886, 117, 3, 0, 0.1, 157678, 122.802
1286, 18437, 127, 1, 1, 0.1, 157805, 122.805
1287, 26886, 127, 1, 0, 0.1, 157932, 122.809
1288, 26886, 117, 0, 1, 0.1, 158049, 122.804
1289, 28938, 127, 3, 0, 0.1, 158176, 122.807
1290, 28938, 117, 3, 0, 0.1, 158293, 122.803
1291, 28938, 117, 0, 1, 0.1, 158410, 122.798
1292, 28930, 127, 3, 0, 0.1, 158537, 122.802
1293, 28677, 127, 1, 0, 0.1, 158664, 122.805
1294, 28930, 127, 2, 0, 0.1, 158791, 122.808
1295, 28938, 127, 3, 0, 0.1, 158918, 122.811
1296, 28938, 117, 0, 1, 0.1, 159035, 122.807
1297, 28930, 127, 2, 0, 0.1, 159162, 122.81
1298, 28938, 127, 0, 0, 0.1, 159289, 122.813
1299, 28930, 127, 3, 0, 0.1, 159416, 122.817
1300, 28677, 127, 0, 1, 0.1, 159543, 122.82
1301, 28677, 117, 2, 0, 0.1, 159660, 122.815
1302, 28677, 117, 3, 0, 0.1, 159777, 122.811
1303, 28684, 127, 3, 0, 0.1, 159904, 122.814
1304, 28684, 117, 3, 0, 0.1, 160021, 122.81
1305, 28684, 117, 3, 0, 0.1, 160138, 122.805
1306, 28684, 117, 2, 0, 0.1, 160255, 122.801
1307, 28684, 117, 3, 0, 0.1, 160372, 122.796
1308, 28684, 117, 2, 1, 0.1, 160489, 122.792
1309, 28684, 117, 2, 0, 0.1, 160606, 122.787
1310, 28684, 117, 0, 0, 0.1, 160723, 122.783
1311, 49155, 137, 2, 1, 0.1, 160860, 122.794
1312, 57356, 127, 1, 0, 0.1, 160987, 122.797
1313, 61445, 127, 0, 0, 0.1, 161114, 122.8
1314, 61445, 117, 2, 0, 0.1, 161231, 122.796
1315, 61445, 117, 2, 0, 0.1, 161348, 122.791
1316, 61445, 117, 0, 0, 0.1, 161465, 122.787
1317, 61445, 117, 3, 0, 0.1, 161582, 122.783
1318, 57356, 127, 1, 0, 0.1, 161709, 122.786
1319, 61445, 127, 2, 0, 0.1, 161836, 122.789
1320, 61445, 117, 3, 0, 0.1, 161953, 122.785
1321, 57356, 127, 0, 0, 0.1, 162080, 122.788
1322, 49155, 127, 0, 0, 0.1, 162207, 122.791
1323, 49155, 117, 3, 0, 0.1, 162324, 122.787
1324, 32773, 127, 3, 0, 0.1, 162451, 122.79
1325, 33801, 127, 0, 0, 0.1, 162578, 122.793
1326, 33801, 117, 3, 0, 0.1, 162695, 122.789
1327, 33801, 117, 0, 0, 0.1, 162812, 122.784
1328, 33801, 117, 1, 0, 0.1, 162929, 122.78
1329, 32773, 127, 3, 0, 0.1, 163056, 122.783
1330, 33801, 127, 2, 0, 0.1, 163183, 122.786
1331, 50186, 127, 2, 0, 0.1, 163310, 122.789
1332, 58378, 127, 0, 0, 0.1, 163437, 122.793
1333, 50186, 127, 2, 0, 0.1, 163564, 122.796
1334, 58378, 127, 2, 0, 0.1, 163691, 122.799
1335, 64512, 127, 2, 0, 0.1, 163818, 122.802
1336, 62474, 127, 1, 0, 0.1, 163945, 122.805
1337, 62474, 117, 1, 0, 0.1, 164062, 122.801
1338, 62474, 117, 2, 0, 0.1, 164179, 122.797
1339, 64514, 137, 2, 0, 0.1, 164316, 122.807
1340, 62474, 127, 1, 0, 0.1, 164443, 122.81
1341, 62474, 117, 0, 0, 0.1, 164560, 122.806
1342, 64514, 127, 0, 0, 0.1, 164687, 122.809
1343, 62474, 127, 3, 1, 0.1, 164814, 122.812
1344, 62474, 117, 3, 0, 0.1, 164931, 122.808
1345, 62474, 117, 3, 0, 0.1, 165048, 122.804
1346, 62474, 117, 3, 0, 0.1, 165165, 122.799
1347, 62474, 117, 1, 0, 0.1, 165282, 122.795
1348, 62474, 117, 1, 1, 0.1, 165399, 122.791
1349, 62474, 117, 3, 1, 0.1, 165516, 122.786
1350, 62474, 117, 3, 0, 0.1, 165633, 122.782
1351, 62474, 117, 0, 0, 0.1, 165750, 122.778
1352, 60416, 127, 2, 0, 0.1, 165877, 122.781
1353, 62474, 127, 3, 0, 0.1, 166004, 122.784
1354, 62474, 117, 2, 0, 0.1, 166121, 122.78
1355, 64514, 127, 2, 0, 0.1, 166248, 122.783
1356, 62474, 127, 2, 0, 0.1, 166375, 122.786
1357, 58376, 127, 0, 1, 0.1, 166502, 122.789
1358, 62474, 127, 3, 0, 0.1, 166629, 122.792
1359, 62474, 117, 1, 0, 0.1, 166746, 122.788
1360, 62474, 117, 1, 0, 0.1, 166863, 122.784
1361, 62474, 117, 0, 1, 0.1, 166980, 122.779
1362, 64514, 127, 0, 0, 0.1, 167107, 122.783
1363, 62474, 127, 2, 0, 0.1, 167234, 122.786
1364, 64514, 127, 1, 0, 0.1, 167361, 122.789
1365, 64514, 117, 0, 0, 0.1, 167478, 122.784
1366, 62474, 127, 2, 0, 0.1, 167605, 122.788
1367, 64514, 127, 3, 0, 0.1, 167732, 122.791
1368, 63493, 137, 0, 0, 0.1, 167869, 122.801
1369, 63493, 117, 2, 1, 0.1, 167986, 122.797
1370, 63493, 117, 3, 0, 0.1, 168103, 122.793
1371, 64513, 137, 1, 0, 0.1, 168240, 122.803
1372, 63493, 127, 0, 0, 0.1, 168367, 122.806
1373, 63493, 117, 2, 0, 0.1, 168484, 122.802
1374, 63493, 117, 1, 0, 0.1, 168601, 122.798
1375, 60418, 127, 3, 0, 0.1, 168728, 122.801
1376, 63493, 127, 2, 0, 0.1, 168855, 122.804
1377, 63493, 117, 0, 0, 0.1, 168972, 122.799
1378, 63493, 117, 3, 0, 0.1, 169089, 122.795
1379, 64513, 127, 0, 0, 0.1, 169216, 122.798
1380, 64513, 117, 1, 0, 0.1, 169333, 122.794
1381, 63493, 127, 3, 0, 0.1, 169460, 122.797
1382, 64513, 127, 3, 0, 0.1, 169587, 122.8
1383, 63493, 127, 1, 0, 0.1, 169714, 122.803
1384, 64513, 127, 0, 1, 0.1, 169841, 122.806
1385, 64513, 117, 3, 0, 0.1, 169958, 122.802
1386, 63493, 127, 0, 0, 0.1, 170085, 122.805
1387, 63493, 117, 3, 0, 0.1, 170202, 122.801
1388, 63493, 127, 1, 0, 0.1, 170329, 122.804
1389, 63493, 127, 0, 0, 0.1, 170456, 122.807
1390, 63493, 117, 3, 0, 0.1, 170573, 122.803
1391, 63493, 127, 2, 0, 0.1, 170700, 122.806
1392, 63493, 117, 0, 0, 0.1, 170817, 122.802
1393, 63493, 117, 0, 0, 0.1, 170934, 122.797
1394, 63493, 117, 1, 0, 0.1, 171051, 122.793
1395, 63493, 127, 0, 0, 0.1, 171178, 122.796
1396, 63493, 117, 0, 0, 0.1, 171295, 122.792
1397, 63493, 117, 1, 0, 0.1, 171412, 122.788
1398, 64513, 127, 1, 0, 0.1, 171539, 122.791
1399, 63493, 127, 2, 0, 0.1, 171666, 122.794
1400, 63493, 117, 2, 0, 0.1, 171783, 122.79
1401, 63493, 117, 3, 0, 0.1, 171900, 122.786
1402, 64513, 127, 3, 0, 0.1, 172027, 122.789
1403, 63493, 127, 2, 0, 0.1, 172154, 122.792
1404, 63493, 117, 3, 0, 0.1, 172271, 122.788
1405, 63493, 127, 3, 0, 0.1, 172398, 122.791
1406, 63493, 127, 2, 0, 0.1, 172525, 122.794
1407, 63493, 117, 3, 1, 0.1, 172642, 122.789
1408, 62537, 137, 2, 0, 0.1, 172779, 122.8
1409, 62538, 127, 3, 1, 0.1, 172906, 122.803
1410, 62474, 117, 3, 1, 0.1, 173023, 122.798
1411, 29706, 117, 1, 0, 0.1, 173140, 122.794
1412, 29706, 117, 3, 0, 0.1, 173257, 122.79
1413, 29706, 117, 1, 0, 0.1, 173374, 122.786
1414, 29706, 117, 0, 0, 0.1, 173491, 122.782
1415, 29705, 127, 2, 0, 0.1, 173618, 122.785
1416, 29706, 127, 1, 0, 0.1, 173745, 122.788
1417, 29706, 117, 0, 0, 0.1, 173862, 122.784
1418, 29705, 127, 2, 0, 0.1, 173989, 122.787
1419, 29706, 127, 1, 0, 0.1, 174116, 122.79
1420, 29706, 117, 1, 0, 0.1, 174233, 122.786
1421, 29706, 117, 3, 0, 0.1, 174350, 122.782
1422, 29706, 117, 1, 0, 0.1, 174467, 122.778
1423, 29706, 117, 1, 0, 0.1, 174584, 122.774
1424, 29706, 117, 3, 0, 0.1, 174701, 122.77
1425, 29706, 117, 0, 0, 0.1, 174818, 122.765
1426, 29705, 127, 2, 0, 0.1, 174945, 122.768
1427, 29706, 127, 2, 0, 0.1, 175072, 122.771
1428, 31744, 137, 1, 0, 0.1, 175209, 122.781
1429, 31745, 127, 0, 0, 0.1, 175336, 122.784
1430, 31873, 117, 2, 0, 0.1, 175453, 122.78
1431, 29824, 127, 1, 0, 0.1, 175580, 122.783
1432, 29826, 127, 2, 0, 0.1, 175707, 122.786
1433, 30742, 137, 0, 0, 0.1, 175844, 122.796
1434, 28754, 77, 1, 0, 0.1, 175921, 122.764
1435, 29962, 117, 0, 0, 0.1, 176038, 122.76
1436, 30472, 127, 2, 0, 0.1, 176165, 122.763
1437, 29962, 127, 1, 0, 0.1, 176292, 122.766
1438, 29962, 117, 0, 0, 0.1, 176409, 122.762
1439, 30472, 127, 3, 1, 0.1, 176536, 122.765
1440, 30472, 117, 2, 0, 0.1, 176653, 122.761
1441, 29962, 127, 2, 1, 0.1, 176780, 122.764
1442, 30472, 137, 1, 0, 0.1, 176917, 122.774
1443, 29189, 137, 3, 0, 0.1, 177054, 122.784
1444, 30472, 127, 1, 0, 0.1, 177181, 122.787
1445, 29189, 127, 0, 0, 0.1, 177308, 122.789
1446, 29189, 117, 1, 0, 0.1, 177425, 122.785
1447, 29954, 137, 3, 0, 0.1, 177562, 122.795
1448, 28677, 127, 3, 0, 0.1, 177689, 122.798
1449, 29960, 127, 3, 0, 0.1, 177816, 122.801
1450, 29960, 117, 2, 0, 0.1, 177933, 122.797
1451, 29962, 137, 2, 0, 0.1, 178070, 122.807
1452, 32002, 137, 0, 0, 0.1, 178207, 122.817
1453, 29962, 127, 0, 0, 0.1, 178334, 122.82
1454, 25864, 127, 0, 0, 0.1, 178461, 122.822
1455, 29962, 127, 3, 0, 0.1, 178588, 122.825
1456, 29962, 117, 0, 0, 0.1, 178705, 122.821
1457, 30472, 127, 2, 0, 0.1, 178832, 122.824
1458, 29962, 127, 1, 0, 0.1, 178959, 122.827
1459, 29962, 117, 0, 0, 0.1, 179076, 122.823
1460, 30472, 127, 2, 0, 0.1, 179203, 122.826
1461, 29962, 127, 0, 0, 0.1, 179330, 122.829
1462, 30472, 127, 2, 0, 0.1, 179457, 122.832
1463, 29962, 127, 0, 0, 0.1, 179584, 122.834
1464, 30472, 127, 2, 0, 0.1, 179711, 122.837
1465, 29962, 127, 3, 1, 0.1, 179838, 122.84
1466, 29962, 117, 2, 0, 0.1, 179955, 122.836
1467, 25864, 127, 0, 0, 0.1, 180082, 122.839
1468, 29962, 127, 0, 0, 0.1, 180209, 122.842
1469, 30472, 127, 2, 0, 0.1, 180336, 122.845
1470, 29962, 127, 0, 0, 0.1, 180463, 122.848
1471, 30472, 127, 1, 0, 0.1, 180590, 122.85
1472, 28677, 137, 1, 1, 0.1, 180727, 122.86
1473, 25858, 127, 0, 0, 0.1, 180854, 122.863
1474, 29962, 127, 0, 0, 0.1, 180981, 122.866
1475, 29960, 127, 0, 0, 0.1, 181108, 122.868
1476, 29706, 137, 1, 0, 0.1, 181245, 122.878
1477, 29706, 117, 0, 1, 0.1, 181362, 122.874
1478, 32385, 127, 0, 0, 0.1, 181489, 122.877
1479, 32257, 67, 0, 0, 0.1, 181556, 122.839
1480, 30472, 127, 0, 0, 0.1, 181683, 122.842
1481, 29962, 127, 0, 0, 0.1, 181810, 122.845
1482, 32002, 137, 1, 0, 0.1, 181947, 122.854
1483, 32002, 117, 0, 0, 0.1, 182064, 122.85
1484, 29962, 137, 1, 0, 0.1, 182201, 122.86
1485, 29962, 117, 0, 0, 0.1, 182318, 122.856
1486, 32512, 127, 0, 0, 0.1, 182445, 122.859
1487, 29962, 137, 2, 0, 0.1, 182582, 122.868
1488, 32512, 127, 2, 0, 0.1, 182709, 122.871
1489, 29962, 127, 3, 0, 0.1, 182836, 122.874
1490, 29962, 117, 2, 0, 0.1, 182953, 122.87
1491, 32002, 127, 0, 1, 0.1, 183080, 122.872
1492, 29962, 127, 2, 0, 0.1, 183207, 122.875
1493, 32002, 127, 0, 0, 0.1, 183334, 122.878
1494, 29962, 127, 2, 0, 0.1, 183461, 122.881
1495, 32002, 127, 0, 0, 0.1, 183588, 122.884
1496, 29962, 127, 0, 0, 0.1, 183715, 122.886
1497, 32512, 127, 3, 0, 0.1, 183842, 122.889
1498, 27141, 127, 3, 0, 0.1, 183969, 122.892
1499, 18949, 127, 1, 0, 0.1, 184096, 122.895
1500, 27141, 127, 2, 0, 0.1, 184223, 122.897
1501, 27141, 117, 0, 0, 0.1, 184340, 122.893
1502, 27141, 117, 0, 0, 0.1, 184457, 122.889
1503, 27141, 117, 0, 0, 0.1, 184574, 122.885
1504, 27141, 117, 3, 0, 0.1, 184691, 122.882
1505, 18949, 127, 1, 0, 0.1, 184818, 122.884
1506, 27141, 127, 2, 0, 0.1, 184945, 122.887
1507, 27173, 117, 0, 0, 0.1, 185062, 122.883
1508, 27141, 67, 3, 0, 0.1, 185129, 122.846
1509, 29962, 117, 3, 0, 0.1, 185246, 122.842
1510, 29962, 117, 2, 0, 0.1, 185363, 122.838
1511, 30472, 127, 2, 0, 0.1, 185490, 122.841
1512, 29962, 137, 0, 0, 0.1, 185627, 122.85
1513, 30472, 127, 1, 0, 0.1, 185754, 122.853
1514, 29189, 137, 3, 1, 0.1, 185891, 122.863
1515, 30472, 127, 0, 0, 0.1, 186018, 122.865
1516, 29962, 127, 2, 0, 0.1, 186145, 122.868
1517, 30472, 127, 1, 0, 0.1, 186272, 122.871
1518, 29189, 127, 0, 1, 0.1, 186399, 122.873
1519, 29189, 117, 0, 0, 0.1, 186516, 122.87
1520, 29189, 117, 0, 0, 0.1, 186633, 122.866
1521, 29189, 117, 2, 0, 0.1, 186750, 122.862
1522, 29189, 117, 1, 0, 0.1, 186867, 122.858
1523, 29954, 137, 2, 0, 0.1, 187004, 122.867
1524, 29962, 127, 2, 0, 0.1, 187131, 122.87
1525, 29960, 127, 1, 0, 0.1, 187258, 122.873
1526, 28677, 127, 3, 0, 0.1, 187385, 122.875
1527, 29960, 127, 1, 0, 0.1, 187512, 122.878
1528, 28677, 127, 1, 0, 0.1, 187639, 122.881
1529, 28934, 127, 0, 0, 0.1, 187766, 122.884
1530, 28938, 127, 2, 0, 0.1, 187893, 122.886
1531, 28934, 127, 1, 0, 0.1, 188020, 122.889
1532, 28934, 117, 2, 0, 0.1, 188137, 122.885
1533, 28934, 117, 3, 0, 0.1, 188254, 122.881
1534, 28677, 127, 3, 0, 0.1, 188381, 122.884
1535, 29960, 127, 2, 0, 0.1, 188508, 122.887
1536, 29962, 137, 3, 1, 0.1, 188645, 122.896
1537, 29962, 117, 1, 0, 0.1, 188762, 122.892
1538, 29962, 117, 0, 0, 0.1, 188879, 122.888
1539, 29960, 127, 2, 0, 0.1, 189006, 122.891
1540, 29962, 127, 3, 0, 0.1, 189133, 122.893
1541, 29962, 117, 0, 0, 0.1, 189250, 122.89
1542, 29960, 127, 1, 0, 0.1, 189377, 122.892
1543, 24581, 127, 2, 0, 0.1, 189504, 122.895
1544, 24581, 117, 1, 0, 0.1, 189621, 122.891
1545, 28934, 127, 2, 0, 0.1, 189748, 122.894
1546, 28934, 117, 2, 0, 0.1, 189865, 122.89
1547, 28934, 117, 1, 1, 0.1, 189982, 122.886
1548, 28934, 117, 2, 0, 0.1, 190099, 122.882
1549, 28934, 117, 2, 0, 0.1, 190216, 122.879
1550, 28934, 117, 0, 0, 0.1, 190333, 122.875
1551, 28938, 127, 1, 0, 0.1, 190460, 122.877
1552, 28938, 117, 2, 0, 0.1, 190577, 122.874
1553, 28934, 127, 1, 0, 0.1, 190704, 122.876
1554, 28934, 117, 0, 0, 0.1, 190821, 122.873
1555, 28938, 127, 0, 0, 0.1, 190948, 122.875
1556, 24585, 137, 3, 0, 0.1, 191085, 122.884
1557, 24585, 117, 0, 0, 0.1, 191202, 122.88
1558, 24585, 117, 3, 0, 0.1, 191319, 122.877
1559, 24585, 117, 1, 0, 0.1, 191436, 122.873
1560, 28677, 127, 2, 0, 0.1, 191563, 122.876
1561, 28677, 117, 3, 0, 0.1, 191680, 122.872
1562, 24585, 127, 2, 0, 0.1, 191807, 122.874
1563, 16394, 127, 2, 0, 0.1, 191934, 122.877
1564, 16390, 127, 3, 0, 0.1, 192061, 122.88
1565, 24709, 127, 1, 0, 0.1, 192188, 122.882
1566, 16518, 127, 3, 0, 0.1, 192315, 122.885
1567, 24613, 77, 0, 0, 0.1, 192392, 122.856
1568, 30472, 127, 0, 0, 0.1, 192519, 122.858
1569, 29962, 127, 0, 0, 0.1, 192646, 122.861
1570, 32002, 137, 2, 0, 0.1, 192783, 122.87
1571, 29962, 127, 0, 0, 0.1, 192910, 122.873
1572, 32002, 127, 2, 0, 0.1, 193037, 122.875
1573, 29962, 127, 2, 0, 0.1, 193164, 122.878
1574, 30472, 127, 1, 0, 0.1, 193291, 122.88
1575, 29189, 127, 0, 0, 0.1, 193418, 122.883
1576, 29189, 117, 0, 0, 0.1, 193535, 122.879
1577, 29189, 117, 3, 0, 0.1, 193652, 122.876
1578, 30472, 127, 1, 0, 0.1, 193779, 122.878
1579, 29189, 127, 3, 0, 0.1, 193906, 122.881
1580, 30472, 127, 1, 0, 0.1, 194033, 122.883
1581, 29189, 127, 2, 0, 0.1, 194160, 122.886
1582, 29189, 117, 1, 0, 0.1, 194277, 122.882
1583, 29954, 137, 3, 0, 0.1, 194414, 122.891
1584, 28677, 127, 3, 0, 0.1, 194541, 122.894
1585, 29960, 127, 1, 0, 0.1, 194668, 122.896
1586, 28677, 127, 1, 1, 0.1, 194795, 122.899
1587, 29954, 127, 3, 0, 0.1, 194922, 122.902
1588, 28677, 127, 3, 0, 0.1, 195049, 122.904
1589, 29960, 127, 1, 0, 0.1, 195176, 122.907
1590, 28677, 127, 1, 0, 0.1, 195303, 122.909
1591, 29954, 127, 0, 0, 0.1, 195430, 122.912
1592, 29962, 137, 0, 0, 0.1, 195567, 122.921
1593, 30472, 127, 2, 0, 0.1, 195694, 122.923
1594, 29962, 127, 1, 0, 0.1, 195821, 122.926
1595, 29962, 117, 1, 1, 0.1, 195938, 122.922
1596, 29962, 117, 0, 0, 0.1, 196055, 122.918
1597, 30472, 127, 0, 0, 0.1, 196182, 122.921
1598, 29962, 127, 2, 0, 0.1, 196309, 122.924
1599, 30472, 127, 0, 1, 0.1, 196436, 122.926
1600, 29962, 127, 2, 0, 0.1, 196563, 122.929
1601, 30472, 127, 0, 0, 0.1, 196690, 122.931
1602, 29962, 127, 3, 0, 0.1, 196817, 122.934
1603, 29962, 117, 1, 0, 0.1, 196934, 122.93
1604, 29962, 117, 1, 1, 0.1, 197051, 122.926
1605, 29962, 117, 1, 0, 0.1, 197168, 122.923
1606, 29962, 117, 0, 0, 0.1, 197285, 122.919
1607, 31745, 137, 1, 0, 0.1, 197422, 122.928
1608, 30725, 127, 2, 0, 0.1, 197549, 122.93
1609, 30725, 117, 1, 0, 0.1, 197666, 122.927
1610, 30982, 127, 1, 0, 0.1, 197793, 122.929
1611, 30982, 117, 0, 0, 0.1, 197910, 122.925
1612, 28938, 137, 2, 0, 0.1, 198047, 122.934
1613, 30982, 127, 2, 0, 0.1, 198174, 122.937
1614, 30982, 117, 1, 0, 0.1, 198291, 122.933
1615, 30982, 117, 2, 0, 0.1, 198408, 122.929
1616, 30982, 117, 1, 0, 0.1, 198525, 122.926
1617, 30982, 117, 2, 0, 0.1, 198642, 122.922
1618, 31110, 117, 0, 0, 0.1, 198759, 122.918
1619, 28938, 127, 2, 0, 0.1, 198886, 122.921
1620, 31110, 127, 0, 0, 0.1, 199013, 122.923
1621, 28938, 127, 1, 0, 0.1, 199140, 122.926
1622, 29002, 117, 1, 0, 0.1, 199257, 122.922
1623, 28938, 67, 3, 0, 0.1, 199324, 122.888
1624, 29962, 117, 1, 0, 0.1, 199441, 122.884
1625, 29962, 117, 1, 0, 0.1, 199558, 122.881
1626, 29962, 117, 3, 0, 0.1, 199675, 122.877
1627, 29962, 117, 0, 0, 0.1, 199792, 122.873
1628, 29960, 137, 1, 0, 0.1, 199929, 122.882
1629, 28677, 127, 1, 0, 0.1, 200056, 122.885
1630, 29954, 127, 3, 0, 0.1, 200183, 122.887
1631, 28677, 127, 3, 0, 0.1, 200310, 122.89
1632, 29960, 127, 1, 0, 0.1, 200437, 122.892
1633, 28677, 127, 3, 0, 0.1, 200564, 122.895
1634, 29960, 127, 2, 0, 0.1, 200691, 122.897
1635, 29962, 127, 0, 0, 0.1, 200818, 122.9
1636, 29960, 127, 2, 0, 0.1, 200945, 122.902
1637, 29962, 127, 3, 0, 0.1, 201072, 122.905
1638, 29962, 117, 2, 0, 0.1, 201189, 122.901
1639, 30472, 127, 3, 0, 0.1, 201316, 122.904
1640, 30472, 117, 2, 0, 0.1, 201433, 122.9
1641, 25866, 127, 2, 0, 0.1, 201560, 122.902
1642, 32002, 127, 1, 1, 0.1, 201687, 122.905
1643, 32002, 117, 2, 0, 0.1, 201804, 122.901
1644, 29962, 127, 3, 0, 0.1, 201931, 122.904
1645, 29962, 117, 3, 0, 0.1, 202048, 122.9
1646, 29962, 117, 2, 0, 0.1, 202165, 122.897
1647, 32512, 127, 3, 0, 0.1, 202292, 122.899
1648, 31237, 137, 3, 0, 0.1, 202429, 122.908
1649, 31237, 137, 3, 0, 0.1, 202566, 122.916
1650, 31237, 127, 1, 0, 0.1, 202693, 122.919
1651, 31237, 127, 3, 0, 0.1, 202820, 122.921
1652, 31237, 127, 1, 0, 0.1, 202947, 122.924
1653, 31237, 127, 1, 0, 0.1, 203074, 122.926
1654, 31237, 127, 3, 1, 0.1, 203201, 122.929
1655, 31237, 127, 3, 0, 0.1, 203328, 122.931
1656, 31237, 127, 1, 0, 0.1, 203455, 122.934
1657, 31237, 127, 3, 0, 0.1, 203582, 122.936
1658, 31237, 127, 0, 0, 0.1, 203709, 122.938
1659, 31237, 117, 2, 0, 0.1, 203826, 122.935
1660, 31237, 117, 0, 0, 0.1, 203943, 122.931
1661, 31237, 117, 0, 0, 0.1, 204060, 122.928
1662, 31237, 117, 0, 0, 0.1, 204177, 122.924
1663, 31237, 117, 1, 0, 0.1, 204294, 122.921
1664, 31237, 127, 3, 0, 0.1, 204421, 122.923
1665, 31237, 127, 3, 0, 0.1, 204548, 122.925
1666, 32257, 137, 0, 0, 0.1, 204685, 122.934
1667, 32257, 117, 1, 0, 0.1, 204802, 122.93
1668, 27141, 127, 3, 0, 0.1, 204929, 122.933
1669, 32257, 127, 0, 0, 0.1, 205056, 122.935
1670, 32257, 117, 3, 0, 0.1, 205173, 122.932
1671, 27141, 127, 2, 0, 0.1, 205300, 122.934
1672, 27141, 117, 0, 0, 0.1, 205417, 122.931
1673, 27141, 117, 0, 1, 0.1, 205534, 122.927
1674, 27141, 117, 1, 1, 0.1, 205651, 122.923
1675, 32257, 127, 3, 1, 0.1, 205778, 122.926
1676, 27141, 127, 1, 0, 0.1, 205905, 122.928
1677, 32257, 127, 3, 0, 0.1, 206032, 122.931
1678, 27141, 127, 3, 0, 0.1, 206159, 122.933
1679, 31237, 127, 2, 0, 0.1, 206286, 122.936
1680, 31237, 117, 3, 0, 0.1, 206403, 122.932
1681, 31237, 127, 1, 0, 0.1, 206530, 122.935
1682, 31237, 127, 2, 1, 0.1, 206657, 122.937
1683, 31237, 117, 2, 0, 0.1, 206774, 122.933
1684, 31237, 117, 1, 0, 0.1, 206891, 122.93
1685, 27141, 127, 0, 0, 0.1, 207018, 122.932
1686, 27141, 117, 0, 0, 0.1, 207135, 122.929
1687, 27141, 117, 0, 1, 0.1, 207252, 122.925
1688, 27141, 117, 0, 0, 0.1, 207369, 122.922
1689, 27141, 117, 2, 0, 0.1, 207486, 122.918
1690, 27141, 117, 0, 1, 0.1, 207603, 122.915
1691, 27141, 117, 2, 0, 0.1, 207720, 122.911
1692, 27141, 117, 3, 0, 0.1, 207837, 122.908
1693, 31237, 127, 1, 0, 0.1, 207964, 122.91
1694, 27141, 127, 1, 0, 0.1, 208091, 122.913
1695, 32257, 127, 2, 0, 0.1, 208218, 122.915
1696, 29706, 127, 2, 0, 0.1, 208345, 122.917
1697, 17482, 137, 3, 0, 0.1, 208482, 122.926
1698, 17418, 117, 3, 0, 0.1, 208599, 122.922
1699, 17418, 117, 0, 0, 0.1, 208716, 122.919
1700, 1034, 127, 1, 0, 0.1, 208843, 122.921
1701, 1098, 117, 0, 0, 0.1, 208960, 122.918
1702, 20033, 127, 3, 1, 0.1, 209087, 122.92
1703, 27141, 127, 1, 0, 0.1, 209214, 122.922
1704, 20033, 127, 3, 0, 0.1, 209341, 122.925
1705, 27141, 127, 1, 0, 0.1, 209468, 122.927
1706, 20033, 127, 0, 0, 0.1, 209595, 122.93
1707, 20033, 117, 3, 0, 0.1, 209712, 122.926
1708, 27141, 127, 0, 0, 0.1, 209839, 122.929
1709, 27141, 117, 3, 0, 0.1, 209956, 122.925
1710, 31237, 127, 3, 0, 0.1, 210083, 122.927
1711, 31237, 127, 3, 0, 0.1, 210210, 122.93
1712, 32257, 137, 0, 0, 0.1, 210347, 122.938
1713, 32257, 117, 1, 0, 0.1, 210464, 122.935
1714, 31237, 127, 0, 0, 0.1, 210591, 122.937
1715, 31237, 117, 1, 1, 0.1, 210708, 122.933
1716, 27141, 127, 2, 0, 0.1, 210835, 122.936
1717, 27141, 117, 0, 1, 0.1, 210952, 122.932
1718, 27141, 117, 3, 0, 0.1, 211069, 122.929
1719, 31237, 127, 0, 0, 0.1, 211196, 122.931
1720, 31237, 117, 3, 0, 0.1, 211313, 122.928
1721, 32257, 127, 2, 0, 0.1, 211440, 122.93
1722, 24586, 137, 3, 0, 0.1, 211577, 122.938
1723, 24586, 117, 1, 0, 0.1, 211694, 122.935
1724, 24586, 117, 1, 1, 0.1, 211811, 122.932
1725, 24586, 117, 0, 0, 0.1, 211928, 122.928
1726, 31233, 127, 1, 0, 0.1, 212055, 122.93
1727, 27141, 127, 1, 0, 0.1, 212182, 122.933
1728, 18949, 127, 3, 0, 0.1, 212309, 122.935
1729, 27141, 127, 3, 0, 0.1, 212436, 122.938
1730, 31233, 127, 2, 1, 0.1, 212563, 122.94
1731, 24586, 127, 1, 0, 0.1, 212690, 122.942
1732, 24586, 117, 1, 1, 0.1, 212807, 122.939
1733, 24586, 117, 0, 1, 0.1, 212924, 122.935
1734, 31233, 127, 3, 0, 0.1, 213051, 122.938
1735, 31237, 127, 3, 0, 0.1, 213178, 122.94
1736, 30464, 137, 1, 0, 0.1, 213315, 122.948
1737, 29189, 127, 0, 0, 0.1, 213442, 122.95
1738, 29189, 117, 2, 0, 0.1, 213559, 122.947
1739, 29189, 117, 2, 0, 0.1, 213676, 122.944
1740, 29189, 117, 1, 0, 0.1, 213793, 122.94
1741, 25089, 127, 3, 0, 0.1, 213920, 122.943
1742, 29189, 127, 3, 0, 0.1, 214047, 122.945
1743, 30464, 127, 1, 0, 0.1, 214174, 122.947
1744, 29189, 127, 1, 0, 0.1, 214301, 122.95
1745, 25089, 127, 3, 0, 0.1, 214428, 122.952
1746, 29189, 127, 3, 1, 0.1, 214555, 122.954
1747, 30480, 127, 0, 0, 0.1, 214682, 122.956
1748, 29978, 137, 2, 0, 0.1, 214819, 122.965
1749, 30480, 127, 2, 0, 0.1, 214946, 122.967
1750, 29978, 137, 0, 0, 0.1, 215083, 122.975
1751, 30480, 127, 0, 0, 0.1, 215210, 122.977
1752, 29978, 127, 2, 0, 0.1, 215337, 122.979
1753, 30480, 127, 3, 0, 0.1, 215464, 122.982
1754, 25093, 127, 3, 0, 0.1, 215591, 122.984
1755, 29464, 127, 2, 0, 0.1, 215718, 122.986
1756, 24842, 127, 2, 0, 0.1, 215845, 122.989
1757, 28938, 127, 2, 0, 0.1, 215972, 122.991
1758, 29452, 127, 2, 0, 0.1, 216099, 122.993
1759, 29452, 117, 1, 0, 0.1, 216216, 122.99
1760, 29189, 137, 2, 0, 0.1, 216353, 122.998
1761, 29189, 117, 0, 0, 0.1, 216470, 122.994
1762, 29189, 117, 0, 0, 0.1, 216587, 122.991
1763, 29189, 117, 0, 0, 0.1, 216704, 122.988
1764, 29189, 117, 1, 0, 0.1, 216821, 122.984
1765, 62212, 137, 1, 0, 0.1, 216958, 122.992
1766, 61445, 137, 1, 1, 0.1, 217095, 123
1767, 57350, 127, 2, 0, 0.1, 217222, 123.002
1768, 57350, 117, 3, 0, 0.1, 217339, 122.999
1769, 61445, 127, 1, 0, 0.1, 217466, 123.001
1770, 57350, 127, 1, 0, 0.1, 217593, 123.003
1771, 57350, 117, 1, 0, 0.1, 217710, 123
1772, 57350, 117, 2, 0, 0.1, 217827, 122.997
1773, 57350, 117, 2, 0, 0.1, 217944, 122.993
1774, 57350, 117, 2, 0, 0.1, 218061, 122.99
1775, 57350, 117, 3, 0, 0.1, 218178, 122.986
1776, 61445, 127, 3, 0, 0.1, 218305, 122.989
1777, 61700, 127, 2, 0, 0.1, 218432, 122.991
1778, 61700, 117, 1, 0, 0.1, 218549, 122.988
1779, 61445, 127, 0, 0, 0.1, 218676, 122.99
1780, 61445, 117, 1, 0, 0.1, 218793, 122.987
1781, 57350, 127, 0, 0, 0.1, 218920, 122.989
1782, 49162, 127, 3, 0, 0.1, 219047, 122.991
1783, 49162, 117, 3, 0, 0.1, 219164, 122.988
1784, 49162, 117, 2, 0, 0.1, 219281, 122.984
1785, 57350, 127, 1, 0, 0.1, 219408, 122.987
1786, 57350, 117, 3, 0, 0.1, 219525, 122.983
1787, 61445, 127, 2, 0, 0.1, 219652, 122.985
1788, 61445, 117, 0, 1, 0.1, 219769, 122.982
1789, 61445, 117, 2, 0, 0.1, 219886, 122.979
1790, 61445, 117, 1, 0, 0.1, 220003, 122.975
1791, 57350, 127, 3, 0, 0.1, 220130, 122.978
1792, 61445, 127, 2, 0, 0.1, 220257, 122.98
1793, 61445, 117, 1, 0, 0.1, 220374, 122.977
1794, 57350, 127, 1, 0, 0.1, 220501, 122.979
1795, 57350, 117, 1, 0, 0.1, 220618, 122.975
1796, 57350, 117, 2, 0, 0.1, 220735, 122.972
1797, 57350, 117, 3, 0, 0.1, 220852, 122.969
1798, 61445, 127, 2, 0, 0.1, 220979, 122.971
1799, 61445, 117, 1, 0, 0.1, 221096, 122.968
1800, 57350, 127, 3, 0, 0.1, 221223, 122.97
1801, 61445, 127, 1, 0, 0.1, 221350, 122.972
1802, 57350, 127, 3, 0, 0.1, 221477, 122.974
1803, 61445, 127, 1, 0, 0.1, 221604, 122.977
1804, 57350, 127, 3, 0, 0.1, 221731, 122.979
1805, 61445, 127, 1, 0, 0.1, 221858, 122.981
1806, 57350, 127, 3, 0, 0.1, 221985, 122.983
1807, 61445, 127, 0, 0, 0.1, 222112, 122.986
1808, 61445, 117, 1, 0, 0.1, 222229, 122.982
1809, 57350, 127, 0, 0, 0.1, 222356, 122.985
1810, 49162, 127, 1, 0, 0.1, 222483, 122.987
1811, 49162, 117, 1, 0, 0.1, 222600, 122.983
1812, 49162, 117, 2, 0, 0.1, 222717, 122.98
1813, 57350, 127, 2, 0, 0.1, 222844, 122.982
1814, 57350, 117, 3, 1, 0.1, 222961, 122.979
1815, 61445, 127, 2, 0, 0.1, 223088, 122.981
1816, 61445, 117, 0, 0, 0.1, 223205, 122.978
1817, 61445, 117, 1, 1, 0.1, 223322, 122.975
1818, 57350, 127, 1, 0, 0.1, 223449, 122.977
1819, 57350, 117, 1, 0, 0.1, 223566, 122.974
1820, 57350, 117, 0, 0, 0.1, 223683, 122.97
1821, 49162, 127, 3, 0, 0.1, 223810, 122.973
1822, 49162, 117, 3, 0, 0.1, 223927, 122.969
1823, 49162, 117, 1, 0, 0.1, 224044, 122.966
1824, 49162, 117, 2, 1, 0.1, 224161, 122.963
1825, 57350, 127, 3, 0, 0.1, 224288, 122.965
1826, 61445, 127, 0, 0, 0.1, 224415, 122.967
1827, 61445, 117, 0, 0, 0.1, 224532, 122.964
1828, 61445, 117, 1, 0, 0.1, 224649, 122.961
1829, 57350, 127, 3, 0, 0.1, 224776, 122.963
1830, 61445, 127, 1, 0, 0.1, 224903, 122.965
1831, 57350, 127, 2, 0, 0.1, 225030, 122.967
1832, 57350, 117, 3, 0, 0.1, 225147, 122.964
1833, 61445, 127, 0, 1, 0.1, 225274, 122.966
1834, 61445, 117, 1, 0, 0.1, 225391, 122.963
1835, 57350, 127, 0, 0, 0.1, 225518, 122.965
1836, 49162, 127, 2, 0, 0.1, 225645, 122.967
1837, 57350, 127, 1, 1, 0.1, 225772, 122.969
1838, 57350, 117, 2, 1, 0.1, 225889, 122.966
1839, 57350, 117, 0, 0, 0.1, 226006, 122.963
1840, 49162, 127, 3, 0, 0.1, 226133, 122.965
1841, 49162, 117, 1, 0, 0.1, 226250, 122.962
1842, 49162, 117, 1, 0, 0.1, 226367, 122.959
1843, 49162, 117, 0, 0, 0.1, 226484, 122.955
1844, 32778, 127, 1, 1, 0.1, 226611, 122.958
1845, 32778, 117, 0, 0, 0.1, 226728, 122.954
1846, 49665, 127, 0, 0, 0.1, 226855, 122.957
1847, 49665, 117, 1, 0, 0.1, 226972, 122.953
1848, 33285, 127, 3, 0, 0.1, 227099, 122.956
1849, 49665, 127, 0, 0, 0.1, 227226, 122.958
1850, 49665, 117, 2, 0, 0.1, 227343, 122.955
1851, 32778, 127, 2, 0, 0.1, 227470, 122.957
1852, 49162, 127, 1, 0, 0.1, 227597, 122.959
1853, 49162, 117, 0, 0, 0.1, 227714, 122.956
1854, 32778, 127, 1, 0, 0.1, 227841, 122.958
1855, 32778, 117, 1, 1, 0.1, 227958, 122.955
1856, 32778, 117, 3, 0, 0.1, 228075, 122.951
1857, 32778, 117, 2, 0, 0.1, 228192, 122.948
1858, 49162, 127, 3, 0, 0.1, 228319, 122.95
1859, 49162, 117, 0, 0, 0.1, 228436, 122.947
1860, 32778, 127, 1, 0, 0.1, 228563, 122.949
1861, 32778, 117, 1, 0, 0.1, 228680, 122.946
1862, 32778, 117, 0, 0, 0.1, 228797, 122.943
1863, 49665, 127, 0, 0, 0.1, 228924, 122.945
1864, 49665, 117, 0, 0, 0.1, 229041, 122.942
1865, 16897, 117, 2, 0, 0.1, 229158, 122.939
1866, 10, 127, 3, 0, 0.1, 229285, 122.941
1867, 10, 117, 1, 0, 0.1, 229402, 122.938
1868, 10, 117, 3, 0, 0.1, 229519, 122.935
1869, 10, 117, 1, 0, 0.1, 229636, 122.931
1870, 10, 117, 0, 0, 0.1, 229753, 122.928
1871, 16897, 127, 1, 0, 0.1, 229880, 122.93
1872, 517, 127, 3, 0, 0.1, 230007, 122.933
1873, 16897, 127, 1, 0, 0.1, 230134, 122.935
1874, 517, 127, 2, 1, 0.1, 230261, 122.937
1875, 517, 117, 1, 0, 0.1, 230378, 122.934
1876, 517, 127, 3, 0, 0.1, 230505, 122.936
1877, 517, 127, 3, 0, 0.1, 230632, 122.938
1878, 16897, 127, 3, 0, 0.1, 230759, 122.94
1879, 25093, 127, 1, 1, 0.1, 230886, 122.942
1880, 16897, 127, 3, 0, 0.1, 231013, 122.945
1881, 25093, 127, 2, 0, 0.1, 231140, 122.947
1882, 25093, 117, 2, 0, 0.1, 231257, 122.944
1883, 25093, 117, 3, 0, 0.1, 231374, 122.94
1884, 30464, 127, 1, 0, 0.1, 231501, 122.943
1885, 25093, 127, 0, 0, 0.1, 231628, 122.945
1886, 25093, 117, 3, 0, 0.1, 231745, 122.942
1887, 30480, 127, 0, 0, 0.1, 231872, 122.944
1888, 29978, 127, 1, 0, 0.1, 231999, 122.946
1889, 29978, 67, 3, 1, 0.1, 232066, 122.916
1890, 29962, 117, 3, 0, 0.1, 232183, 122.913
1891, 29962, 117, 0, 1, 0.1, 232300, 122.91
1892, 29960, 137, 1, 1, 0.1, 232437, 122.918
1893, 28677, 127, 0, 0, 0.1, 232564, 122.92
1894, 28677, 117, 3, 0, 0.1, 232681, 122.917
1895, 29960, 127, 1, 0, 0.1, 232808, 122.919
1896, 28677, 127, 3, 0, 0.1, 232935, 122.921
1897, 29960, 127, 1, 0, 0.1, 233062, 122.923
1898, 28677, 127, 0, 1, 0.1, 233189, 122.925
1899, 28677, 117, 3, 0, 0.1, 233306, 122.922
1900, 29960, 127, 0, 0, 0.1, 233433, 122.924
1901, 29962, 127, 2, 0, 0.1, 233560, 122.926
1902, 29960, 127, 1, 0, 0.1, 233687, 122.928
1903, 28677, 127, 2, 0, 0.1, 233814, 122.931
1904, 28677, 117, 2, 0, 0.1, 233931, 122.927
1905, 28677, 117, 3, 0, 0.1, 234048, 122.924
1906, 29960, 127, 1, 1, 0.1, 234175, 122.927
1907, 28677, 127, 3, 0, 0.1, 234302, 122.929
1908, 29960, 127, 1, 0, 0.1, 234429, 122.931
1909, 28677, 127, 3, 0, 0.1, 234556, 122.933
1910, 29960, 127, 2, 0, 0.1, 234683, 122.935
1911, 29978, 127, 0, 0, 0.1, 234810, 122.937
1912, 29976, 127, 3, 1, 0.1, 234937, 122.939
1913, 29960, 67, 3, 0, 0.1, 235004, 122.91
1914, 29962, 117, 0, 0, 0.1, 235121, 122.907
1915, 30472, 127, 0, 0, 0.1, 235248, 122.909
1916, 29962, 127, 2, 1, 0.1, 235375, 122.911
1917, 30472, 127, 0, 0, 0.1, 235502, 122.913
1918, 29962, 127, 2, 0, 0.1, 235629, 122.915
1919, 30472, 127, 0, 0, 0.1, 235756, 122.918
1920, 29962, 127, 1, 0, 0.1, 235883, 122.92
1921, 29962, 117, 0, 0, 0.1, 236000, 122.917
1922, 32002, 137, 3, 1, 0.1, 236137, 122.924
1923, 30725, 127, 0, 0, 0.1, 236264, 122.926
1924, 30725, 117, 1, 0, 0.1, 236381, 122.923
1925, 32002, 127, 3, 0, 0.1, 236508, 122.925
1926, 30725, 127, 3, 0, 0.1, 236635, 122.927
1927, 31745, 127, 3, 0, 0.1, 236762, 122.929
1928, 30725, 127, 0, 0, 0.1, 236889, 122.931
1929, 30725, 117, 3, 0, 0.1, 237006, 122.928
1930, 30725, 137, 1, 0, 0.1, 237143, 122.936
1931, 30725, 127, 3, 0, 0.1, 237270, 122.938
1932, 30725, 127, 1, 0, 0.1, 237397, 122.94
1933, 30725, 127, 0, 0, 0.1, 237524, 122.942
1934, 30725, 117, 2, 0, 0.1, 237641, 122.939
1935, 30725, 117, 0, 0, 0.1, 237758, 122.936
1936, 30725, 117, 2, 0, 0.1, 237875, 122.933
1937, 30725, 117, 0, 0, 0.1, 237992, 122.93
1938, 30725, 117, 2, 0, 0.1, 238109, 122.927
1939, 30725, 117, 1, 1, 0.1, 238226, 122.924
1940, 31745, 127, 2, 0, 0.1, 238353, 122.926
1941, 29706, 137, 3, 0, 0.1, 238490, 122.933
1942, 29706, 117, 1, 0, 0.1, 238607, 122.93
1943, 29706, 117, 3, 0, 0.1, 238724, 122.927
1944, 29706, 117, 2, 0, 0.1, 238841, 122.924
1945, 29706, 127, 3, 0, 0.1, 238968, 122.926
1946, 29706, 117, 2, 0, 0.1, 239085, 122.923
1947, 29706, 137, 1, 0, 0.1, 239222, 122.93
1948, 29706, 117, 0, 0, 0.1, 239339, 122.927
1949, 25610, 127, 0, 0, 0.1, 239466, 122.929
1950, 17418, 127, 3, 0, 0.1, 239593, 122.931
1951, 17418, 117, 1, 1, 0.1, 239710, 122.928
1952, 17418, 117, 3, 0, 0.1, 239827, 122.925
1953, 17418, 117, 1, 0, 0.1, 239944, 122.922
1954, 17418, 117, 0, 0, 0.1, 240061, 122.919
1955, 27649, 127, 3, 0, 0.1, 240188, 122.921
1956, 30725, 127, 3, 0, 0.1, 240315, 122.923
1957, 30725, 127, 1, 0, 0.1, 240442, 122.925
1958, 30725, 127, 3, 0, 0.1, 240569, 122.927
1959, 30725, 127, 0, 0, 0.1, 240696, 122.93
1960, 30725, 117, 1, 0, 0.1, 240813, 122.926
1961, 30725, 127, 1, 0, 0.1, 240940, 122.929
1962, 27649, 127, 0, 0, 0.1, 241067, 122.931
1963, 27649, 117, 3, 0, 0.1, 241184, 122.928
1964, 30725, 127, 3, 0, 0.1, 241311, 122.93
1965, 30725, 127, 3, 0, 0.1, 241438, 122.932
1966, 28677, 137, 3, 0, 0.1, 241575, 122.939
1967, 29705, 127, 1, 0, 0.1, 241702, 122.941
1968, 28677, 127, 3, 0, 0.1, 241829, 122.943
1969, 29769, 127, 2, 0, 0.1, 241956, 122.945
1970, 29722, 87, 3, 0, 0.1, 242043, 122.927
1971, 29962, 117, 0, 0, 0.1, 242160, 122.924
1972, 30472, 127, 3, 0, 0.1, 242287, 122.926
1973, 30472, 117, 1, 0, 0.1, 242404, 122.923
1974, 29189, 127, 0, 0, 0.1, 242531, 122.925
1975, 29189, 117, 0, 0, 0.1, 242648, 122.922
1976, 29189, 117, 0, 0, 0.1, 242765, 122.919
1977, 29189, 117, 0, 0, 0.1, 242882, 122.916
1978, 29189, 117, 3, 0, 0.1, 242999, 122.913
1979, 30472, 127, 0, 0, 0.1, 243126, 122.915
1980, 29962, 127, 0, 0, 0.1, 243253, 122.917
1981, 32002, 137, 3, 0, 0.1, 243390, 122.924
1982, 30725, 137, 2, 0, 0.1, 243527, 122.931
1983, 30725, 117, 1, 0, 0.1, 243644, 122.928
1984, 32002, 127, 2, 0, 0.1, 243771, 122.93
1985, 25866, 127, 2, 0, 0.1, 243898, 122.932
1986, 30472, 127, 3, 0, 0.1, 244025, 122.935
1987, 30472, 117, 0, 0, 0.1, 244142, 122.932
1988, 25866, 127, 2, 0, 0.1, 244269, 122.934
1989, 30472, 127, 1, 0, 0.1, 244396, 122.936
1990, 29189, 127, 3, 0, 0.1, 244523, 122.938
1991, 30472, 127, 1, 1, 0.1, 244650, 122.94
1992, 29189, 127, 3, 0, 0.1, 244777, 122.942
1993, 30472, 127, 0, 0, 0.1, 244904, 122.944
1994, 25866, 127, 2, 0, 0.1, 245031, 122.946
1995, 30472, 127, 1, 0, 0.1, 245158, 122.948
1996, 29189, 127, 3, 0, 0.1, 245285, 122.95
1997, 30472, 127, 2, 0, 0.1, 245412, 122.952
1998, 29962, 127, 1, 0, 0.1, 245539, 122.954
1999, 29962, 117, 1, 0, 0.1, 245656, 122.951
2000, 29962, 117, 2, 0, 0.1, 245773, 122.948
2001, 29960, 137, 3, 1, 0.1, 245910, 122.955
2002, 29960, 117, 1, 0, 0.1, 246027, 122.952
2003, 28677, 127, 3, 0, 0.1, 246154, 122.954
2004, 29960, 127, 1, 0, 0.1, 246281, 122.956
2005, 28677, 127, 3, 0, 0.1, 246408, 122.958
2006, 29960, 127, 3, 0, 0.1, 246535, 122.96
2007, 29960, 117, 0, 0, 0.1, 246652, 122.957
2008, 29962, 127, 0, 0, 0.1, 246779, 122.959
2009, 30472, 127, 1, 0, 0.1, 246906, 122.961
2010, 29189, 127, 2, 0, 0.1, 247033, 122.963
2011, 29189, 117, 0, 0, 0.1, 247150, 122.96
2012, 29189, 117, 0, 0, 0.1, 247267, 122.957
2013, 29189, 117, 3, 0, 0.1, 247384, 122.954
2014, 30472, 127, 0, 0, 0.1, 247511, 122.956
2015, 25866, 127, 2, 0, 0.1, 247638, 122.958
2016, 30472, 127, 1, 0, 0.1, 247765, 122.96
2017, 29189, 127, 1, 0, 0.1, 247892, 122.962
2018, 29954, 137, 3, 1, 0.1, 248029, 122.969
2019, 28677, 127, 1, 0, 0.1, 248156, 122.971
2020, 29954, 127, 0, 0, 0.1, 248283, 122.973
2021, 29706, 137, 3, 0, 0.1, 248420, 122.98
2022, 29706, 117, 2, 0, 0.1, 248537, 122.977
2023, 29698, 127, 2, 0, 0.1, 248664, 122.979
2024, 17418, 137, 1, 0, 0.1, 248801, 122.986
2025, 17418, 117, 3, 0, 0.1, 248918, 122.983
2026, 17418, 117, 3, 0, 0.1, 249035, 122.98
2027, 17418, 117, 3, 0, 0.1, 249152, 122.977
2028, 17418, 117, 0, 0, 0.1, 249269, 122.974
2029, 25602, 127, 2, 0, 0.1, 249396, 122.976
2030, 17418, 127, 3, 0, 0.1, 249523, 122.978
2031, 17418, 117, 2, 0, 0.1, 249640, 122.975
2032, 25602, 127, 3, 0, 0.1, 249767, 122.977
2033, 28677, 127, 0, 0, 0.1, 249894, 122.979
2034, 28677, 117, 3, 0, 0.1, 250011, 122.976
2035, 29960, 127, 2, 0, 0.1, 250138, 122.978
2036, 29962, 137, 1, 0, 0.1, 250275, 122.985
2037, 29962, 117, 2, 0, 0.1, 250392, 122.982
2038, 32002, 137, 2, 0, 0.1, 250529, 122.989
2039, 29962, 127, 2, 1, 0.1, 250656, 122.991
2040, 32640, 137, 1, 0, 0.1, 250793, 122.998
2041, 31365, 127, 1, 0, 0.1, 250920, 123
2042, 31620, 137, 1, 0, 0.1, 251057, 123.007
2043, 31237, 127, 1, 0, 0.1, 251184, 123.009
2044, 31747, 137, 3, 0, 0.1, 251321, 123.016
2045, 30725, 127, 3, 0, 0.1, 251448, 123.018
2046, 31108, 127, 0, 0, 0.1, 251575, 123.02
2047, 24586, 137, 1, 0, 0.1, 251712, 123.026
2048, 24586, 117, 2, 0, 0.1, 251829, 123.023
2049, 26628, 127, 0, 0, 0.1, 251956, 123.025
2050, 24586, 127, 2, 0, 0.1, 252083, 123.027
2051, 26628, 127, 0, 0, 0.1, 252210, 123.029
2052, 24586, 127, 3, 0, 0.1, 252337, 123.031
2053, 24586, 117, 1, 0, 0.1, 252454, 123.028
2054, 24586, 117, 2, 1, 0.1, 252571, 123.025
2055, 26756, 127, 1, 0, 0.1, 252698, 123.027
2056, 26757, 127, 0, 0, 0.1, 252825, 123.029
2057, 26629, 117, 2, 0, 0.1, 252942, 123.026
2058, 26629, 117, 1, 0, 0.1, 253059, 123.023
2059, 31747, 127, 2, 0, 0.1, 253186, 123.025
2060, 29706, 127, 1, 0, 0.1, 253313, 123.027
2061, 29706, 117, 2, 0, 0.1, 253430, 123.024
2062, 29698, 137, 3, 0, 0.1, 253567, 123.031
2063, 28677, 127, 3, 0, 0.1, 253694, 123.033
2064, 28681, 127, 3, 0, 0.1, 253821, 123.035
2065, 28681, 117, 2, 0, 0.1, 253938, 123.032
2066, 63494, 137, 2, 0, 0.1, 254075, 123.039
2067, 63494, 117, 1, 0, 0.1, 254192, 123.036
2068, 63494, 117, 3, 0, 0.1, 254309, 123.033
2069, 63493, 137, 1, 0, 0.1, 254446, 123.04
2070, 63494, 127, 3, 0, 0.1, 254573, 123.042
2071, 63493, 127, 0, 1, 0.1, 254700, 123.043
2072, 63493, 117, 3, 0, 0.1, 254817, 123.041
2073, 61708, 137, 2, 0, 0.1, 254954, 123.047
2074, 61708, 117, 2, 0, 0.1, 255071, 123.044
2075, 61708, 117, 0, 0, 0.1, 255188, 123.041
2076, 61706, 127, 0, 0, 0.1, 255315, 123.043
2077, 49418, 137, 2, 0, 0.1, 255452, 123.05
2078, 33034, 127, 3, 0, 0.1, 255579, 123.052
2079, 33034, 117, 1, 0, 0.1, 255696, 123.049
2080, 33034, 117, 0, 0, 0.1, 255813, 123.046
2081, 49418, 127, 3, 0, 0.1, 255940, 123.048
2082, 49418, 117, 1, 0, 0.1, 256057, 123.045
2083, 49418, 117, 0, 0, 0.1, 256174, 123.042
2084, 59648, 127, 3, 0, 0.1, 256301, 123.044
2085, 51205, 127, 1, 0, 0.1, 256428, 123.046
2086, 59648, 127, 3, 0, 0.1, 256555, 123.048
2087, 51205, 127, 2, 0, 0.1, 256682, 123.05
2088, 51205, 117, 2, 0, 0.1, 256799, 123.047
2089, 51205, 117, 1, 0, 0.1, 256916, 123.044
2090, 59648, 127, 2, 0, 0.1, 257043, 123.046
2091, 49418, 127, 3, 0, 0.1, 257170, 123.048
2092, 49418, 117, 3, 0, 0.1, 257287, 123.045
2093, 49418, 117, 1, 0, 0.1, 257404, 123.042
2094, 49418, 117, 2, 0, 0.1, 257521, 123.039
2095, 33034, 127, 3, 0, 0.1, 257648, 123.041
2096, 33034, 117, 2, 0, 0.1, 257765, 123.038
2097, 33036, 127, 0, 0, 0.1, 257892, 123.04
2098, 33034, 127, 3, 0, 0.1, 258019, 123.042
2099, 33034, 117, 0, 0, 0.1, 258136, 123.039
2100, 49418, 127, 0, 0, 0.1, 258263, 123.041
2101, 59776, 127, 0, 0, 0.1, 258390, 123.043
2102, 61706, 127, 3, 0, 0.1, 258517, 123.045
2103, 61706, 117, 0, 0, 0.1, 258634, 123.042
2104, 63746, 127, 1, 0, 0.1, 258761, 123.044
2105, 63746, 117, 3, 0, 0.1, 258878, 123.041
2106, 63493, 137, 0, 0, 0.1, 259015, 123.048
2107, 63493, 117, 0, 0, 0.1, 259132, 123.045
2108, 63493, 117, 3, 0, 0.1, 259249, 123.042
2109, 63748, 137, 1, 0, 0.1, 259386, 123.048
2110, 63493, 127, 2, 0, 0.1, 259513, 123.05
2111, 63493, 117, 1, 0, 0.1, 259630, 123.047
2112, 59650, 127, 2, 0, 0.1, 259757, 123.049
2113, 49418, 127, 2, 0, 0.1, 259884, 123.051
2114, 35200, 127, 0, 0, 0.1, 260011, 123.053
2115, 49418, 127, 2, 0, 0.1, 260138, 123.055
2116, 35200, 127, 1, 1, 0.1, 260265, 123.057
2117, 34949, 127, 2, 0, 0.1, 260392, 123.059
2118, 34949, 117, 3, 0, 0.1, 260509, 123.056
2119, 35072, 127, 0, 0, 0.1, 260636, 123.058
2120, 49418, 127, 1, 0, 0.1, 260763, 123.059
2121, 49418, 117, 1, 0, 0.1, 260880, 123.057
2122, 49418, 117, 2, 0, 0.1, 260997, 123.054
2123, 35072, 127, 1, 0, 0.1, 261124, 123.056
2124, 34821, 127, 1, 0, 0.1, 261251, 123.057
2125, 51204, 127, 3, 0, 0.1, 261378, 123.059
2126, 34821, 127, 3, 0, 0.1, 261505, 123.061
2127, 35072, 127, 1, 0, 0.1, 261632, 123.063
2128, 34821, 127, 1, 0, 0.1, 261759, 123.065
2129, 51204, 127, 3, 0, 0.1, 261886, 123.067
2130, 34821, 127, 0, 0, 0.1, 262013, 123.069
2131, 34821, 117, 1, 0, 0.1, 262130, 123.066
2132, 51204, 127, 3, 0, 0.1, 262257, 123.068
2133, 34821, 127, 3, 0, 0.1, 262384, 123.069
2134, 35072, 127, 1, 1, 0.1, 262511, 123.071
2135, 34821, 127, 0, 0, 0.1, 262638, 123.073
2136, 34821, 117, 3, 0, 0.1, 262755, 123.07
2137, 35072, 127, 2, 0, 0.1, 262882, 123.072
2138, 33034, 127, 3, 0, 0.1, 263009, 123.074
2139, 33034, 117, 0, 0, 0.1, 263126, 123.071
2140, 35072, 127, 3, 1, 0.1, 263253, 123.073
2141, 51205, 127, 1, 0, 0.1, 263380, 123.075
2142, 35072, 127, 1, 0, 0.1, 263507, 123.077
2143, 34821, 127, 1, 0, 0.1, 263634, 123.078
2144, 51204, 127, 2, 0, 0.1, 263761, 123.08
2145, 51204, 117, 3, 0, 0.1, 263878, 123.077
2146, 34821, 127, 1, 0, 0.1, 264005, 123.079
2147, 51204, 127, 0, 0, 0.1, 264132, 123.081
2148, 57354, 127, 1, 0, 0.1, 264259, 123.083
2149, 57354, 117, 2, 0, 0.1, 264376, 123.08
2150, 51204, 127, 0, 0, 0.1, 264503, 123.082
2151, 57354, 127, 0, 0, 0.1, 264630, 123.084
2152, 61960, 127, 1, 0, 0.1, 264757, 123.086
2153, 61957, 127, 3, 0, 0.1, 264884, 123.087
2154, 61960, 127, 2, 0, 0.1, 265011, 123.089
2155, 57354, 127, 2, 0, 0.1, 265138, 123.091
2156, 51204, 127, 3, 0, 0.1, 265265, 123.093
2157, 34821, 127, 0, 0, 0.1, 265392, 123.095
2158, 34821, 117, 2, 0, 0.1, 265509, 123.092
2159, 34821, 117, 1, 0, 0.1, 265626, 123.089
2160, 51332, 127, 3, 0, 0.1, 265753, 123.091
2161, 34949, 127, 2, 0, 0.1, 265880, 123.093
2162, 34949, 117, 0, 0, 0.1, 265997, 123.09
2163, 34949, 117, 3, 0, 0.1, 266114, 123.087
2164, 35200, 127, 1, 0, 0.1, 266241, 123.089
2165, 34821, 127, 1, 1, 0.1, 266368, 123.091
2166, 18436, 127, 3, 0, 0.1, 266495, 123.092
2167, 2053, 127, 3, 0, 0.1, 266622, 123.094
2168, 2304, 127, 2, 0, 0.1, 266749, 123.096
2169, 266, 127, 0, 0, 0.1, 266876, 123.098
2170, 2304, 127, 2, 0, 0.1, 267003, 123.1
2171, 266, 127, 1, 0, 0.1, 267130, 123.101
2172, 266, 117, 1, 0, 0.1, 267247, 123.099
2173, 266, 117, 0, 0, 0.1, 267364, 123.096
2174, 2304, 127, 3, 0, 0.1, 267491, 123.098
2175, 18437, 127, 1, 0, 0.1, 267618, 123.099
2176, 2304, 127, 0, 1, 0.1, 267745, 123.101
2177, 16650, 127, 0, 0, 0.1, 267872, 123.103
2178, 26882, 127, 1, 0, 0.1, 267999, 123.105
2179, 26882, 117, 0, 0, 0.1, 268116, 123.102
2180, 16650, 127, 1, 0, 0.1, 268243, 123.104
2181, 16650, 117, 2, 1, 0.1, 268360, 123.101
2182, 26882, 127, 3, 0, 0.1, 268487, 123.103
2183, 30725, 127, 1, 0, 0.1, 268614, 123.104
2184, 26882, 127, 1, 0, 0.1, 268741, 123.106
2185, 26882, 117, 0, 0, 0.1, 268858, 123.103
2186, 16650, 127, 0, 0, 0.1, 268985, 123.105
2187, 264, 127, 0, 0, 0.1, 269112, 123.107
2188, 266, 127, 1, 0, 0.1, 269239, 123.109
2189, 266, 117, 1, 0, 0.1, 269356, 123.106
2190, 266, 117, 3, 0, 0.1, 269473, 123.103
2191, 266, 117, 2, 0, 0.1, 269590, 123.1
2192, 264, 127, 2, 0, 0.1, 269717, 123.102
2193, 16650, 127, 2, 0, 0.1, 269844, 123.104
2194, 26882, 127, 3, 0, 0.1, 269971, 123.106
2195, 30725, 127, 0, 0, 0.1, 270098, 123.108
2196, 30725, 117, 2, 0, 0.1, 270215, 123.105
2197, 30725, 117, 3, 0, 0.1, 270332, 123.102
2198, 30980, 127, 0, 0, 0.1, 270459, 123.104
2199, 28938, 127, 2, 0, 0.1, 270586, 123.106
2200, 30980, 127, 0, 0, 0.1, 270713, 123.107
2201, 28938, 127, 2, 0, 0.1, 270840, 123.109
2202, 30980, 127, 2, 0, 0.1, 270967, 123.111
2203, 30980, 117, 0, 0, 0.1, 271084, 123.108
2204, 28938, 127, 1, 0, 0.1, 271211, 123.11
2205, 28938, 117, 0, 0, 0.1, 271328, 123.107
2206, 28938, 127, 3, 0, 0.1, 271455, 123.109
2207, 28938, 117, 0, 0, 0.1, 271572, 123.106
2208, 28938, 137, 2, 0, 0.1, 271709, 123.112
2209, 24842, 127, 2, 0, 0.1, 271836, 123.114
2210, 28938, 127, 3, 0, 0.1, 271963, 123.116
2211, 28938, 117, 1, 1, 0.1, 272080, 123.113
2212, 28938, 117, 2, 0, 0.1, 272197, 123.11
2213, 30980, 127, 3, 0, 0.1, 272324, 123.112
2214, 30725, 137, 0, 1, 0.1, 272461, 123.118
2215, 30725, 117, 1, 1, 0.1, 272578, 123.116
2216, 30980, 127, 3, 0, 0.1, 272705, 123.117
2217, 30725, 127, 3, 0, 0.1, 272832, 123.119
2218, 30725, 137, 1, 0, 0.1, 272969, 123.125
2219, 26629, 127, 0, 0, 0.1, 273096, 123.127
2220, 26629, 117, 3, 0, 0.1, 273213, 123.124
2221, 30725, 127, 1, 0, 0.1, 273340, 123.126
2222, 26629, 127, 0, 0, 0.1, 273467, 123.128
2223, 26629, 117, 2, 0, 0.1, 273584, 123.125
2224, 26629, 117, 2, 0, 0.1, 273701, 123.122
2225, 26629, 117, 0, 0, 0.1, 273818, 123.12
2226, 26629, 117, 1, 0, 0.1, 273935, 123.117
2227, 18692, 127, 3, 0, 0.1, 274062, 123.119
2228, 26629, 127, 0, 0, 0.1, 274189, 123.12
2229, 26629, 117, 1, 0, 0.1, 274306, 123.118
2230, 18692, 127, 0, 1, 0.1, 274433, 123.119
2231, 16650, 127, 3, 0, 0.1, 274560, 123.121
2232, 16650, 117, 1, 0, 0.1, 274677, 123.118
2233, 16650, 117, 3, 0, 0.1, 274794, 123.116
2234, 16650, 117, 1, 0, 0.1, 274911, 123.113
2235, 16650, 117, 1, 1, 0.1, 275028, 123.11
2236, 16650, 117, 3, 0, 0.1, 275145, 123.107
2237, 16650, 117, 3, 0, 0.1, 275262, 123.105
2238, 16650, 117, 1, 0, 0.1, 275379, 123.102
2239, 16650, 117, 2, 0, 0.1, 275496, 123.099
2240, 18692, 127, 0, 0, 0.1, 275623, 123.101
2241, 16650, 127, 3, 0, 0.1, 275750, 123.103
2242, 16650, 117, 2, 0, 0.1, 275867, 123.1
2243, 18692, 127, 3, 0, 0.1, 275994, 123.102
2244, 26629, 127, 0, 0, 0.1, 276121, 123.103
2245, 26629, 117, 0, 0, 0.1, 276238, 123.101
2246, 26629, 117, 0, 0, 0.1, 276355, 123.098
2247, 26629, 117, 3, 0, 0.1, 276472, 123.095
2248, 30725, 127, 1, 0, 0.1, 276599, 123.097
2249, 26629, 127, 2, 0, 0.1, 276726, 123.099
2250, 26629, 117, 1, 0, 0.1, 276843, 123.096
2251, 18692, 127, 3, 0, 0.1, 276970, 123.098
2252, 26629, 127, 1, 0, 0.1, 277097, 123.1
2253, 18692, 127, 0, 0, 0.1, 277224, 123.101
2254, 16650, 127, 2, 0, 0.1, 277351, 123.103
2255, 18692, 127, 0, 0, 0.1, 277478, 123.105
2256, 16650, 127, 3, 0, 0.1, 277605, 123.106
2257, 16650, 117, 2, 1, 0.1, 277722, 123.104
2258, 18692, 127, 2, 0, 0.1, 277849, 123.105
2259, 18692, 117, 2, 0, 0.1, 277966, 123.103
2260, 18692, 117, 0, 0, 0.1, 278083, 123.1
2261, 16650, 127, 2, 1, 0.1, 278210, 123.102
2262, 18692, 127, 2, 0, 0.1, 278337, 123.103
2263, 18692, 117, 0, 0, 0.1, 278454, 123.101
2264, 16650, 127, 3, 0, 0.1, 278581, 123.103
2265, 16650, 117, 3, 0, 0.1, 278698, 123.1
2266, 16650, 117, 0, 0, 0.1, 278815, 123.097
2267, 24842, 127, 3, 0, 0.1, 278942, 123.099
2268, 24842, 117, 0, 0, 0.1, 279059, 123.096
2269, 28938, 127, 0, 0, 0.1, 279186, 123.098
2270, 28938, 127, 3, 0, 0.1, 279313, 123.1
2271, 28938, 117, 2, 0, 0.1, 279430, 123.097
2272, 28938, 127, 2, 0, 0.1, 279557, 123.099
2273, 24842, 127, 3, 0, 0.1, 279684, 123.1
2274, 24842, 117, 3, 0, 0.1, 279801, 123.098
2275, 24842, 117, 1, 0, 0.1, 279918, 123.095
2276, 24842, 117, 2, 0, 0.1, 280035, 123.092
2277, 16650, 127, 0, 0, 0.1, 280162, 123.094
2278, 24842, 127, 0, 0, 0.1, 280289, 123.096
2279, 28938, 127, 1, 0, 0.1, 280416, 123.097
2280, 28938, 117, 3, 0, 0.1, 280533, 123.095
2281, 28938, 117, 3, 0, 0.1, 280650, 123.092
2282, 28938, 117, 0, 0, 0.1, 280767, 123.089
2283, 28938, 127, 2, 0, 0.1, 280894, 123.091
2284, 28938, 127, 2, 0, 0.1, 281021, 123.093
2285, 24842, 127, 3, 0, 0.1, 281148, 123.095
2286, 24842, 117, 0, 0, 0.1, 281265, 123.092
2287, 28938, 127, 2, 0, 0.1, 281392, 123.094
2288, 24842, 127, 2, 0, 0.1, 281519, 123.095
2289, 16650, 127, 3, 1, 0.1, 281646, 123.097
2290, 16650, 117, 1, 0, 0.1, 281763, 123.094
2291, 16650, 117, 0, 0, 0.1, 281880, 123.092
2292, 24842, 127, 0, 0, 0.1, 282007, 123.093
2293, 28938, 127, 1, 1, 0.1, 282134, 123.095
2294, 28938, 117, 1, 0, 0.1, 282251, 123.092
2295, 28938, 117, 0, 0, 0.1, 282368, 123.09
2296, 28938, 127, 0, 0, 0.1, 282495, 123.092
2297, 28938, 137, 2, 0, 0.1, 282632, 123.098
2298, 28938, 127, 3, 0, 0.1, 282759, 123.099
2299, 28938, 117, 2, 0, 0.1, 282876, 123.097
2300, 24842, 127, 0, 0, 0.1, 283003, 123.098
2301, 28938, 127, 2, 1, 0.1, 283130, 123.1
2302, 24842, 127, 1, 0, 0.1, 283257, 123.102
2303, 24842, 117, 0, 0, 0.1, 283374, 123.099
2304, 28938, 127, 2, 0, 0.1, 283501, 123.101
2305, 24842, 127, 0, 0, 0.1, 283628, 123.102
2306, 28938, 127, 3, 0, 0.1, 283755, 123.104
2307, 28938, 117, 1, 0, 0.1, 283872, 123.101
2308, 28938, 117, 3, 0, 0.1, 283989, 123.099
2309, 28938, 117, 3, 0, 0.1, 284106, 123.096
2310, 28938, 117, 1, 0, 0.1, 284223, 123.094
2311, 28938, 117, 3, 0, 0.1, 284340, 123.091
2312, 28938, 117, 1, 0, 0.1, 284457, 123.088
2313, 28938, 117, 2, 0, 0.1, 284574, 123.086
2314, 24842, 127, 0, 0, 0.1, 284701, 123.087
2315, 28938, 127, 1, 0, 0.1, 284828, 123.089
2316, 28938, 117, 0, 0, 0.1, 284945, 123.086
2317, 28938, 127, 0, 0, 0.1, 285072, 123.088
2318, 26625, 137, 2, 1, 0.1, 285209, 123.094
2319, 16394, 127, 1, 0, 0.1, 285336, 123.096
2320, 16394, 117, 1, 1, 0.1, 285453, 123.093
2321, 16394, 117, 3, 0, 0.1, 285570, 123.091
2322, 16394, 117, 2, 0, 0.1, 285687, 123.088
2323, 10, 127, 1, 0, 0.1, 285814, 123.09
2324, 10, 117, 1, 0, 0.1, 285931, 123.087
2325, 10, 117, 2, 0, 0.1, 286048, 123.084
2326, 10, 127, 1, 0, 0.1, 286175, 123.086
2327, 10, 117, 3, 1, 0.1, 286292, 123.083
2328, 10, 117, 3, 0, 0.1, 286409, 123.081
2329, 10, 117, 0, 0, 0.1, 286526, 123.078
2330, 10, 127, 3, 0, 0.1, 286653, 123.08
2331, 10, 117, 0, 0, 0.1, 286770, 123.077
2332, 16394, 127, 0, 0, 0.1, 286897, 123.079
2333, 26625, 127, 1, 0, 0.1, 287024, 123.081
2334, 18437, 127, 3, 0, 0.1, 287151, 123.082
2335, 26625, 127, 0, 0, 0.1, 287278, 123.084
2336, 26625, 117, 0, 0, 0.1, 287395, 123.081
2337, 26625, 117, 3, 0, 0.1, 287512, 123.079
2338, 30725, 127, 2, 0, 0.1, 287639, 123.08
2339, 30725, 117, 3, 0, 0.1, 287756, 123.078
2340, 30725, 127, 0, 0, 0.1, 287883, 123.08
2341, 30725, 117, 3, 1, 0.1, 288000, 123.077
2342, 28805, 137, 3, 0, 0.1, 288137, 123.083
2343, 29737, 77, 3, 0, 0.1, 288214, 123.063
2344, 29962, 117, 2, 0, 0.1, 288331, 123.061
2345, 30472, 127, 1, 0, 0.1, 288458, 123.062
2346, 29189, 127, 1, 0, 0.1, 288585, 123.064
2347, 29954, 137, 0, 1, 0.1, 288722, 123.07
2348, 29962, 137, 2, 0, 0.1, 288859, 123.076
2349, 29954, 127, 1, 0, 0.1, 288986, 123.078
2350, 29954, 117, 2, 1, 0.1, 289103, 123.075
2351, 29962, 137, 3, 0, 0.1, 289240, 123.081
2352, 29962, 117, 3, 1, 0.1, 289357, 123.078
2353, 29962, 117, 0, 0, 0.1, 289474, 123.076
2354, 25858, 127, 0, 0, 0.1, 289601, 123.077
2355, 29962, 127, 3, 1, 0.1, 289728, 123.079
2356, 29962, 117, 3, 0, 0.1, 289845, 123.076
2357, 29962, 117, 3, 1, 0.1, 289962, 123.074
2358, 29962, 117, 0, 0, 0.1, 290079, 123.071
2359, 29954, 127, 1, 0, 0.1, 290206, 123.073
2360, 29954, 117, 2, 0, 0.1, 290323, 123.07
2361, 29962, 127, 2, 0, 0.1, 290450, 123.072
2362, 25858, 127, 1, 0, 0.1, 290577, 123.074
2363, 25858, 117, 2, 0, 0.1, 290694, 123.071
2364, 29962, 127, 3, 0, 0.1, 290821, 123.073
2365, 29962, 117, 3, 0, 0.1, 290938, 123.07
2366, 29962, 117, 2, 0, 0.1, 291055, 123.068
2367, 29960, 127, 1, 0, 0.1, 291182, 123.069
2368, 28677, 127, 2, 0, 0.1, 291309, 123.071
2369, 28677, 117, 2, 0, 0.1, 291426, 123.068
2370, 28677, 117, 3, 0, 0.1, 291543, 123.066
2371, 29960, 127, 1, 0, 0.1, 291670, 123.068
2372, 28677, 127, 0, 0, 0.1, 291797, 123.069
2373, 28677, 117, 3, 0, 0.1, 291914, 123.067
2374, 29960, 127, 0, 0, 0.1, 292041, 123.068
2375, 29962, 127, 2, 0, 0.1, 292168, 123.07
2376, 29960, 127, 1, 0, 0.1, 292295, 123.072
2377, 28677, 127, 3, 0, 0.1, 292422, 123.073
2378, 29960, 127, 0, 0, 0.1, 292549, 123.075
2379, 29962, 127, 0, 0, 0.1, 292676, 123.077
2380, 25858, 127, 0, 0, 0.1, 292803, 123.078
2381, 29962, 127, 1, 0, 0.1, 292930, 123.08
2382, 29962, 117, 0, 0, 0.1, 293047, 123.077
2383, 29954, 127, 1, 1, 0.1, 293174, 123.079
2384, 29954, 117, 0, 0, 0.1, 293291, 123.076
2385, 29962, 137, 1, 0, 0.1, 293428, 123.082
2386, 29962, 117, 3, 0, 0.1, 293545, 123.08
2387, 29962, 117, 2, 0, 0.1, 293662, 123.077
2388, 29954, 127, 2, 0, 0.1, 293789, 123.079
2389, 25866, 127, 1, 0, 0.1, 293916, 123.08
2390, 25866, 117, 2, 0, 0.1, 294033, 123.078
2391, 25858, 127, 2, 0, 0.1, 294160, 123.079
2392, 29962, 127, 0, 0, 0.1, 294287, 123.081
2393, 25858, 127, 0, 0, 0.1, 294414, 123.083
2394, 25866, 127, 2, 0, 0.1, 294541, 123.084
2395, 25858, 127, 0, 0, 0.1, 294668, 123.086
2396, 25866, 127, 2, 0, 0.1, 294795, 123.088
2397, 25858, 127, 0, 0, 0.1, 294922, 123.089
2398, 25866, 127, 3, 0, 0.1, 295049, 123.091
2399, 25866, 117, 0, 0, 0.1, 295166, 123.088
2400, 29954, 127, 3, 0, 0.1, 295293, 123.09
2401, 28677, 127, 3, 0, 0.1, 295420, 123.092
2402, 29976, 127, 2, 0, 0.1, 295547, 123.093
2403, 29978, 127, 2, 0, 0.1, 295674, 123.095
2404, 25880, 127, 3, 1, 0.1, 295801, 123.097
2405, 25880, 117, 1, 0, 0.1, 295918, 123.094
2406, 16517, 127, 0, 0, 0.1, 296045, 123.096
2407, 16389, 67, 3, 0, 0.1, 296112, 123.072
2408, 29962, 117, 0, 0, 0.1, 296229, 123.07
2409, 29960, 137, 3, 0, 0.1, 296366, 123.076
2410, 29960, 117, 2, 0, 0.1, 296483, 123.073
2411, 29962, 127, 0, 0, 0.1, 296610, 123.075
2412, 29960, 127, 1, 0, 0.1, 296737, 123.076
2413, 28677, 127, 3, 0, 0.1, 296864, 123.078
2414, 29960, 127, 0, 0, 0.1, 296991, 123.08
2415, 29962, 137, 2, 0, 0.1, 297128, 123.085
2416, 29960, 127, 0, 0, 0.1, 297255, 123.087
2417, 29962, 127, 2, 0, 0.1, 297382, 123.089
2418, 29960, 127, 1, 0, 0.1, 297509, 123.09
2419, 28677, 127, 3, 0, 0.1, 297636, 123.092
2420, 29960, 127, 2, 0, 0.1, 297763, 123.093
2421, 29962, 127, 3, 0, 0.1, 297890, 123.095
2422, 29962, 117, 3, 0, 0.1, 298007, 123.093
2423, 29962, 117, 2, 0, 0.1, 298124, 123.09
2424, 30472, 137, 2, 0, 0.1, 298261, 123.096
2425, 29962, 137, 3, 0, 0.1, 298398, 123.101
2426, 29962, 117, 2, 0, 0.1, 298515, 123.099
2427, 32002, 137, 1, 1, 0.1, 298652, 123.105
2428, 32002, 117, 1, 0, 0.1, 298769, 123.102
2429, 32002, 117, 2, 0, 0.1, 298886, 123.1
2430, 29962, 127, 2, 0, 0.1, 299013, 123.101
2431, 32512, 127, 0, 0, 0.1, 299140, 123.103
2432, 29962, 127, 2, 0, 0.1, 299267, 123.104
2433, 32512, 127, 1, 0, 0.1, 299394, 123.106
2434, 31237, 137, 3, 0, 0.1, 299531, 123.112
2435, 32512, 127, 1, 0, 0.1, 299658, 123.113
2436, 31237, 127, 0, 1, 0.1, 299785, 123.115
2437, 31237, 117, 0, 0, 0.1, 299902, 123.112
2438, 31237, 117, 3, 0, 0.1, 300019, 123.11
2439, 32512, 127, 2, 1, 0.1, 300146, 123.112
2440, 29962, 137, 1, 0, 0.1, 300283, 123.117
2441, 29962, 117, 2, 0, 0.1, 300400, 123.115
2442, 24842, 137, 2, 0, 0.1, 300537, 123.12
2443, 28940, 127, 3, 0, 0.1, 300664, 123.122
2444, 28940, 117, 0, 0, 0.1, 300781, 123.12
2445, 24842, 127, 1, 0, 0.1, 300908, 123.121
2446, 24842, 117, 3, 0, 0.1, 301025, 123.119
2447, 24842, 117, 1, 0, 0.1, 301142, 123.116
2448, 24842, 117, 2, 0, 0.1, 301259, 123.114
2449, 28940, 127, 1, 1, 0.1, 301386, 123.115
2450, 28677, 127, 3, 0, 0.1, 301513, 123.117
2451, 28940, 127, 1, 0, 0.1, 301640, 123.118
2452, 28677, 127, 2, 0, 0.1, 301767, 123.12
2453, 28677, 117, 1, 0, 0.1, 301884, 123.117
2454, 49158, 137, 3, 0, 0.1, 302021, 123.123
2455, 32773, 127, 3, 0, 0.1, 302148, 123.125
2456, 49420, 127, 0, 0, 0.1, 302275, 123.126
2457, 57610, 127, 0, 0, 0.1, 302402, 123.128
2458, 61706, 127, 3, 1, 0.1, 302529, 123.129
2459, 61706, 117, 0, 0, 0.1, 302646, 123.127
2460, 64256, 127, 1, 0, 0.1, 302773, 123.129
2461, 64005, 127, 0, 0, 0.1, 302900, 123.13
2462, 64005, 117, 3, 0, 0.1, 303017, 123.128
2463, 64256, 127, 0, 0, 0.1, 303144, 123.129
2464, 61706, 127, 1, 0, 0.1, 303271, 123.131
2465, 61706, 117, 3, 0, 0.1, 303388, 123.128
2466, 61706, 117, 3, 0, 0.1, 303505, 123.126
2467, 61706, 117, 2, 0, 0.1, 303622, 123.123
2468, 64256, 127, 0, 0, 0.1, 303749, 123.125
2469, 61706, 127, 0, 0, 0.1, 303876, 123.126
2470, 63746, 127, 3, 0, 0.1, 304003, 123.128
2471, 63493, 127, 1, 0, 0.1, 304130, 123.13
2472, 63746, 127, 1, 0, 0.1, 304257, 123.131
2473, 63746, 117, 0, 0, 0.1, 304374, 123.129
2474, 61706, 127, 2, 0, 0.1, 304501, 123.13
2475, 63746, 127, 1, 0, 0.1, 304628, 123.132
2476, 63746, 117, 2, 0, 0.1, 304745, 123.129
2477, 61706, 127, 2, 0, 0.1, 304872, 123.131
2478, 64256, 127, 2, 0, 0.1, 304999, 123.132
2479, 61706, 127, 2, 0, 0.1, 305126, 123.134
2480, 57610, 127, 3, 0, 0.1, 305253, 123.136
2481, 57610, 117, 3, 0, 0.1, 305370, 123.133
2482, 57610, 117, 1, 0, 0.1, 305487, 123.131
2483, 57610, 117, 1, 0, 0.1, 305604, 123.128
2484, 57610, 117, 0, 0, 0.1, 305721, 123.126
2485, 61706, 127, 0, 0, 0.1, 305848, 123.127
2486, 64256, 127, 2, 0, 0.1, 305975, 123.129
2487, 61706, 127, 3, 0, 0.1, 306102, 123.13
2488, 61706, 117, 2, 0, 0.1, 306219, 123.128
2489, 57610, 127, 0, 0, 0.1, 306346, 123.129
2490, 61706, 127, 1, 0, 0.1, 306473, 123.131
2491, 61706, 117, 3, 0, 0.1, 306590, 123.129
2492, 61706, 117, 0, 0, 0.1, 306707, 123.126
2493, 64256, 127, 3, 0, 0.1, 306834, 123.128
2494, 59909, 137, 3, 0, 0.1, 306971, 123.133
2495, 64005, 127, 2, 0, 0.1, 307098, 123.135
2496, 64005, 117, 1, 0, 0.1, 307215, 123.132
2497, 59909, 127, 0, 0, 0.1, 307342, 123.134
2498, 59909, 117, 3, 0, 0.1, 307459, 123.131
2499, 64005, 127, 0, 0, 0.1, 307586, 123.133
2500, 64005, 117, 2, 0, 0.1, 307703, 123.13
2501, 64005, 117, 3, 0, 0.1, 307820, 123.128
2502, 64005, 127, 3, 0, 0.1, 307947, 123.13
2503, 65025, 137, 2, 0, 0.1, 308084, 123.135
2504, 62474, 137, 2, 0, 0.1, 308221, 123.141
2505, 62538, 137, 3, 1, 0.1, 308358, 123.146
2506, 62474, 117, 3, 1, 0.1, 308475, 123.144
2507, 62538, 117, 3, 0, 0.1, 308592, 123.141
2508, 62474, 117, 3, 0, 0.1, 308709, 123.139
2509, 62474, 117, 3, 0, 0.1, 308826, 123.136
2510, 62474, 117, 1, 0, 0.1, 308943, 123.134
2511, 62474, 117, 1, 0, 0.1, 309060, 123.131
2512, 62474, 117, 0, 0, 0.1, 309177, 123.129
2513, 58378, 127, 0, 0, 0.1, 309304, 123.131
2514, 60929, 127, 3, 0, 0.1, 309431, 123.132
2515, 64005, 127, 3, 0, 0.1, 309558, 123.134
2516, 64005, 127, 3, 0, 0.1, 309685, 123.135
2517, 64005, 137, 1, 0, 0.1, 309822, 123.141
2518, 64005, 127, 0, 0, 0.1, 309949, 123.142
2519, 64005, 117, 1, 0, 0.1, 310066, 123.14
2520, 59941, 127, 2, 0, 0.1, 310193, 123.141
2521, 59909, 117, 2, 1, 0.1, 310310, 123.139
2522, 59941, 117, 1, 0, 0.1, 310427, 123.136
2523, 52737, 127, 3, 0, 0.1, 310554, 123.138
2524, 59941, 127, 0, 0, 0.1, 310681, 123.14
2525, 59909, 117, 0, 0, 0.1, 310798, 123.137
2526, 59909, 117, 1, 0, 0.1, 310915, 123.135
2527, 52737, 127, 0, 0, 0.1, 311042, 123.136
2528, 52737, 117, 2, 0, 0.1, 311159, 123.134
2529, 58378, 127, 2, 1, 0.1, 311286, 123.135
2530, 62474, 127, 3, 0, 0.1, 311413, 123.137
2531, 62474, 117, 3, 0, 0.1, 311530, 123.134
2532, 62474, 117, 0, 0, 0.1, 311647, 123.132
2533, 58378, 127, 1, 0, 0.1, 311774, 123.133
2534, 58378, 117, 2, 1, 0.1, 311891, 123.131
2535, 62474, 127, 3, 0, 0.1, 312018, 123.133
2536, 62474, 117, 3, 0, 0.1, 312135, 123.13
2537, 62474, 117, 0, 0, 0.1, 312252, 123.128
2538, 58378, 127, 3, 0, 0.1, 312379, 123.129
2539, 58378, 117, 2, 0, 0.1, 312496, 123.127
2540, 62474, 127, 1, 1, 0.1, 312623, 123.128
2541, 62474, 117, 0, 0, 0.1, 312740, 123.126
2542, 58378, 127, 0, 0, 0.1, 312867, 123.128
2543, 52737, 127, 0, 0, 0.1, 312994, 123.129
2544, 52737, 117, 2, 0, 0.1, 313111, 123.127
2545, 58378, 127, 1, 1, 0.1, 313238, 123.128
2546, 58378, 117, 3, 0, 0.1, 313355, 123.126
2547, 58378, 117, 3, 0, 0.1, 313472, 123.123
2548, 58378, 117, 3, 0, 0.1, 313589, 123.121
2549, 58378, 117, 2, 0, 0.1, 313706, 123.119
2550, 62474, 127, 2, 0, 0.1, 313833, 123.12
2551, 62474, 127, 2, 1, 0.1, 313960, 123.122
2552, 62474, 137, 2, 0, 0.1, 314097, 123.127
2553, 62474, 127, 0, 0, 0.1, 314224, 123.129
2554, 29706, 127, 2, 0, 0.1, 314351, 123.13
2555, 29706, 127, 2, 0, 0.1, 314478, 123.132
2556, 29706, 137, 1, 0, 0.1, 314615, 123.137
2557, 29706, 117, 2, 0, 0.1, 314732, 123.135
2558, 29706, 137, 1, 0, 0.1, 314869, 123.14
2559, 29706, 117, 2, 0, 0.1, 314986, 123.138
2560, 29706, 137, 3, 0, 0.1, 315123, 123.143
2561, 29706, 117, 2, 0, 0.1, 315240, 123.141
2562, 31236, 137, 3, 0, 0.1, 315377, 123.146
2563, 27141, 127, 0, 0, 0.1, 315504, 123.148
2564, 27141, 117, 3, 0, 0.1, 315621, 123.145
2565, 31237, 127, 1, 0, 0.1, 315748, 123.147
2566, 27141, 127, 3, 1, 0.1, 315875, 123.148
2567, 31237, 127, 3, 0, 0.1, 316002, 123.15
2568, 31237, 127, 3, 0, 0.1, 316129, 123.151
2569, 31492, 137, 2, 0, 0.1, 316266, 123.157
2570, 31492, 117, 3, 0, 0.1, 316383, 123.154
2571, 29189, 137, 1, 0, 0.1, 316520, 123.16
2572, 29444, 127, 1, 0, 0.1, 316647, 123.161
2573, 29317, 127, 1, 0, 0.1, 316774, 123.163
2574, 25093, 127, 3, 0, 0.1, 316901, 123.164
2575, 29317, 127, 3, 0, 0.1, 317028, 123.166
2576, 29572, 127, 3, 0, 0.1, 317155, 123.167
2577, 29317, 127, 0, 1, 0.1, 317282, 123.168
2578, 29189, 67, 2, 0, 0.1, 317349, 123.147
2579, 29960, 127, 0, 0, 0.1, 317476, 123.148
2580, 29962, 127, 1, 0, 0.1, 317603, 123.15
2581, 29962, 117, 1, 1, 0.1, 317720, 123.147
2582, 29962, 117, 0, 0, 0.1, 317837, 123.145
2583, 30472, 137, 1, 0, 0.1, 317974, 123.15
2584, 28677, 137, 3, 0, 0.1, 318111, 123.156
2585, 29960, 127, 0, 0, 0.1, 318238, 123.157
2586, 29962, 137, 0, 0, 0.1, 318375, 123.162
2587, 32002, 137, 2, 0, 0.1, 318512, 123.168
2588, 29962, 127, 0, 0, 0.1, 318639, 123.169
2589, 32002, 127, 2, 0, 0.1, 318766, 123.171
2590, 29962, 127, 0, 0, 0.1, 318893, 123.172
2591, 32002, 127, 2, 0, 0.1, 319020, 123.174
2592, 29962, 127, 3, 0, 0.1, 319147, 123.175
2593, 29962, 117, 2, 0, 0.1, 319264, 123.173
2594, 25864, 127, 0, 0, 0.1, 319391, 123.174
2595, 29962, 127, 2, 0, 0.1, 319518, 123.176
2596, 25864, 127, 0, 0, 0.1, 319645, 123.177
2597, 29962, 127, 1, 0, 0.1, 319772, 123.179
2598, 29978, 117, 1, 0, 0.1, 319889, 123.176
2599, 29962, 67, 3, 0, 0.1, 319956, 123.155
2600, 29962, 117, 0, 0, 0.1, 320073, 123.152
2601, 29960, 127, 0, 0, 0.1, 320200, 123.154
2602, 29962, 137, 2, 0, 0.1, 320337, 123.159
2603, 25864, 127, 2, 0, 0.1, 320464, 123.161
2604, 29962, 127, 0, 0, 0.1, 320591, 123.162
2605, 25864, 127, 2, 0, 0.1, 320718, 123.164
2606, 29962, 127, 1, 0, 0.1, 320845, 123.165
2607, 29962, 117, 1, 0, 0.1, 320962, 123.163
2608, 29962, 117, 0, 0, 0.1, 321079, 123.16
2609, 25864, 127, 2, 0, 0.1, 321206, 123.162
2610, 29962, 127, 3, 0, 0.1, 321333, 123.163
2611, 29962, 117, 1, 0, 0.1, 321450, 123.161
2612, 29962, 117, 3, 0, 0.1, 321567, 123.159
2613, 29962, 117, 3, 0, 0.1, 321684, 123.156
2614, 29962, 117, 0, 0, 0.1, 321801, 123.154
2615, 25864, 127, 1, 0, 0.1, 321928, 123.155
2616, 28677, 127, 3, 0, 0.1, 322055, 123.157
2617, 25864, 127, 2, 0, 0.1, 322182, 123.158
2618, 29962, 127, 1, 0, 0.1, 322309, 123.16
2619, 29962, 117, 0, 0, 0.1, 322426, 123.157
2620, 25864, 127, 3, 0, 0.1, 322553, 123.159
2621, 25864, 117, 0, 0, 0.1, 322670, 123.156
2622, 29962, 127, 2, 0, 0.1, 322797, 123.158
2623, 25864, 127, 2, 0, 0.1, 322924, 123.159
2624, 29962, 127, 0, 0, 0.1, 323051, 123.161
2625, 25864, 127, 0, 0, 0.1, 323178, 123.162
2626, 29962, 127, 3, 0, 0.1, 323305, 123.164
2627, 29962, 117, 0, 0, 0.1, 323422, 123.161
2628, 32002, 127, 3, 0, 0.1, 323549, 123.163
2629, 30725, 137, 1, 0, 0.1, 323686, 123.168
2630, 32002, 127, 0, 0, 0.1, 323813, 123.17
2631, 29962, 137, 2, 1, 0.1, 323950, 123.175
2632, 32002, 127, 2, 0, 0.1, 324077, 123.176
2633, 25866, 127, 3, 0, 0.1, 324204, 123.178
2634, 25866, 117, 3, 0, 0.1, 324321, 123.175
2635, 25866, 117, 0, 0, 0.1, 324438, 123.173
2636, 32002, 127, 1, 0, 0.1, 324565, 123.175
2637, 32002, 117, 2, 1, 0.1, 324682, 123.172
2638, 25866, 127, 0, 0, 0.1, 324809, 123.174
2639, 32002, 127, 0, 0, 0.1, 324936, 123.175
2640, 29962, 127, 3, 0, 0.1, 325063, 123.177
2641, 29962, 117, 2, 0, 0.1, 325180, 123.174
2642, 32002, 127, 0, 0, 0.1, 325307, 123.176
2643, 29962, 127, 3, 0, 0.1, 325434, 123.177
2644, 29962, 117, 0, 0, 0.1, 325551, 123.175
2645, 32000, 127, 0, 0, 0.1, 325678, 123.176
2646, 29706, 137, 0, 0, 0.1, 325815, 123.181
2647, 29706, 127, 1, 0, 0.1, 325942, 123.183
2648, 29706, 117, 2, 0, 0.1, 326059, 123.181
2649, 29706, 127, 1, 0, 0.1, 326186, 123.182
2650, 29706, 117, 1, 0, 0.1, 326303, 123.18
2651, 29706, 117, 0, 0, 0.1, 326420, 123.177
2652, 29706, 127, 0, 0, 0.1, 326547, 123.179
2653, 30217, 127, 2, 0, 0.1, 326674, 123.18
2654, 29706, 127, 3, 0, 0.1, 326801, 123.182
2655, 29706, 117, 3, 0, 0.1, 326918, 123.179
2656, 29706, 117, 2, 0, 0.1, 327035, 123.177
2657, 29706, 127, 1, 1, 0.1, 327162, 123.178
2658, 29706, 117, 2, 0, 0.1, 327279, 123.176
2659, 31744, 127, 2, 0, 0.1, 327406, 123.178
2660, 29706, 127, 2, 0, 0.1, 327533, 123.179
2661, 31746, 127, 3, 0, 0.1, 327660, 123.18
2662, 30725, 127, 1, 0, 0.1, 327787, 123.182
2663, 31746, 127, 1, 0, 0.1, 327914, 123.183
2664, 31746, 117, 3, 0, 0.1, 328031, 123.181
2665, 30725, 127, 3, 0, 0.1, 328158, 123.182
2666, 29697, 137, 2, 0, 0.1, 328295, 123.188
2667, 29706, 137, 0, 0, 0.1, 328432, 123.193
2668, 29697, 127, 1, 0, 0.1, 328559, 123.194
2669, 24581, 127, 1, 0, 0.1, 328686, 123.196
2670, 25602, 127, 3, 0, 0.1, 328813, 123.197
2671, 24581, 127, 1, 0, 0.1, 328940, 123.199
2672, 25602, 127, 1, 1, 0.1, 329067, 123.2
2673, 25602, 117, 0, 0, 0.1, 329184, 123.198
2674, 29706, 127, 2, 0, 0.1, 329311, 123.199
2675, 25602, 127, 0, 0, 0.1, 329438, 123.2
2676, 29706, 127, 2, 1, 0.1, 329565, 123.202
2677, 25730, 127, 0, 0, 0.1, 329692, 123.203
2678, 29706, 127, 2, 0, 0.1, 329819, 123.205
2679, 25730, 127, 0, 0, 0.1, 329946, 123.206
2680, 29706, 127, 1, 0, 0.1, 330073, 123.208
2681, 29706, 117, 2, 0, 0.1, 330190, 123.205
2682, 25602, 77, 3, 0, 0.1, 330267, 123.188
2683, 29962, 117, 3, 0, 0.1, 330384, 123.186
2684, 29962, 117, 0, 0, 0.1, 330501, 123.183
2685, 29960, 137, 2, 0, 0.1, 330638, 123.189
2686, 29962, 127, 3, 0, 0.1, 330765, 123.19
2687, 29962, 117, 3, 0, 0.1, 330882, 123.188
2688, 29962, 117, 2, 0, 0.1, 330999, 123.185
2689, 30472, 137, 1, 0, 0.1, 331136, 123.19
2690, 29189, 127, 3, 0, 0.1, 331263, 123.192
2691, 30472, 127, 0, 0, 0.1, 331390, 123.193
2692, 29962, 127, 1, 0, 0.1, 331517, 123.195
2693, 29962, 117, 0, 0, 0.1, 331634, 123.192
2694, 25864, 127, 0, 0, 0.1, 331761, 123.194
2695, 29962, 127, 2, 0, 0.1, 331888, 123.195
2696, 25864, 127, 0, 0, 0.1, 332015, 123.197
2697, 29962, 127, 2, 0, 0.1, 332142, 123.198
2698, 25864, 127, 1, 0, 0.1, 332269, 123.199
2699, 28677, 127, 3, 0, 0.1, 332396, 123.201
2700, 25864, 127, 1, 0, 0.1, 332523, 123.202
2701, 28677, 127, 3, 0, 0.1, 332650, 123.204
2702, 25864, 127, 0, 0, 0.1, 332777, 123.205
2703, 29962, 127, 3, 1, 0.1, 332904, 123.207
2704, 29962, 117, 1, 0, 0.1, 333021, 123.204
2705, 29962, 117, 2, 0, 0.1, 333138, 123.202
2706, 25864, 127, 2, 0, 0.1, 333265, 123.203
2707, 29962, 127, 2, 0, 0.1, 333392, 123.205
2708, 30472, 127, 0, 0, 0.1, 333519, 123.206
2709, 29962, 127, 2, 0, 0.1, 333646, 123.208
2710, 30472, 127, 1, 0, 0.1, 333773, 123.209
2711, 29189, 127, 1, 0, 0.1, 333900, 123.21
2712, 29954, 137, 3, 0, 0.1, 334037, 123.215
2713, 28677, 127, 0, 0, 0.1, 334164, 123.217
2714, 28677, 117, 3, 0, 0.1, 334281, 123.215
2715, 29960, 127, 2, 1, 0.1, 334408, 123.216
2716, 29962, 137, 0, 0, 0.1, 334545, 123.221
2717, 29960, 127, 0, 0, 0.1, 334672, 123.222
2718, 25866, 127, 0, 0, 0.1, 334799, 123.224
2719, 25864, 127, 0, 0, 0.1, 334926, 123.225
2720, 29962, 127, 2, 0, 0.1, 335053, 123.227
2721, 25864, 127, 2, 0, 0.1, 335180, 123.228
2722, 25866, 127, 1, 0, 0.1, 335307, 123.229
2723, 25866, 117, 2, 1, 0.1, 335424, 123.227
2724, 29960, 127, 2, 0, 0.1, 335551, 123.228
2725, 29962, 127, 2, 0, 0.1, 335678, 123.23
2726, 32002, 137, 3, 0, 0.1, 335815, 123.235
2727, 30725, 137, 3, 0, 0.1, 335952, 123.24
2728, 30996, 137, 3, 0, 0.1, 336089, 123.245
2729, 26629, 127, 3, 0, 0.1, 336216, 123.246
2730, 30725, 127, 3, 0, 0.1, 336343, 123.248
2731, 30725, 127, 2, 0, 0.1, 336470, 123.249
2732, 30725, 117, 2, 0, 0.1, 336587, 123.247
2733, 30725, 117, 2, 0, 0.1, 336704, 123.245
2734, 30725, 117, 0, 0, 0.1, 336821, 123.242
2735, 30725, 117, 1, 0, 0.1, 336938, 123.24
2736, 30725, 127, 2, 0, 0.1, 337065, 123.241
2737, 30725, 117, 3, 0, 0.1, 337182, 123.239
2738, 30725, 127, 3, 0, 0.1, 337309, 123.24
2739, 28940, 137, 3, 0, 0.1, 337446, 123.245
2740, 28956, 117, 2, 0, 0.1, 337563, 123.243
2741, 28956, 117, 0, 0, 0.1, 337680, 123.241
2742, 29002, 77, 2, 0, 0.1, 337757, 123.224
2743, 30472, 137, 2, 0, 0.1, 337894, 123.229
2744, 29962, 137, 0, 0, 0.1, 338031, 123.234
2745, 30472, 127, 1, 0, 0.1, 338158, 123.235
2746, 29189, 137, 3, 0, 0.1, 338295, 123.24
2747, 30472, 127, 2, 0, 0.1, 338422, 123.242
2748, 29962, 127, 0, 0, 0.1, 338549, 123.243
2749, 30472, 127, 1, 0, 0.1, 338676, 123.245
2750, 29189, 127, 2, 0, 0.1, 338803, 123.246
2751, 29189, 117, 3, 0, 0.1, 338920, 123.244
2752, 30472, 127, 2, 1, 0.1, 339047, 123.245
2753, 29962, 127, 2, 0, 0.1, 339174, 123.246
2754, 32002, 137, 0, 0, 0.1, 339311, 123.251
2755, 29962, 127, 2, 1, 0.1, 339438, 123.253
2756, 32002, 127, 0, 0, 0.1, 339565, 123.254
2757, 29962, 127, 1, 1, 0.1, 339692, 123.255
2758, 29962, 117, 0, 0, 0.1, 339809, 123.253
2759, 30472, 127, 2, 0, 0.1, 339936, 123.255
2760, 29962, 127, 0, 0, 0.1, 340063, 123.256
2761, 30472, 127, 0, 1, 0.1, 340190, 123.257
2762, 25866, 127, 2, 0, 0.1, 340317, 123.259
2763, 30472, 127, 1, 0, 0.1, 340444, 123.26
2764, 29189, 127, 1, 0, 0.1, 340571, 123.261
2765, 29954, 137, 2, 0, 0.1, 340708, 123.266
2766, 24842, 137, 2, 0, 0.1, 340845, 123.271
2767, 24840, 127, 1, 1, 0.1, 340972, 123.273
2768, 28677, 127, 3, 0, 0.1, 341099, 123.274
2769, 24840, 127, 2, 1, 0.1, 341226, 123.275
2770, 28938, 127, 2, 0, 0.1, 341353, 123.277
2771, 31492, 127, 2, 0, 0.1, 341480, 123.278
2772, 31492, 117, 0, 0, 0.1, 341597, 123.276
2773, 28938, 127, 3, 0, 0.1, 341724, 123.277
2774, 28938, 117, 0, 0, 0.1, 341841, 123.275
2775, 24840, 127, 3, 1, 0.1, 341968, 123.276
2776, 24840, 117, 2, 0, 0.1, 342085, 123.274
2777, 28938, 127, 3, 0, 0.1, 342212, 123.275
2778, 28938, 117, 2, 0, 0.1, 342329, 123.273
2779, 31492, 127, 3, 1, 0.1, 342456, 123.274
2780, 31237, 127, 3, 0, 0.1, 342583, 123.276
2781, 32512, 137, 2, 0, 0.1, 342720, 123.281
2782, 29962, 137, 1, 0, 0.1, 342857, 123.286
2783, 29962, 117, 0, 0, 0.1, 342974, 123.283
2784, 32512, 127, 1, 0, 0.1, 343101, 123.285
2785, 31237, 127, 1, 0, 0.1, 343228, 123.286
2786, 31492, 127, 0, 0, 0.1, 343355, 123.287
2787, 28938, 127, 2, 0, 0.1, 343482, 123.289
2788, 31492, 127, 1, 0, 0.1, 343609, 123.29
2789, 26629, 137, 3, 0, 0.1, 343746, 123.295
2790, 26884, 127, 3, 0, 0.1, 343873, 123.296
2791, 30725, 127, 0, 1, 0.1, 344000, 123.297
2792, 30725, 117, 0, 0, 0.1, 344117, 123.295
2793, 30725, 117, 1, 0, 0.1, 344234, 123.293
2794, 26884, 127, 3, 0, 0.1, 344361, 123.294
2795, 30725, 127, 1, 0, 0.1, 344488, 123.296
2796, 26884, 127, 2, 0, 0.1, 344615, 123.297
2797, 26884, 117, 0, 0, 0.1, 344732, 123.295
2798, 16650, 127, 1, 1, 0.1, 344859, 123.296
2799, 16650, 117, 2, 0, 0.1, 344976, 123.294
2800, 26884, 127, 2, 0, 0.1, 345103, 123.295
2801, 26884, 117, 1, 0, 0.1, 345220, 123.293
2802, 26629, 127, 1, 0, 0.1, 345347, 123.294
2803, 31747, 127, 1, 0, 0.1, 345474, 123.296
2804, 31747, 117, 1, 0, 0.1, 345591, 123.293
2805, 31747, 117, 3, 0, 0.1, 345708, 123.291
2806, 26629, 127, 3, 0, 0.1, 345835, 123.292
2807, 26884, 127, 0, 0, 0.1, 345962, 123.294
2808, 16650, 127, 1, 1, 0.1, 346089, 123.295
2809, 16650, 117, 1, 1, 0.1, 346206, 123.293
2810, 16650, 117, 2, 0, 0.1, 346323, 123.29
2811, 26884, 127, 1, 0, 0.1, 346450, 123.292
2812, 26629, 127, 1, 0, 0.1, 346577, 123.293
2813, 31747, 127, 2, 0, 0.1, 346704, 123.294
2814, 29706, 127, 3, 0, 0.1, 346831, 123.296
2815, 29706, 117, 2, 0, 0.1, 346948, 123.294
2816, 30722, 137, 1, 0, 0.1, 347085, 123.298
2817, 30722, 117, 3, 0, 0.1, 347202, 123.296
2818, 28677, 137, 1, 0, 0.1, 347339, 123.301
2819, 24578, 127, 0, 0, 0.1, 347466, 123.302
2820, 16394, 127, 3, 0, 0.1, 347593, 123.304
2821, 16394, 117, 2, 0, 0.1, 347710, 123.301
2822, 24578, 127, 1, 0, 0.1, 347837, 123.303
2823, 24578, 117, 1, 0, 0.1, 347954, 123.3
2824, 24578, 117, 0, 0, 0.1, 348071, 123.298
2825, 16394, 127, 1, 0, 0.1, 348198, 123.3
2826, 16394, 117, 2, 0, 0.1, 348315, 123.297
2827, 24578, 127, 3, 0, 0.1, 348442, 123.299
2828, 28677, 127, 0, 0, 0.1, 348569, 123.3
2829, 28677, 117, 3, 0, 0.1, 348686, 123.298
2830, 28681, 127, 1, 0, 0.1, 348813, 123.299
2831, 28677, 127, 3, 0, 0.1, 348940, 123.3
2832, 28681, 127, 2, 0, 0.1, 349067, 123.302
2833, 57350, 137, 3, 0, 0.1, 349204, 123.306
2834, 61445, 127, 0, 0, 0.1, 349331, 123.308
2835, 61445, 117, 2, 0, 0.1, 349448, 123.306
2836, 61445, 117, 3, 1, 0.1, 349565, 123.303
2837, 61708, 127, 2, 0, 0.1, 349692, 123.305
2838, 61708, 117, 3, 0, 0.1, 349809, 123.302
2839, 61708, 117, 2, 0, 0.1, 349926, 123.3
2840, 61708, 117, 1, 0, 0.1, 350043, 123.298
2841, 61445, 127, 1, 0, 0.1, 350170, 123.299
2842, 57350, 127, 0, 0, 0.1, 350297, 123.301
2843, 49161, 127, 1, 1, 0.1, 350424, 123.302
2844, 49157, 127, 1, 0, 0.1, 350551, 123.303
2845, 57346, 127, 2, 0, 0.1, 350678, 123.305
2846, 61964, 127, 1, 0, 0.1, 350805, 123.306
2847, 61957, 127, 2, 0, 0.1, 350932, 123.307
2848, 61957, 117, 3, 1, 0.1, 351049, 123.305
2849, 61964, 127, 0, 0, 0.1, 351176, 123.306
2850, 57346, 127, 0, 0, 0.1, 351303, 123.307
2851, 49162, 127, 2, 1, 0.1, 351430, 123.309
2852, 57346, 127, 1, 0, 0.1, 351557, 123.31
2853, 57346, 117, 3, 0, 0.1, 351674, 123.308
2854, 49157, 127, 3, 0, 0.1, 351801, 123.309
2855, 49161, 127, 0, 0, 0.1, 351928, 123.31
2856, 49161, 117, 3, 0, 0.1, 352045, 123.308
2857, 49161, 117, 0, 0, 0.1, 352162, 123.306
2858, 49161, 117, 0, 0, 0.1, 352279, 123.304
2859, 49161, 117, 3, 0, 0.1, 352396, 123.302
2860, 49161, 117, 2, 0, 0.1, 352513, 123.299
2861, 57350, 127, 0, 1, 0.1, 352640, 123.301
2862, 49161, 127, 2, 0, 0.1, 352767, 123.302
2863, 57350, 127, 1, 0, 0.1, 352894, 123.303
2864, 57350, 117, 3, 0, 0.1, 353011, 123.301
2865, 61445, 127, 0, 0, 0.1, 353138, 123.302
2866, 61445, 117, 0, 0, 0.1, 353255, 123.3
2867, 61445, 117, 0, 0, 0.1, 353372, 123.298
2868, 61445, 117, 0, 0, 0.1, 353489, 123.296
2869, 61445, 117, 1, 0, 0.1, 353606, 123.294
2870, 57350, 127, 0, 0, 0.1, 353733, 123.295
2871, 49161, 127, 1, 0, 0.1, 353860, 123.296
2872, 49157, 127, 0, 0, 0.1, 353987, 123.297
2873, 49157, 117, 0, 0, 0.1, 354104, 123.295
2874, 49157, 117, 3, 0, 0.1, 354221, 123.293
2875, 49161, 127, 1, 0, 0.1, 354348, 123.294
2876, 49157, 127, 2, 0, 0.1, 354475, 123.296
2877, 49157, 117, 2, 0, 0.1, 354592, 123.293
2878, 49157, 117, 0, 0, 0.1, 354709, 123.291
2879, 49157, 117, 0, 0, 0.1, 354826, 123.289
2880, 49157, 117, 3, 0, 0.1, 354943, 123.287
2881, 49161, 127, 0, 0, 0.1, 355070, 123.288
2882, 49161, 117, 3, 0, 0.1, 355187, 123.286
2883, 49161, 117, 3, 0, 0.1, 355304, 123.284
2884, 49161, 117, 0, 1, 0.1, 355421, 123.282
2885, 49161, 117, 1, 0, 0.1, 355538, 123.279
2886, 49157, 127, 0, 0, 0.1, 355665, 123.281
2887, 49157, 117, 2, 0, 0.1, 355782, 123.279
2888, 49157, 117, 3, 0, 0.1, 355899, 123.276
2889, 49161, 127, 0, 0, 0.1, 356026, 123.278
2890, 49161, 117, 3, 0, 0.1, 356143, 123.276
2891, 49161, 117, 3, 0, 0.1, 356260, 123.273
2892, 49161, 117, 0, 1, 0.1, 356377, 123.271
2893, 49161, 117, 2, 1, 0.1, 356494, 123.269
2894, 57350, 127, 3, 1, 0.1, 356621, 123.27
2895, 61445, 127, 0, 0, 0.1, 356748, 123.272
2896, 61445, 117, 1, 0, 0.1, 356865, 123.269
2897, 57350, 127, 0, 0, 0.1, 356992, 123.271
2898, 49161, 127, 1, 0, 0.1, 357119, 123.272
2899, 49157, 127, 2, 0, 0.1, 357246, 123.273
2900, 49157, 117, 3, 0, 0.1, 357363, 123.271
2901, 49161, 127, 1, 0, 0.1, 357490, 123.272
2902, 49157, 127, 2, 1, 0.1, 357617, 123.274
2903, 49157, 117, 2, 0, 0.1, 357734, 123.272
2904, 49157, 117, 1, 0, 0.1, 357851, 123.269
2905, 57346, 127, 3, 0, 0.1, 357978, 123.271
2906, 49157, 127, 2, 0, 0.1, 358105, 123.272
2907, 49157, 117, 3, 1, 0.1, 358222, 123.27
2908, 49161, 127, 1, 0, 0.1, 358349, 123.271
2909, 49157, 127, 2, 0, 0.1, 358476, 123.272
2910, 49157, 117, 2, 0, 0.1, 358593, 123.27
2911, 49157, 117, 2, 0, 0.1, 358710, 123.268
2912, 49157, 117, 1, 0, 0.1, 358827, 123.266
2913, 57346, 127, 0, 0, 0.1, 358954, 123.267
2914, 49162, 127, 0, 0, 0.1, 359081, 123.268
2915, 34819, 127, 2, 0, 0.1, 359208, 123.27
2916, 49162, 127, 2, 0, 0.1, 359335, 123.271
2917, 57346, 127, 1, 0, 0.1, 359462, 123.272
2918, 57346, 117, 3, 0, 0.1, 359579, 123.27
2919, 49157, 127, 3, 0, 0.1, 359706, 123.271
2920, 49161, 127, 1, 0, 0.1, 359833, 123.273
2921, 49157, 127, 3, 0, 0.1, 359960, 123.274
2922, 49161, 127, 1, 0, 0.1, 360087, 123.275
2923, 49157, 127, 3, 0, 0.1, 360214, 123.277
2924, 49161, 127, 1, 0, 0.1, 360341, 123.278
2925, 49157, 127, 3, 0, 0.1, 360468, 123.279
2926, 49161, 127, 3, 0, 0.1, 360595, 123.28
2927, 49161, 117, 3, 1, 0.1, 360712, 123.278
2928, 49161, 117, 3, 0, 0.1, 360829, 123.276
2929, 49161, 117, 1, 0, 0.1, 360946, 123.274
2930, 49157, 127, 0, 0, 0.1, 361073, 123.275
2931, 49157, 117, 3, 0, 0.1, 361190, 123.273
2932, 49161, 127, 1, 0, 0.1, 361317, 123.274
2933, 16389, 127, 1, 1, 0.1, 361444, 123.276
2934, 24578, 127, 0, 0, 0.1, 361571, 123.277
2935, 16394, 127, 0, 0, 0.1, 361698, 123.278
2936, 2051, 127, 1, 0, 0.1, 361825, 123.279
2937, 2051, 117, 3, 1, 0.1, 361942, 123.277
2938, 18437, 127, 2, 0, 0.1, 362069, 123.279
2939, 18437, 117, 2, 0, 0.1, 362186, 123.276
2940, 18437, 117, 0, 0, 0.1, 362303, 123.274
2941, 18437, 117, 3, 0, 0.1, 362420, 123.272
2942, 26884, 127, 0, 0, 0.1, 362547, 123.273
2943, 16650, 127, 1, 0, 0.1, 362674, 123.275
2944, 16650, 117, 0, 0, 0.1, 362791, 123.273
2945, 24840, 127, 3, 0, 0.1, 362918, 123.274
2946, 24840, 117, 3, 0, 0.1, 363035, 123.272
2947, 24840, 117, 3, 0, 0.1, 363152, 123.27
2948, 24840, 117, 1, 1, 0.1, 363269, 123.267
2949, 28677, 127, 3, 0, 0.1, 363396, 123.269
2950, 24840, 127, 1, 0, 0.1, 363523, 123.27
2951, 28677, 127, 0, 1, 0.1, 363650, 123.271
2952, 28677, 117, 3, 0, 0.1, 363767, 123.269
2953, 24840, 127, 2, 0, 0.1, 363894, 123.27
2954, 16650, 127, 2, 0, 0.1, 364021, 123.272
2955, 26884, 127, 1, 0, 0.1, 364148, 123.273
2956, 18437, 127, 3, 1, 0.1, 364275, 123.274
2957, 26884, 127, 1, 0, 0.1, 364402, 123.275
2958, 18437, 127, 3, 0, 0.1, 364529, 123.277
2959, 26884, 127, 2, 0, 0.1, 364656, 123.278
2960, 26884, 117, 0, 0, 0.1, 364773, 123.276
2961, 16650, 127, 0, 0, 0.1, 364900, 123.277
2962, 24840, 127, 2, 0, 0.1, 365027, 123.278
2963, 16650, 127, 2, 0, 0.1, 365154, 123.28
2964, 26884, 127, 3, 1, 0.1, 365281, 123.281
2965, 30725, 127, 1, 0, 0.1, 365408, 123.282
2966, 26884, 127, 0, 0, 0.1, 365535, 123.283
2967, 16650, 127, 3, 0, 0.1, 365662, 123.285
2968, 16650, 117, 2, 1, 0.1, 365779, 123.282
2969, 26884, 127, 2, 0, 0.1, 365906, 123.284
2970, 26884, 117, 0, 0, 0.1, 366023, 123.282
2971, 16650, 127, 1, 0, 0.1, 366150, 123.283
2972, 16650, 117, 1, 0, 0.1, 366267, 123.281
2973, 16650, 117, 2, 0, 0.1, 366384, 123.279
2974, 26884, 127, 1, 0, 0.1, 366511, 123.28
2975, 18437, 127, 2, 0, 0.1, 366638, 123.281
2976, 18437, 117, 0, 0, 0.1, 366755, 123.279
2977, 18437, 117, 1, 0, 0.1, 366872, 123.277
2978, 2051, 127, 3, 0, 0.1, 366999, 123.278
2979, 18437, 127, 0, 0, 0.1, 367126, 123.279
2980, 18437, 117, 2, 0, 0.1, 367243, 123.277
2981, 18437, 117, 3, 0, 0.1, 367360, 123.275
2982, 26884, 127, 2, 1, 0.1, 367487, 123.276
2983, 26884, 117, 0, 0, 0.1, 367604, 123.274
2984, 16650, 127, 3, 0, 0.1, 367731, 123.276
2985, 16650, 117, 2, 0, 0.1, 367848, 123.273
2986, 26884, 127, 3, 0, 0.1, 367975, 123.275
2987, 30725, 127, 0, 0, 0.1, 368102, 123.276
2988, 30725, 117, 3, 0, 0.1, 368219, 123.274
2989, 32000, 127, 0, 0, 0.1, 368346, 123.275
2990, 25866, 137, 1, 0, 0.1, 368483, 123.28
2991, 25866, 117, 3, 0, 0.1, 368600, 123.278
2992, 25866, 117, 0, 0, 0.1, 368717, 123.275
2993, 19714, 127, 0, 1, 0.1, 368844, 123.277
2994, 1290, 127, 2, 0, 0.1, 368971, 123.278
2995, 19714, 127, 3, 0, 0.1, 369098, 123.279
2996, 18437, 127, 3, 0, 0.1, 369225, 123.28
2997, 26884, 127, 0, 0, 0.1, 369352, 123.282
2998, 28938, 127, 0, 0, 0.1, 369479, 123.283
2999, 28938, 127, 2, 0, 0.1, 369606, 123.284
3000, 28938, 127, 0, 0, 0.1, 369733, 123.285
3001, 28938, 127, 2, 0, 0.1, 369860, 123.287
3002, 28938, 127, 2, 0, 0.1, 369987, 123.288
3003, 26884, 127, 2, 0, 0.1, 370114, 123.289
3004, 26884, 117, 3, 0, 0.1, 370231, 123.287
3005, 26629, 127, 3, 0, 0.1, 370358, 123.288
3006, 30725, 127, 0, 1, 0.1, 370485, 123.29
3007, 30725, 117, 1, 0, 0.1, 370602, 123.287
3008, 26629, 127, 3, 0, 0.1, 370729, 123.289
3009, 30725, 127, 3, 0, 0.1, 370856, 123.29
3010, 30725, 127, 1, 0, 0.1, 370983, 123.291
3011, 30725, 127, 1, 0, 0.1, 371110, 123.292
3012, 26629, 127, 3, 1, 0.1, 371237, 123.294
3013, 30725, 127, 1, 0, 0.1, 371364, 123.295
3014, 26629, 127, 1, 0, 0.1, 371491, 123.296
3015, 26884, 127, 0, 0, 0.1, 371618, 123.297
3016, 28938, 127, 2, 0, 0.1, 371745, 123.299
3017, 26884, 127, 1, 0, 0.1, 371872, 123.3
3018, 18437, 127, 3, 0, 0.1, 371999, 123.301
3019, 26884, 127, 1, 0, 0.1, 372126, 123.302
3020, 18437, 127, 0, 0, 0.1, 372253, 123.303
3021, 18437, 117, 0, 0, 0.1, 372370, 123.301
3022, 18437, 117, 2, 0, 0.1, 372487, 123.299
3023, 18437, 117, 2, 0, 0.1, 372604, 123.297
3024, 18437, 117, 3, 0, 0.1, 372721, 123.295
3025, 26884, 127, 3, 0, 0.1, 372848, 123.296
3026, 26629, 127, 1, 0, 0.1, 372975, 123.298
3027, 26884, 127, 2, 0, 0.1, 373102, 123.299
3028, 26884, 117, 0, 0, 0.1, 373219, 123.297
3029, 28938, 127, 3, 0, 0.1, 373346, 123.298
3030, 28938, 117, 0, 0, 0.1, 373463, 123.296
3031, 28938, 127, 2, 0, 0.1, 373590, 123.297
3032, 28938, 127, 2, 0, 0.1, 373717, 123.298
3033, 26884, 127, 2, 0, 0.1, 373844, 123.299
3034, 26884, 117, 2, 0, 0.1, 373961, 123.297
3035, 26884, 117, 0, 1, 0.1, 374078, 123.295
3036, 28938, 127, 0, 0, 0.1, 374205, 123.297
3037, 28938, 127, 0, 0, 0.1, 374332, 123.298
3038, 28938, 137, 0, 0, 0.1, 374469, 123.302
3039, 28938, 137, 2, 0, 0.1, 374606, 123.307
3040, 28938, 127, 0, 0, 0.1, 374733, 123.308
3041, 28938, 127, 0, 1, 0.1, 374860, 123.309
3042, 28682, 137, 0, 1, 0.1, 374997, 123.314
3043, 30721, 127, 3, 0, 0.1, 375124, 123.315
3044, 16389, 137, 1, 0, 0.1, 375261, 123.319
3045, 24577, 127, 3, 0, 0.1, 375388, 123.321
3046, 16421, 127, 1, 0, 0.1, 375515, 123.322
3047, 24609, 127, 1, 0, 0.1, 375642, 123.323
3048, 28805, 77, 2, 0, 0.1, 375719, 123.308
3049, 30472, 137, 0, 1, 0.1, 375856, 123.312
3050, 29962, 127, 0, 0, 0.1, 375983, 123.314
3051, 30472, 137, 0, 0, 0.1, 376120, 123.318
3052, 29962, 137, 2, 0, 0.1, 376257, 123.323
3053, 30472, 127, 2, 1, 0.1, 376384, 123.324
3054, 29962, 127, 0, 0, 0.1, 376511, 123.325
3055, 30472, 127, 0, 0, 0.1, 376638, 123.326
3056, 29962, 127, 0, 0, 0.1, 376765, 123.327
3057, 32002, 137, 3, 0, 0.1, 376902, 123.332
3058, 30853, 137, 1, 0, 0.1, 377039, 123.336
3059, 27906, 127, 1, 0, 0.1, 377166, 123.337
3060, 28034, 117, 0, 0, 0.1, 377283, 123.335
3061, 29962, 127, 1, 0, 0.1, 377410, 123.337
3062, 29962, 117, 0, 0, 0.1, 377527, 123.335
3063, 32512, 127, 0, 0, 0.1, 377654, 123.336
3064, 29962, 127, 0, 0, 0.1, 377781, 123.337
3065, 29962, 137, 1, 0, 0.1, 377918, 123.341
3066, 29962, 117, 2, 0, 0.1, 378035, 123.339
3067, 29962, 127, 2, 0, 0.1, 378162, 123.341
3068, 32512, 127, 3, 0, 0.1, 378289, 123.342
3069, 31237, 127, 1, 1, 0.1, 378416, 123.343
3070, 32512, 127, 1, 0, 0.1, 378543, 123.344
3071, 31237, 137, 0, 0, 0.1, 378680, 123.349
3072, 31237, 117, 1, 0, 0.1, 378797, 123.346
3073, 32257, 127, 2, 0, 0.1, 378924, 123.348
3074, 29706, 127, 1, 0, 0.1, 379051, 123.349
3075, 29706, 117, 1, 1, 0.1, 379168, 123.347
3076, 29706, 117, 3, 0, 0.1, 379285, 123.345
3077, 29706, 117, 2, 0, 0.1, 379402, 123.343
3078, 30216, 137, 1, 0, 0.1, 379539, 123.347
3079, 28677, 137, 3, 0, 0.1, 379676, 123.352
3080, 25624, 127, 0, 0, 0.1, 379803, 123.353
3081, 29706, 77, 3, 0, 0.1, 379880, 123.338
3082, 29962, 117, 1, 1, 0.1, 379997, 123.336
3083, 29962, 117, 2, 0, 0.1, 380114, 123.334
3084, 30472, 127, 1, 1, 0.1, 380241, 123.335
3085, 28677, 137, 3, 1, 0.1, 380378, 123.339
3086, 29960, 127, 0, 0, 0.1, 380505, 123.34
3087, 29962, 127, 2, 0, 0.1, 380632, 123.342
3088, 29960, 127, 0, 0, 0.1, 380759, 123.343
3089, 29962, 127, 1, 0, 0.1, 380886, 123.344
3090, 29962, 117, 0, 0, 0.1, 381003, 123.342
3091, 30472, 127, 0, 0, 0.1, 381130, 123.343
3092, 29962, 137, 2, 0, 0.1, 381267, 123.347
3093, 30472, 127, 2, 0, 0.1, 381394, 123.349
3094, 29962, 127, 2, 1, 0.1, 381521, 123.35
3095, 29960, 127, 1, 0, 0.1, 381648, 123.351
3096, 28677, 127, 1, 0, 0.1, 381775, 123.352
3097, 25858, 127, 0, 0, 0.1, 381902, 123.353
3098, 29962, 127, 2, 1, 0.1, 382029, 123.355
3099, 25858, 127, 2, 0, 0.1, 382156, 123.356
3100, 29962, 127, 3, 0, 0.1, 382283, 123.357
3101, 29962, 117, 2, 0, 0.1, 382400, 123.355
3102, 30472, 127, 0, 0, 0.1, 382527, 123.356
3103, 29962, 127, 2, 0, 0.1, 382654, 123.357
3104, 30472, 127, 2, 0, 0.1, 382781, 123.358
3105, 29962, 127, 3, 0, 0.1, 382908, 123.36
3106, 29962, 117, 1, 0, 0.1, 383025, 123.357
3107, 29962, 117, 0, 0, 0.1, 383142, 123.355
3108, 30472, 127, 3, 1, 0.1, 383269, 123.357
3109, 30472, 117, 2, 0, 0.1, 383386, 123.355
3110, 29962, 127, 3, 0, 0.1, 383513, 123.356
3111, 29962, 117, 2, 0, 0.1, 383630, 123.354
3112, 30980, 137, 3, 1, 0.1, 383767, 123.358
3113, 30725, 137, 0, 0, 0.1, 383904, 123.362
3114, 30725, 117, 1, 0, 0.1, 384021, 123.36
3115, 30980, 127, 2, 0, 0.1, 384148, 123.362
3116, 30980, 117, 1, 1, 0.1, 384265, 123.36
3117, 30725, 127, 1, 0, 0.1, 384392, 123.361
3118, 31747, 127, 2, 0, 0.1, 384519, 123.362
3119, 29706, 137, 1, 0, 0.1, 384656, 123.366
3120, 29706, 117, 2, 0, 0.1, 384773, 123.364
3121, 28674, 137, 0, 0, 0.1, 384910, 123.369
3122, 24586, 127, 2, 0, 0.1, 385037, 123.37
3123, 28674, 127, 2, 0, 0.1, 385164, 123.371
3124, 29196, 127, 3, 1, 0.1, 385291, 123.372
3125, 29196, 117, 0, 0, 0.1, 385408, 123.37
3126, 28674, 127, 3, 0, 0.1, 385535, 123.371
3127, 28677, 127, 0, 0, 0.1, 385662, 123.372
3128, 28677, 117, 2, 0, 0.1, 385779, 123.37
3129, 28677, 117, 1, 0, 0.1, 385896, 123.368
3130, 28674, 127, 0, 0, 0.1, 386023, 123.369
3131, 24586, 127, 2, 0, 0.1, 386150, 123.371
3132, 28674, 127, 2, 0, 0.1, 386277, 123.372
3133, 29196, 127, 1, 0, 0.1, 386404, 123.373
3134, 29189, 137, 2, 0, 0.1, 386541, 123.377
3135, 29189, 117, 1, 1, 0.1, 386658, 123.375
3136, 28934, 137, 2, 0, 0.1, 386795, 123.38
3137, 28934, 117, 0, 0, 0.1, 386912, 123.378
3138, 28938, 137, 3, 0, 0.1, 387049, 123.382
3139, 28938, 117, 0, 0, 0.1, 387166, 123.38
3140, 28938, 137, 2, 0, 0.1, 387303, 123.384
3141, 24842, 127, 2, 0, 0.1, 387430, 123.385
3142, 16646, 127, 0, 0, 0.1, 387557, 123.387
3143, 24842, 127, 2, 0, 0.1, 387684, 123.388
3144, 16646, 127, 3, 0, 0.1, 387811, 123.389
3145, 5, 127, 2, 0, 0.1, 387938, 123.39
3146, 5, 117, 3, 0, 0.1, 388055, 123.388
3147, 16396, 127, 0, 0, 0.1, 388182, 123.389
3148, 24578, 127, 0, 0, 0.1, 388309, 123.39
3149, 16394, 127, 3, 0, 0.1, 388436, 123.391
3150, 16394, 117, 0, 0, 0.1, 388553, 123.389
3151, 18435, 127, 3, 0, 0.1, 388680, 123.39
3152, 26629, 127, 3, 0, 0.1, 388807, 123.392
3153, 30980, 127, 1, 0, 0.1, 388934, 123.393
3154, 26629, 127, 1, 0, 0.1, 389061, 123.394
3155, 18435, 127, 3, 0, 0.1, 389188, 123.395
3156, 26629, 127, 3, 0, 0.1, 389315, 123.396
3157, 30980, 127, 2, 0, 0.1, 389442, 123.397
3158, 30996, 117, 2, 0, 0.1, 389559, 123.395
3159, 30996, 117, 3, 0, 0.1, 389676, 123.393
3160, 30757, 127, 3, 0, 0.1, 389803, 123.394
3161, 32032, 137, 3, 0, 0.1, 389940, 123.399
3162, 30757, 127, 1, 0, 0.1, 390067, 123.4
3163, 32128, 77, 0, 1, 0.1, 390144, 123.385
3164, 30472, 127, 0, 0, 0.1, 390271, 123.386
3165, 29962, 137, 0, 0, 0.1, 390408, 123.391
3166, 27906, 137, 0, 0, 0.1, 390545, 123.395
3167, 29962, 127, 1, 0, 0.1, 390672, 123.396
3168, 29962, 117, 1, 0, 0.1, 390789, 123.394
3169, 29962, 117, 2, 0, 0.1, 390906, 123.392
3170, 27906, 127, 3, 0, 0.1, 391033, 123.393
3171, 30725, 127, 0, 1, 0.1, 391160, 123.394
3172, 30725, 117, 1, 0, 0.1, 391277, 123.392
3173, 27906, 127, 1, 0, 0.1, 391404, 123.393
3174, 28034, 117, 0, 0, 0.1, 391521, 123.391
3175, 29962, 127, 1, 0, 0.1, 391648, 123.393
3176, 29962, 117, 2, 1, 0.1, 391765, 123.391
3177, 27906, 127, 3, 0, 0.1, 391892, 123.392
3178, 30725, 127, 2, 0, 0.1, 392019, 123.393
3179, 30725, 117, 3, 0, 0.1, 392136, 123.391
3180, 31745, 127, 1, 0, 0.1, 392263, 123.392
3181, 30725, 127, 2, 0, 0.1, 392390, 123.393
3182, 30725, 117, 0, 0, 0.1, 392507, 123.391
3183, 30725, 117, 3, 0, 0.1, 392624, 123.389
3184, 31745, 127, 2, 0, 0.1, 392751, 123.39
3185, 29706, 137, 1, 0, 0.1, 392888, 123.394
3186, 29706, 117, 2, 0, 0.1, 393005, 123.392
3187, 29706, 137, 3, 0, 0.1, 393142, 123.397
3188, 29706, 117, 0, 1, 0.1, 393259, 123.395
3189, 29706, 127, 2, 0, 0.1, 393386, 123.396
3190, 29706, 127, 2, 0, 0.1, 393513, 123.397
3191, 29706, 137, 3, 0, 0.1, 393650, 123.401
3192, 29706, 117, 1, 0, 0.1, 393767, 123.399
3193, 29706, 117, 3, 0, 0.1, 393884, 123.397
3194, 29706, 117, 1, 0, 0.1, 394001, 123.395
3195, 29706, 117, 0, 1, 0.1, 394118, 123.393
3196, 29706, 127, 3, 0, 0.1, 394245, 123.394
3197, 29706, 117, 2, 0, 0.1, 394362, 123.392
3198, 29706, 127, 1, 0, 0.1, 394489, 123.393
3199, 29706, 117, 2, 0, 0.1, 394606, 123.391
3200, 29706, 137, 2, 0, 0.1, 394743, 123.396
3201, 16394, 137, 2, 1, 0.1, 394880, 123.4
3202, 26628, 127, 1, 0, 0.1, 395007, 123.401
3203, 30725, 127, 1, 0, 0.1, 395134, 123.402
3204, 32002, 127, 0, 0, 0.1, 395261, 123.403
3205, 29962, 137, 1, 0, 0.1, 395398, 123.408
3206, 29962, 117, 2, 0, 0.1, 395515, 123.406
3207, 32002, 127, 2, 1, 0.1, 395642, 123.407
3208, 28938, 137, 2, 0, 0.1, 395779, 123.411
3209, 31488, 127, 1, 0, 0.1, 395906, 123.412
3210, 31237, 127, 3, 0, 0.1, 396033, 123.413
3211, 31488, 127, 3, 0, 0.1, 396160, 123.414
3212, 31237, 137, 3, 0, 0.1, 396297, 123.419
3213, 31237, 127, 1, 0, 0.1, 396424, 123.42
3214, 31237, 127, 3, 0, 0.1, 396551, 123.421
3215, 31237, 127, 2, 1, 0.1, 396678, 123.422
3216, 31237, 117, 0, 0, 0.1, 396795, 123.42
3217, 31237, 117, 3, 0, 0.1, 396912, 123.418
3218, 27141, 137, 3, 0, 0.1, 397049, 123.422
3219, 32257, 127, 0, 1, 0.1, 397176, 123.423
3220, 32257, 117, 2, 0, 0.1, 397293, 123.421
3221, 25610, 127, 1, 0, 0.1, 397420, 123.422
3222, 25610, 117, 3, 1, 0.1, 397537, 123.42
3223, 25610, 117, 0, 0, 0.1, 397654, 123.418
3224, 32257, 127, 2, 0, 0.1, 397781, 123.419
3225, 25610, 127, 3, 0, 0.1, 397908, 123.421
3226, 25610, 117, 3, 0, 0.1, 398025, 123.419
3227, 25610, 117, 2, 0, 0.1, 398142, 123.417
3228, 29706, 127, 2, 0, 0.1, 398269, 123.418
3229, 29706, 127, 2, 0, 0.1, 398396, 123.419
3230, 29706, 137, 2, 0, 0.1, 398533, 123.423
3231, 29706, 137, 1, 0, 0.1, 398670, 123.427
3232, 29706, 117, 2, 1, 0.1, 398787, 123.425
3233, 29706, 137, 3, 1, 0.1, 398924, 123.429
3234, 29706, 117, 0, 0, 0.1, 399041, 123.427
3235, 29706, 127, 2, 0, 0.1, 399168, 123.429
3236, 29706, 127, 2, 0, 0.1, 399295, 123.43
3237, 29706, 137, 1, 0, 0.1, 399432, 123.434
3238, 29706, 117, 3, 1, 0.1, 399549, 123.432
3239, 29706, 117, 2, 0, 0.1, 399666, 123.43
3240, 29706, 127, 2, 0, 0.1, 399793, 123.431
3241, 31236, 137, 0, 0, 0.1, 399930, 123.435
3242, 28682, 127, 2, 0, 0.1, 400057, 123.436
3243, 31236, 127, 2, 0, 0.1, 400184, 123.437
3244, 31236, 117, 2, 1, 0.1, 400301, 123.435
3245, 31236, 117, 3, 0, 0.1, 400418, 123.433
3246, 31237, 137, 2, 0, 0.1, 400555, 123.438
3247, 31237, 117, 3, 0, 0.1, 400672, 123.436
3248, 27141, 127, 2, 0, 0.1, 400799, 123.437
3249, 27141, 117, 3, 0, 0.1, 400916, 123.435
3250, 27141, 127, 2, 0, 0.1, 401043, 123.436
3251, 27141, 117, 0, 0, 0.1, 401160, 123.434
3252, 27141, 117, 2, 0, 0.1, 401277, 123.432
3253, 27141, 117, 3, 0, 0.1, 401394, 123.43
3254, 31492, 127, 2, 0, 0.1, 401521, 123.431
3255, 31492, 117, 3, 0, 0.1, 401638, 123.429
3256, 31237, 127, 1, 0, 0.1, 401765, 123.43
3257, 31492, 127, 1, 0, 0.1, 401892, 123.431
3258, 27141, 127, 1, 0, 0.1, 402019, 123.432
3259, 27141, 127, 0, 0, 0.1, 402146, 123.433
3260, 27141, 117, 1, 0, 0.1, 402263, 123.431
3261, 31237, 127, 3, 0, 0.1, 402390, 123.433
3262, 27141, 127, 0, 0, 0.1, 402517, 123.434
3263, 27141, 117, 1, 0, 0.1, 402634, 123.432
3264, 31237, 127, 1, 0, 0.1, 402761, 123.433
3265, 31236, 127, 1, 0, 0.1, 402888, 123.434
3266, 18949, 137, 1, 1, 0.1, 403025, 123.438
3267, 27141, 127, 0, 0, 0.1, 403152, 123.439
3268, 27141, 117, 0, 0, 0.1, 403269, 123.437
3269, 27141, 117, 1, 0, 0.1, 403386, 123.435
3270, 31237, 127, 3, 0, 0.1, 403513, 123.436
3271, 27141, 127, 3, 0, 0.1, 403640, 123.437
3272, 18949, 127, 1, 0, 0.1, 403767, 123.438
3273, 27173, 127, 0, 0, 0.1, 403894, 123.439
3274, 27173, 117, 2, 0, 0.1, 404011, 123.438
3275, 27141, 67, 1, 1, 0.1, 404078, 123.42
3276, 29962, 117, 3, 0, 0.1, 404195, 123.418
3277, 29962, 117, 2, 0, 0.1, 404312, 123.416
3278, 30472, 127, 0, 0, 0.1, 404439, 123.417
3279, 29962, 127, 0, 0, 0.1, 404566, 123.419
3280, 30472, 127, 1, 0, 0.1, 404693, 123.42
3281, 29189, 137, 3, 0, 0.1, 404830, 123.424
3282, 30472, 127, 0, 0, 0.1, 404957, 123.425
3283, 25866, 127, 0, 0, 0.1, 405084, 123.426
3284, 32002, 127, 3, 0, 0.1, 405211, 123.427
3285, 30725, 127, 2, 0, 0.1, 405338, 123.428
3286, 30725, 117, 3, 0, 0.1, 405455, 123.426
3287, 31745, 137, 2, 0, 0.1, 405592, 123.43
3288, 29706, 127, 2, 0, 0.1, 405719, 123.431
3289, 29706, 127, 2, 0, 0.1, 405846, 123.432
3290, 29706, 127, 2, 0, 0.1, 405973, 123.434
3291, 24586, 137, 1, 0, 0.1, 406110, 123.438
3292, 24586, 117, 2, 0, 0.1, 406227, 123.436
3293, 28682, 127, 1, 0, 0.1, 406354, 123.437
3294, 28682, 117, 3, 1, 0.1, 406471, 123.435
3295, 28682, 117, 2, 0, 0.1, 406588, 123.433
3296, 31236, 127, 1, 0, 0.1, 406715, 123.434
3297, 30725, 137, 3, 0, 0.1, 406852, 123.438
3298, 26628, 127, 3, 0, 0.1, 406979, 123.439
3299, 26629, 127, 1, 0, 0.1, 407106, 123.44
3300, 26628, 127, 1, 0, 0.1, 407233, 123.441
3301, 30725, 127, 0, 0, 0.1, 407360, 123.442
3302, 30725, 117, 2, 1, 0.1, 407477, 123.44
3303, 30725, 117, 1, 0, 0.1, 407594, 123.439
3304, 32002, 127, 0, 0, 0.1, 407721, 123.44
3305, 29962, 127, 1, 0, 0.1, 407848, 123.441
3306, 29962, 117, 2, 0, 0.1, 407965, 123.439
3307, 32130, 127, 2, 0, 0.1, 408092, 123.44
3308, 29962, 137, 3, 0, 0.1, 408229, 123.444
3309, 29962, 117, 2, 0, 0.1, 408346, 123.442
3310, 32512, 127, 0, 0, 0.1, 408473, 123.443
3311, 29978, 127, 0, 1, 0.1, 408600, 123.444
3312, 27970, 77, 1, 0, 0.1, 408677, 123.43
3313, 29962, 117, 0, 0, 0.1, 408794, 123.428
3314, 30472, 127, 0, 0, 0.1, 408921, 123.429
3315, 29962, 127, 0, 0, 0.1, 409048, 123.43
3316, 32002, 127, 0, 0, 0.1, 409175, 123.431
3317, 29962, 137, 1, 0, 0.1, 409312, 123.435
3318, 29962, 117, 2, 0, 0.1, 409429, 123.434
3319, 32002, 127, 2, 0, 0.1, 409556, 123.435
3320, 29962, 127, 0, 0, 0.1, 409683, 123.436
3321, 32002, 127, 3, 0, 0.1, 409810, 123.437
3322, 30725, 137, 3, 0, 0.1, 409947, 123.441
3323, 31745, 127, 0, 0, 0.1, 410074, 123.442
3324, 31745, 117, 0, 0, 0.1, 410191, 123.44
3325, 31745, 117, 2, 0, 0.1, 410308, 123.438
3326, 29706, 127, 1, 0, 0.1, 410435, 123.439
3327, 29706, 117, 3, 0, 0.1, 410552, 123.437
3328, 29706, 117, 2, 0, 0.1, 410669, 123.435
3329, 29706, 137, 2, 0, 0.1, 410806, 123.439
3330, 29706, 137, 0, 0, 0.1, 410943, 123.443
3331, 25626, 127, 3, 0, 0.1, 411070, 123.444
3332, 25626, 117, 3, 0, 0.1, 411187, 123.443
3333, 25610, 67, 3, 0, 0.1, 411254, 123.426
3334, 29962, 117, 0, 1, 0.1, 411371, 123.424
3335, 30472, 127, 0, 0, 0.1, 411498, 123.425
3336, 25866, 137, 0, 0, 0.1, 411635, 123.429
3337, 32002, 127, 2, 0, 0.1, 411762, 123.43
3338, 25866, 127, 2, 0, 0.1, 411889, 123.431
3339, 30472, 127, 1, 0, 0.1, 412016, 123.432
3340, 29189, 127, 3, 0, 0.1, 412143, 123.433
3341, 30472, 127, 1, 0, 0.1, 412270, 123.434
3342, 29189, 127, 3, 0, 0.1, 412397, 123.435
3343, 30472, 127, 0, 0, 0.1, 412524, 123.436
3344, 25866, 127, 3, 0, 0.1, 412651, 123.437
3345, 25866, 117, 0, 0, 0.1, 412768, 123.435
3346, 32002, 127, 2, 0, 0.1, 412895, 123.436
3347, 25866, 127, 1, 0, 0.1, 413022, 123.438
3348, 25866, 117, 3, 0, 0.1, 413139, 123.436
3349, 25866, 117, 2, 0, 0.1, 413256, 123.434
3350, 30472, 127, 0, 0, 0.1, 413383, 123.435
3351, 25866, 127, 2, 0, 0.1, 413510, 123.436
3352, 30472, 127, 3, 0, 0.1, 413637, 123.437
3353, 30472, 117, 1, 0, 0.1, 413754, 123.435
3354, 29189, 127, 1, 0, 0.1, 413881, 123.436
3355, 29954, 137, 2, 0, 0.1, 414018, 123.44
3356, 29962, 137, 3, 0, 0.1, 414155, 123.444
3357, 29962, 117, 2, 0, 0.1, 414272, 123.442
3358, 30978, 137, 1, 0, 0.1, 414409, 123.446
3359, 30978, 117, 3, 0, 0.1, 414526, 123.444
3360, 30725, 127, 1, 0, 0.1, 414653, 123.445
3361, 30978, 127, 2, 1, 0.1, 414780, 123.446
3362, 28938, 127, 0, 0, 0.1, 414907, 123.447
3363, 30978, 127, 2, 0, 0.1, 415034, 123.449
3364, 28938, 127, 1, 0, 0.1, 415161, 123.45
3365, 28938, 117, 0, 0, 0.1, 415278, 123.448
3366, 30978, 127, 1, 0, 0.1, 415405, 123.449
3367, 30978, 117, 2, 0, 0.1, 415522, 123.447
3368, 28938, 127, 1, 1, 0.1, 415649, 123.448
3369, 28938, 117, 3, 0, 0.1, 415766, 123.446
3370, 28938, 117, 0, 0, 0.1, 415883, 123.444
3371, 30978, 127, 3, 0, 0.1, 416010, 123.445
3372, 30725, 127, 3, 0, 0.1, 416137, 123.446
3373, 29960, 137, 0, 0, 0.1, 416274, 123.45
3374, 25866, 127, 0, 0, 0.1, 416401, 123.451
3375, 17672, 127, 1, 1, 0.1, 416528, 123.452
3376, 16389, 127, 0, 0, 0.1, 416655, 123.453
3377, 16389, 117, 2, 0, 0.1, 416772, 123.451
3378, 16389, 117, 2, 0, 0.1, 416889, 123.45
3379, 16389, 117, 2, 0, 0.1, 417006, 123.448
3380, 16389, 117, 0, 0, 0.1, 417123, 123.446
3381, 16389, 117, 1, 0, 0.1, 417240, 123.444
3382, 24834, 127, 1, 0, 0.1, 417367, 123.445
3383, 24834, 117, 2, 0, 0.1, 417484, 123.443
3384, 16650, 127, 0, 0, 0.1, 417611, 123.444
3385, 24834, 127, 0, 0, 0.1, 417738, 123.445
3386, 28938, 127, 0, 1, 0.1, 417865, 123.446
3387, 29448, 127, 1, 0, 0.1, 417992, 123.447
3388, 29189, 137, 2, 0, 0.1, 418129, 123.451
3389, 29189, 117, 0, 0, 0.1, 418246, 123.449
3390, 29189, 117, 0, 0, 0.1, 418363, 123.447
3391, 29189, 117, 0, 0, 0.1, 418480, 123.445
3392, 29189, 117, 0, 0, 0.1, 418597, 123.444
3393, 29189, 117, 1, 1, 0.1, 418714, 123.442
3394, 24579, 137, 1, 0, 0.1, 418851, 123.446
3395, 24579, 117, 1, 0, 0.1, 418968, 123.444
3396, 24579, 117, 3, 1, 0.1, 419085, 123.442
3397, 28677, 127, 3, 0, 0.1, 419212, 123.443
3398, 28936, 127, 0, 0, 0.1, 419339, 123.444
3399, 28938, 137, 1, 0, 0.1, 419476, 123.448
3400, 28938, 117, 0, 0, 0.1, 419593, 123.446
3401, 26753, 137, 2, 0, 0.1, 419730, 123.45
3402, 16410, 127, 0, 0, 0.1, 419857, 123.451
3403, 26689, 77, 2, 1, 0.1, 419934, 123.437
3404, 30472, 127, 0, 0, 0.1, 420061, 123.438
3405, 29962, 127, 3, 0, 0.1, 420188, 123.439
3406, 29962, 117, 2, 0, 0.1, 420305, 123.438
3407, 30472, 127, 0, 0, 0.1, 420432, 123.439
3408, 29962, 127, 0, 0, 0.1, 420559, 123.44
3409, 30472, 137, 2, 0, 0.1, 420696, 123.444
3410, 29962, 127, 0, 0, 0.1, 420823, 123.445
3411, 30472, 127, 1, 1, 0.1, 420950, 123.446
3412, 29189, 127, 1, 0, 0.1, 421077, 123.447
3413, 29954, 137, 0, 0, 0.1, 421214, 123.451
3414, 29962, 127, 0, 0, 0.1, 421341, 123.452
3415, 30472, 137, 1, 0, 0.1, 421478, 123.456
3416, 24581, 137, 3, 0, 0.1, 421615, 123.46
3417, 29960, 127, 1, 0, 0.1, 421742, 123.461
3418, 24581, 127, 2, 1, 0.1, 421869, 123.462
3419, 24581, 117, 2, 0, 0.1, 421986, 123.46
3420, 24581, 117, 0, 1, 0.1, 422103, 123.458
3421, 24581, 117, 1, 0, 0.1, 422220, 123.456
3422, 24579, 127, 3, 0, 0.1, 422347, 123.457
3423, 24581, 127, 1, 0, 0.1, 422474, 123.458
3424, 24579, 127, 3, 0, 0.1, 422601, 123.459
3425, 24581, 127, 1, 0, 0.1, 422728, 123.46
3426, 24579, 127, 0, 1, 0.1, 422855, 123.461
3427, 24579, 117, 1, 0, 0.1, 422972, 123.459
3428, 24579, 117, 3, 0, 0.1, 423089, 123.458
3429, 24581, 127, 2, 1, 0.1, 423216, 123.459
3430, 24581, 117, 0, 0, 0.1, 423333, 123.457
3431, 24581, 117, 0, 0, 0.1, 423450, 123.455
3432, 24581, 117, 1, 0, 0.1, 423567, 123.453
3433, 24579, 127, 0, 0, 0.1, 423694, 123.454
3434, 24579, 117, 2, 0, 0.1, 423811, 123.452
3435, 28682, 127, 3, 0, 0.1, 423938, 123.453
3436, 28682, 117, 2, 0, 0.1, 424055, 123.451
3437, 29196, 127, 3, 0, 0.1, 424182, 123.452
3438, 29196, 117, 1, 0, 0.1, 424299, 123.45
3439, 28677, 137, 2, 0, 0.1, 424436, 123.454
3440, 28677, 117, 1, 0, 0.1, 424553, 123.452
3441, 29954, 127, 3, 0, 0.1, 424680, 123.453
3442, 28677, 127, 1, 0, 0.1, 424807, 123.455
3443, 29954, 127, 2, 0, 0.1, 424934, 123.456
3444, 29962, 137, 3, 0, 0.1, 425071, 123.459
3445, 29962, 117, 3, 0, 0.1, 425188, 123.458
3446, 29962, 117, 3, 0, 0.1, 425305, 123.456
3447, 29962, 117, 2, 0, 0.1, 425422, 123.454
3448, 32002, 127, 3, 0, 0.1, 425549, 123.455
3449, 30725, 127, 3, 0, 0.1, 425676, 123.456
3450, 29705, 137, 0, 0, 0.1, 425813, 123.46
3451, 29705, 117, 2, 0, 0.1, 425930, 123.458
3452, 16394, 137, 2, 0, 0.1, 426067, 123.462
3453, 24582, 127, 1, 0, 0.1, 426194, 123.463
3454, 24582, 117, 2, 0, 0.1, 426311, 123.461
3455, 24582, 117, 1, 0, 0.1, 426428, 123.459
3456, 24582, 117, 3, 0, 0.1, 426545, 123.457
3457, 28677, 127, 1, 0, 0.1, 426672, 123.458
3458, 24582, 127, 1, 0, 0.1, 426799, 123.459
3459, 24582, 117, 1, 0, 0.1, 426916, 123.457
3460, 24582, 117, 2, 0, 0.1, 427033, 123.456
3461, 24582, 117, 2, 0, 0.1, 427150, 123.454
3462, 24582, 117, 1, 0, 0.1, 427267, 123.452
3463, 24582, 117, 0, 0, 0.1, 427384, 123.45
3464, 16394, 127, 0, 0, 0.1, 427511, 123.451
3465, 24585, 127, 2, 1, 0.1, 427638, 123.452
3466, 16394, 127, 3, 0, 0.1, 427765, 123.453
3467, 16394, 117, 1, 0, 0.1, 427882, 123.451
3468, 16394, 117, 1, 0, 0.1, 427999, 123.449
3469, 16394, 117, 2, 1, 0.1, 428116, 123.448
3470, 24582, 127, 0, 1, 0.1, 428243, 123.449
3471, 16394, 127, 2, 0, 0.1, 428370, 123.45
3472, 24582, 127, 0, 0, 0.1, 428497, 123.451
3473, 16394, 127, 3, 0, 0.1, 428624, 123.452
3474, 16394, 117, 1, 0, 0.1, 428741, 123.45
3475, 16394, 117, 0, 1, 0.1, 428858, 123.448
3476, 24585, 127, 3, 0, 0.1, 428985, 123.449
3477, 24585, 117, 1, 0, 0.1, 429102, 123.447
3478, 28677, 127, 2, 1, 0.1, 429229, 123.448
3479, 28677, 117, 3, 0, 0.1, 429346, 123.446
3480, 24585, 127, 0, 0, 0.1, 429473, 123.447
3481, 24585, 117, 3, 0, 0.1, 429590, 123.445
3482, 24585, 117, 3, 0, 0.1, 429707, 123.444
3483, 24585, 117, 3, 0, 0.1, 429824, 123.442
3484, 24585, 117, 3, 0, 0.1, 429941, 123.44
3485, 24585, 117, 2, 0, 0.1, 430058, 123.438
3486, 16394, 127, 1, 0, 0.1, 430185, 123.439
3487, 16394, 117, 2, 0, 0.1, 430302, 123.437
3488, 24582, 127, 1, 0, 0.1, 430429, 123.438
3489, 24582, 117, 2, 0, 0.1, 430546, 123.436
3490, 24582, 117, 3, 0, 0.1, 430663, 123.435
3491, 28677, 127, 1, 1, 0.1, 430790, 123.436
3492, 24582, 127, 1, 0, 0.1, 430917, 123.437
3493, 24582, 117, 2, 1, 0.1, 431034, 123.435
3494, 24582, 117, 2, 0, 0.1, 431151, 123.433
3495, 24582, 117, 1, 0, 0.1, 431268, 123.431
3496, 24582, 117, 2, 1, 0.1, 431385, 123.429
3497, 24582, 117, 0, 0, 0.1, 431502, 123.427
3498, 16394, 127, 2, 0, 0.1, 431629, 123.428
3499, 24582, 127, 0, 1, 0.1, 431756, 123.429
3500, 16394, 127, 1, 0, 0.1, 431883, 123.43
3501, 16394, 117, 0, 0, 0.1, 432000, 123.429
3502, 24585, 127, 0, 1, 0.1, 432127, 123.43
3503, 24585, 117, 2, 0, 0.1, 432244, 123.428
3504, 16394, 127, 0, 0, 0.1, 432371, 123.429
3505, 24585, 127, 1, 0, 0.1, 432498, 123.43
3506, 28677, 127, 0, 0, 0.1, 432625, 123.431
3507, 28677, 117, 2, 0, 0.1, 432742, 123.429
3508, 28677, 117, 1, 0, 0.1, 432859, 123.427
3509, 29954, 127, 3, 0, 0.1, 432986, 123.428
3510, 28677, 127, 3, 0, 0.1, 433113, 123.429
3511, 24585, 127, 3, 0, 0.1, 433240, 123.43
3512, 24585, 117, 1, 0, 0.1, 433357, 123.428
3513, 28677, 127, 3, 0, 0.1, 433484, 123.429
3514, 24585, 127, 3, 0, 0.1, 433611, 123.43
3515, 24585, 117, 0, 0, 0.1, 433728, 123.429
3516, 24585, 117, 1, 1, 0.1, 433845, 123.427
3517, 28677, 127, 3, 1, 0.1, 433972, 123.428
3518, 24585, 127, 3, 0, 0.1, 434099, 123.429
3519, 24585, 117, 3, 0, 0.1, 434216, 123.427
3520, 24585, 117, 1, 1, 0.1, 434333, 123.425
3521, 28677, 127, 1, 0, 0.1, 434460, 123.426
3522, 29954, 127, 0, 0, 0.1, 434587, 123.427
3523, 29962, 127, 2, 0, 0.1, 434714, 123.428
3524, 29954, 127, 3, 0, 0.1, 434841, 123.429
3525, 28677, 127, 1, 1, 0.1, 434968, 123.43
3526, 29954, 127, 3, 0, 0.1, 435095, 123.431
3527, 28677, 127, 0, 0, 0.1, 435222, 123.432
3528, 28677, 117, 1, 0, 0.1, 435339, 123.43
3529, 29954, 127, 2, 0, 0.1, 435466, 123.431
3530, 29962, 137, 0, 0, 0.1, 435603, 123.435
3531, 25858, 127, 0, 0, 0.1, 435730, 123.436
3532, 17674, 127, 1, 0, 0.1, 435857, 123.437
3533, 17674, 117, 1, 1, 0.1, 435974, 123.435
3534, 17674, 117, 2, 0, 0.1, 436091, 123.434
3535, 25858, 127, 0, 0, 0.1, 436218, 123.435
3536, 17674, 127, 3, 0, 0.1, 436345, 123.436
3537, 17674, 117, 1, 0, 0.1, 436462, 123.434
3538, 17674, 117, 0, 0, 0.1, 436579, 123.432
3539, 25858, 127, 0, 0, 0.1, 436706, 123.433
3540, 29962, 127, 0, 0, 0.1, 436833, 123.434
3541, 29962, 127, 2, 0, 0.1, 436960, 123.435
3542, 29962, 127, 0, 0, 0.1, 437087, 123.436
3543, 29962, 127, 3, 1, 0.1, 437214, 123.437
3544, 29962, 117, 0, 0, 0.1, 437331, 123.435
3545, 29962, 137, 0, 0, 0.1, 437468, 123.439
3546, 29962, 137, 1, 0, 0.1, 437605, 123.443
3547, 29962, 117, 2, 0, 0.1, 437722, 123.441
3548, 29962, 127, 1, 0, 0.1, 437849, 123.442
3549, 29962, 117, 2, 0, 0.1, 437966, 123.44
3550, 25866, 127, 0, 0, 0.1, 438093, 123.441
3551, 29962, 127, 0, 0, 0.1, 438220, 123.442
3552, 29962, 127, 3, 0, 0.1, 438347, 123.443
3553, 29962, 117, 2, 0, 0.1, 438464, 123.441
3554, 29962, 127, 0, 0, 0.1, 438591, 123.442
3555, 29962, 127, 0, 0, 0.1, 438718, 123.443
3556, 29962, 137, 0, 0, 0.1, 438855, 123.447
3557, 29962, 137, 2, 0, 0.1, 438992, 123.451
3558, 29962, 127, 0, 0, 0.1, 439119, 123.452
3559, 29962, 127, 0, 0, 0.1, 439246, 123.453
3560, 31747, 137, 2, 0, 0.1, 439383, 123.457
3561, 29706, 127, 1, 1, 0.1, 439510, 123.458
3562, 29706, 117, 1, 0, 0.1, 439627, 123.456
3563, 29706, 117, 0, 0, 0.1, 439744, 123.454
3564, 31747, 127, 1, 1, 0.1, 439871, 123.455
3565, 31747, 117, 2, 0, 0.1, 439988, 123.453
3566, 29706, 127, 0, 0, 0.1, 440115, 123.454
3567, 31747, 127, 2, 0, 0.1, 440242, 123.455
3568, 29706, 127, 1, 0, 0.1, 440369, 123.456
3569, 29706, 117, 2, 0, 0.1, 440486, 123.455
3570, 25610, 127, 0, 0, 0.1, 440613, 123.456
3571, 29706, 127, 2, 0, 0.1, 440740, 123.457
3572, 25610, 127, 3, 0, 0.1, 440867, 123.458
3573, 25610, 117, 2, 0, 0.1, 440984, 123.456
3574, 17418, 127, 3, 0, 0.1, 441111, 123.457
3575, 17418, 117, 3, 0, 0.1, 441228, 123.455
3576, 17418, 117, 0, 0, 0.1, 441345, 123.453
3577, 25610, 127, 1, 0, 0.1, 441472, 123.454
3578, 25610, 117, 1, 0, 0.1, 441589, 123.452
3579, 25610, 117, 3, 0, 0.1, 441706, 123.451
3580, 25610, 117, 0, 0, 0.1, 441823, 123.449
3581, 29706, 127, 0, 0, 0.1, 441950, 123.45
3582, 31747, 127, 1, 0, 0.1, 442077, 123.451
3583, 31747, 117, 1, 1, 0.1, 442194, 123.449
3584, 31747, 117, 2, 0, 0.1, 442311, 123.447
3585, 29706, 127, 2, 0, 0.1, 442438, 123.448
3586, 25610, 127, 0, 0, 0.1, 442565, 123.449
3587, 29706, 127, 2, 0, 0.1, 442692, 123.45
3588, 25610, 127, 0, 0, 0.1, 442819, 123.451
3589, 29706, 127, 2, 0, 0.1, 442946, 123.452
3590, 25610, 127, 3, 0, 0.1, 443073, 123.453
3591, 25610, 117, 1, 1, 0.1, 443190, 123.451
3592, 25610, 117, 2, 0, 0.1, 443307, 123.449
3593, 17418, 127, 2, 0, 0.1, 443434, 123.45
3594, 1034, 127, 2, 0, 0.1, 443561, 123.451
3595, 1034, 127, 3, 0, 0.1, 443688, 123.452
3596, 1034, 117, 3, 0, 0.1, 443805, 123.451
3597, 1034, 117, 3, 0, 0.1, 443922, 123.449
3598, 1034, 117, 3, 0, 0.1, 444039, 123.447
3599, 1034, 117, 1, 0, 0.1, 444156, 123.445
3600, 1034, 117, 1, 0, 0.1, 444273, 123.443
3601, 1034, 117, 1, 0, 0.1, 444390, 123.442
3602, 1034, 117, 2, 0, 0.1, 444507, 123.44
3603, 1034, 127, 2, 0, 0.1, 444634, 123.441
3604, 1026, 127, 1, 0, 0.1, 444761, 123.442
3605, 1026, 117, 0, 0, 0.1, 444878, 123.44
3606, 1034, 127, 1, 0, 0.1, 445005, 123.441
3607, 1034, 117, 0, 0, 0.1, 445122, 123.439
3608, 1034, 127, 1, 1, 0.1, 445249, 123.44
3609, 1034, 117, 2, 0, 0.1, 445366, 123.438
3610, 1034, 127, 3, 0, 0.1, 445493, 123.439
3611, 1034, 117, 1, 0, 0.1, 445610, 123.438
3612, 1034, 117, 2, 0, 0.1, 445727, 123.436
3613, 1026, 127, 1, 0, 0.1, 445854, 123.437
3614, 1026, 117, 1, 0, 0.1, 445971, 123.435
3615, 1026, 117, 1, 0, 0.1, 446088, 123.433
3616, 1026, 117, 1, 0, 0.1, 446205, 123.432
3617, 1026, 117, 2, 0, 0.1, 446322, 123.43
3618, 17418, 127, 1, 0, 0.1, 446449, 123.431
3619, 17418, 117, 3, 1, 0.1, 446566, 123.429
3620, 17418, 117, 1, 0, 0.1, 446683, 123.427
3621, 17418, 117, 2, 0, 0.1, 446800, 123.425
3622, 25602, 127, 1, 0, 0.1, 446927, 123.426
3623, 25602, 117, 1, 0, 0.1, 447044, 123.425
3624, 25602, 117, 0, 0, 0.1, 447161, 123.423
3625, 17418, 127, 2, 0, 0.1, 447288, 123.424
3626, 25602, 127, 0, 0, 0.1, 447415, 123.425
3627, 17418, 127, 1, 0, 0.1, 447542, 123.426
3628, 17418, 117, 2, 0, 0.1, 447659, 123.424
3629, 25602, 127, 2, 0, 0.1, 447786, 123.425
3630, 29706, 127, 3, 0, 0.1, 447913, 123.426
3631, 29706, 117, 2, 1, 0.1, 448030, 123.424
3632, 29706, 127, 2, 0, 0.1, 448157, 123.425
3633, 29706, 137, 1, 1, 0.1, 448294, 123.429
3634, 29706, 117, 2, 1, 0.1, 448411, 123.427
3635, 29706, 137, 2, 0, 0.1, 448548, 123.431
3636, 29706, 137, 0, 0, 0.1, 448685, 123.435
3637, 29706, 127, 3, 0, 0.1, 448812, 123.436
3638, 29706, 117, 0, 0, 0.1, 448929, 123.434
3639, 25610, 127, 0, 0, 0.1, 449056, 123.435
3640, 17418, 127, 0, 0, 0.1, 449183, 123.436
3641, 1034, 127, 3, 0, 0.1, 449310, 123.437
3642, 1034, 117, 2, 1, 0.1, 449427, 123.435
3643, 17418, 127, 1, 0, 0.1, 449554, 123.436
3644, 17418, 117, 1, 0, 0.1, 449671, 123.434
3645, 17418, 117, 0, 0, 0.1, 449788, 123.432
3646, 1034, 127, 1, 0, 0.1, 449915, 123.433
3647, 1034, 117, 0, 0, 0.1, 450032, 123.432
3648, 1026, 127, 1, 0, 0.1, 450159, 123.433
3649, 1026, 117, 3, 1, 0.1, 450276, 123.431
3650, 5, 127, 1, 0, 0.1, 450403, 123.432
3651, 1026, 127, 2, 0, 0.1, 450530, 123.433
3652, 1034, 127, 1, 0, 0.1, 450657, 123.434
3653, 1034, 117, 2, 0, 0.1, 450774, 123.432
3654, 17418, 127, 0, 0, 0.1, 450901, 123.433
3655, 1034, 127, 1, 0, 0.1, 451028, 123.434
3656, 1034, 117, 1, 0, 0.1, 451145, 123.432
3657, 1034, 117, 2, 0, 0.1, 451262, 123.431
3658, 17418, 127, 0, 0, 0.1, 451389, 123.432
3659, 1034, 127, 1, 0, 0.1, 451516, 123.432
3660, 1034, 117, 3, 0, 0.1, 451633, 123.431
3661, 1034, 117, 1, 0, 0.1, 451750, 123.429
3662, 1034, 117, 3, 1, 0.1, 451867, 123.427
3663, 1034, 117, 1, 0, 0.1, 451984, 123.425
3664, 1034, 117, 2, 0, 0.1, 452101, 123.424
3665, 17418, 127, 2, 0, 0.1, 452228, 123.425
3666, 25610, 127, 0, 0, 0.1, 452355, 123.426
3667, 17418, 127, 0, 0, 0.1, 452482, 123.427
3668, 1034, 127, 3, 0, 0.1, 452609, 123.428
3669, 1034, 117, 0, 0, 0.1, 452726, 123.426
3670, 1026, 127, 0, 0, 0.1, 452853, 123.427
3671, 1034, 127, 1, 0, 0.1, 452980, 123.428
3672, 1034, 117, 1, 0, 0.1, 453097, 123.426
3673, 1034, 117, 2, 0, 0.1, 453214, 123.424
3674, 1026, 127, 0, 0, 0.1, 453341, 123.425
3675, 1034, 127, 0, 1, 0.1, 453468, 123.426
3676, 1026, 127, 0, 0, 0.1, 453595, 123.427
3677, 1034, 127, 2, 0, 0.1, 453722, 123.428
3678, 1026, 127, 0, 0, 0.1, 453849, 123.429
3679, 1034, 127, 3, 0, 0.1, 453976, 123.43
3680, 1034, 117, 1, 1, 0.1, 454093, 123.428
3681, 1034, 117, 2, 0, 0.1, 454210, 123.427
3682, 1026, 127, 2, 0, 0.1, 454337, 123.428
3683, 1034, 127, 2, 0, 0.1, 454464, 123.429
3684, 1026, 127, 1, 0, 0.1, 454591, 123.43
3685, 1026, 117, 3, 0, 0.1, 454708, 123.428
3686, 5, 127, 1, 0, 0.1, 454835, 123.429
3687, 1026, 127, 2, 0, 0.1, 454962, 123.43
3688, 1034, 127, 0, 0, 0.1, 455089, 123.431
3689, 1026, 127, 2, 0, 0.1, 455216, 123.432
3690, 1034, 127, 1, 0, 0.1, 455343, 123.433
3691, 1034, 117, 3, 0, 0.1, 455460, 123.431
3692, 1034, 117, 2, 0, 0.1, 455577, 123.429
3693, 17418, 127, 2, 0, 0.1, 455704, 123.43
3694, 25610, 127, 1, 0, 0.1, 455831, 123.431
3695, 25610, 117, 3, 0, 0.1, 455948, 123.429
3696, 25610, 117, 2, 0, 0.1, 456065, 123.428
3697, 29706, 127, 2, 0, 0.1, 456192, 123.429
3698, 29706, 127, 2, 0, 0.1, 456319, 123.43
3699, 28682, 137, 0, 1, 0.1, 456456, 123.433
3700, 24586, 127, 3, 1, 0.1, 456583, 123.434
3701, 24586, 117, 1, 0, 0.1, 456700, 123.432
3702, 24586, 117, 2, 0, 0.1, 456817, 123.431
3703, 28682, 127, 2, 0, 0.1, 456944, 123.432
3704, 30726, 127, 0, 0, 0.1, 457071, 123.433
3705, 28682, 127, 2, 0, 0.1, 457198, 123.434
3706, 30726, 127, 3, 0, 0.1, 457325, 123.435
3707, 24581, 137, 1, 0, 0.1, 457462, 123.438
3708, 16390, 127, 1, 0, 0.1, 457589, 123.439
3709, 16390, 117, 2, 0, 0.1, 457706, 123.437
3710, 16390, 117, 3, 0, 0.1, 457823, 123.436
3711, 24581, 127, 1, 0, 0.1, 457950, 123.437
3712, 16390, 127, 0, 0, 0.1, 458077, 123.438
3713, 10, 127, 1, 0, 0.1, 458204, 123.439
3714, 10, 117, 3, 0, 0.1, 458321, 123.437
3715, 10, 117, 2, 0, 0.1, 458438, 123.435
3716, 16390, 127, 1, 0, 0.1, 458565, 123.436
3717, 16390, 117, 3, 0, 0.1, 458682, 123.434
3718, 24581, 127, 2, 0, 0.1, 458809, 123.435
3719, 24581, 117, 1, 0, 0.1, 458926, 123.434
3720, 16390, 127, 1, 0, 0.1, 459053, 123.435
3721, 16390, 117, 0, 0, 0.1, 459170, 123.433
3722, 10, 127, 2, 0, 0.1, 459297, 123.434
3723, 16390, 127, 1, 1, 0.1, 459424, 123.435
3724, 16390, 117, 3, 0, 0.1, 459541, 123.433
3725, 24581, 127, 1, 0, 0.1, 459668, 123.434
3726, 16390, 127, 2, 0, 0.1, 459795, 123.435
3727, 16390, 117, 3, 0, 0.1, 459912, 123.433
3728, 24581, 127, 1, 0, 0.1, 460039, 123.434
3729, 16390, 127, 1, 0, 0.1, 460166, 123.435
3730, 16390, 117, 3, 0, 0.1, 460283, 123.433
3731, 24581, 127, 1, 0, 0.1, 460410, 123.434
3732, 16390, 127, 0, 0, 0.1, 460537, 123.435
3733, 10, 127, 3, 0, 0.1, 460664, 123.436
3734, 10, 117, 2, 0, 0.1, 460781, 123.435
3735, 16390, 127, 3, 0, 0.1, 460908, 123.435
3736, 24581, 127, 3, 0, 0.1, 461035, 123.436
3737, 28684, 127, 3, 0, 0.1, 461162, 123.437
3738, 28684, 117, 3, 0, 0.1, 461279, 123.436
3739, 28684, 117, 3, 0, 0.1, 461396, 123.434
3740, 28684, 117, 3, 0, 0.1, 461513, 123.432
3741, 28684, 117, 3, 0, 0.1, 461630, 123.43
3742, 28684, 117, 2, 0, 0.1, 461747, 123.429
3743, 28684, 117, 1, 0, 0.1, 461864, 123.427
3744, 24581, 127, 3, 0, 0.1, 461991, 123.428
3745, 28684, 127, 1, 1, 0.1, 462118, 123.429
3746, 24581, 127, 3, 0, 0.1, 462245, 123.43
3747, 28684, 127, 0, 0, 0.1, 462372, 123.431
3748, 30722, 127, 3, 0, 0.1, 462499, 123.432
3749, 30725, 137, 0, 0, 0.1, 462636, 123.435
3750, 30725, 117, 3, 0, 0.1, 462753, 123.434
3751, 28681, 137, 3, 0, 0.1, 462890, 123.437
3752, 28681, 117, 3, 0, 0.1, 463007, 123.436
3753, 28681, 117, 3, 0, 0.1, 463124, 123.434
3754, 28681, 117, 3, 0, 0.1, 463241, 123.432
3755, 28681, 117, 3, 0, 0.1, 463358, 123.43
3756, 28681, 117, 1, 0, 0.1, 463475, 123.429
3757, 28677, 127, 1, 0, 0.1, 463602, 123.43
3758, 24578, 127, 0, 0, 0.1, 463729, 123.431
3759, 28682, 127, 0, 0, 0.1, 463856, 123.432
3760, 30723, 127, 0, 0, 0.1, 463983, 123.433
3761, 30723, 117, 0, 0, 0.1, 464100, 123.431
3762, 30723, 117, 3, 0, 0.1, 464217, 123.429
3763, 30725, 137, 0, 0, 0.1, 464354, 123.433
3764, 30725, 117, 3, 0, 0.1, 464471, 123.431
3765, 30980, 127, 0, 0, 0.1, 464598, 123.432
3766, 28938, 137, 2, 0, 0.1, 464735, 123.436
3767, 30980, 127, 1, 0, 0.1, 464862, 123.437
3768, 30725, 127, 1, 0, 0.1, 464989, 123.437
3769, 26627, 127, 3, 0, 0.1, 465116, 123.438
3770, 30725, 127, 0, 0, 0.1, 465243, 123.439
3771, 30725, 117, 3, 0, 0.1, 465360, 123.438
3772, 30980, 127, 3, 0, 0.1, 465487, 123.439
3773, 30725, 137, 2, 1, 0.1, 465624, 123.442
3774, 30725, 117, 1, 0, 0.1, 465741, 123.44
3775, 30980, 127, 2, 0, 0.1, 465868, 123.441
3776, 30980, 117, 0, 0, 0.1, 465985, 123.44
3777, 24842, 127, 0, 0, 0.1, 466112, 123.441
3778, 24840, 127, 1, 0, 0.1, 466239, 123.442
3779, 16389, 127, 3, 0, 0.1, 466366, 123.443
3780, 24840, 127, 2, 0, 0.1, 466493, 123.444
3781, 24842, 127, 2, 0, 0.1, 466620, 123.444
3782, 30980, 127, 2, 0, 0.1, 466747, 123.445
3783, 30980, 117, 0, 0, 0.1, 466864, 123.444
3784, 24842, 127, 3, 0, 0.1, 466991, 123.445
3785, 24842, 117, 2, 0, 0.1, 467108, 123.443
3786, 30980, 127, 0, 0, 0.1, 467235, 123.444
3787, 24842, 127, 0, 0, 0.1, 467362, 123.445
3788, 24840, 127, 2, 0, 0.1, 467489, 123.446
3789, 24842, 127, 3, 0, 0.1, 467616, 123.447
3790, 24842, 117, 0, 0, 0.1, 467733, 123.445
3791, 24840, 127, 1, 0, 0.1, 467860, 123.446
3792, 16389, 127, 2, 0, 0.1, 467987, 123.447
3793, 16389, 117, 1, 0, 0.1, 468104, 123.445
3794, 6, 127, 1, 0, 0.1, 468231, 123.446
3795, 6, 117, 3, 0, 0.1, 468348, 123.444
3796, 16389, 127, 3, 0, 0.1, 468475, 123.445
3797, 24856, 127, 0, 0, 0.1, 468602, 123.446
3798, 28938, 127, 1, 0, 0.1, 468729, 123.447
3799, 28954, 117, 1, 0, 0.1, 468846, 123.445
3800, 28954, 117, 3, 0, 0.1, 468963, 123.444
3801, 28954, 117, 1, 0, 0.1, 469080, 123.442
3802, 28954, 117, 0, 0, 0.1, 469197, 123.44
3803, 30994, 127, 3, 0, 0.1, 469324, 123.441
3804, 28677, 137, 3, 0, 0.1, 469461, 123.445
3805, 25896, 127, 0, 0, 0.1, 469588, 123.446
3806, 25866, 127, 0, 0, 0.1, 469715, 123.447
3807, 30024, 127, 1, 0, 0.1, 469842, 123.448
3808, 28677, 127, 1, 0, 0.1, 469969, 123.449
3809, 30082, 127, 3, 0, 0.1, 470096, 123.45
3810, 28677, 77, 2, 0, 0.1, 470173, 123.437
3811, 30472, 137, 1, 1, 0.1, 470310, 123.441
3812, 28677, 137, 3, 0, 0.1, 470447, 123.445
3813, 29960, 127, 1, 0, 0.1, 470574, 123.445
3814, 28677, 127, 3, 0, 0.1, 470701, 123.446
3815, 29960, 127, 1, 0, 0.1, 470828, 123.447
3816, 28677, 127, 2, 0, 0.1, 470955, 123.448
3817, 28677, 117, 1, 1, 0.1, 471072, 123.447
3818, 29954, 127, 1, 0, 0.1, 471199, 123.447
3819, 29954, 117, 0, 0, 0.1, 471316, 123.446
3820, 29962, 137, 3, 0, 0.1, 471453, 123.449
3821, 29962, 117, 0, 0, 0.1, 471570, 123.448
3822, 32002, 137, 2, 0, 0.1, 471707, 123.451
3823, 25866, 127, 1, 1, 0.1, 471834, 123.452
3824, 25866, 117, 1, 0, 0.1, 471951, 123.45
3825, 25866, 117, 1, 0, 0.1, 472068, 123.449
3826, 25866, 117, 1, 0, 0.1, 472185, 123.447
3827, 25866, 117, 3, 0, 0.1, 472302, 123.445
3828, 25866, 117, 2, 0, 0.1, 472419, 123.444
3829, 29954, 127, 3, 0, 0.1, 472546, 123.445
3830, 24581, 127, 3, 1, 0.1, 472673, 123.446
3831, 29960, 127, 2, 0, 0.1, 472800, 123.446
3832, 29962, 127, 2, 0, 0.1, 472927, 123.447
3833, 32130, 127, 2, 1, 0.1, 473054, 123.448
3834, 29962, 137, 3, 0, 0.1, 473191, 123.452
3835, 29962, 117, 2, 0, 0.1, 473308, 123.45
3836, 32528, 127, 2, 0, 0.1, 473435, 123.451
3837, 29978, 127, 2, 0, 0.1, 473562, 123.452
3838, 29978, 137, 2, 1, 0.1, 473699, 123.456
3839, 29468, 137, 1, 0, 0.1, 473836, 123.459
3840, 28677, 137, 0, 1, 0.1, 473973, 123.463
3841, 28805, 117, 0, 0, 0.1, 474090, 123.461
3842, 28677, 67, 3, 0, 0.1, 474157, 123.446
3843, 29962, 117, 0, 1, 0.1, 474274, 123.445
3844, 30472, 127, 2, 0, 0.1, 474401, 123.445
3845, 29962, 127, 0, 0, 0.1, 474528, 123.446
3846, 30472, 127, 2, 0, 0.1, 474655, 123.447
3847, 29962, 127, 0, 0, 0.1, 474782, 123.448
3848, 30472, 127, 2, 1, 0.1, 474909, 123.449
3849, 29962, 127, 1, 0, 0.1, 475036, 123.45
3850, 29962, 117, 2, 0, 0.1, 475153, 123.448
3851, 30472, 127, 2, 0, 0.1, 475280, 123.449
3852, 29962, 137, 1, 0, 0.1, 475417, 123.453
3853, 29962, 117, 2, 0, 0.1, 475534, 123.451
3854, 32002, 127, 2, 0, 0.1, 475661, 123.452
3855, 29962, 137, 0, 0, 0.1, 475798, 123.456
3856, 32002, 127, 0, 0, 0.1, 475925, 123.457
3857, 29962, 127, 0, 0, 0.1, 476052, 123.457
3858, 30472, 127, 1, 0, 0.1, 476179, 123.458
3859, 28677, 137, 1, 0, 0.1, 476316, 123.462
3860, 29954, 127, 3, 0, 0.1, 476443, 123.463
3861, 28677, 127, 0, 1, 0.1, 476570, 123.464
3862, 28677, 117, 1, 0, 0.1, 476687, 123.462
3863, 29954, 127, 2, 0, 0.1, 476814, 123.463
3864, 29962, 127, 0, 0, 0.1, 476941, 123.464
3865, 29954, 127, 3, 0, 0.1, 477068, 123.465
3866, 28677, 127, 3, 0, 0.1, 477195, 123.466
3867, 25864, 127, 2, 0, 0.1, 477322, 123.467
3868, 29962, 127, 1, 0, 0.1, 477449, 123.468
3869, 29962, 117, 0, 0, 0.1, 477566, 123.466
3870, 25864, 127, 0, 1, 0.1, 477693, 123.467
3871, 29962, 127, 2, 1, 0.1, 477820, 123.468
3872, 25864, 127, 2, 0, 0.1, 477947, 123.469
3873, 29962, 127, 1, 0, 0.1, 478074, 123.47
3874, 29962, 117, 2, 0, 0.1, 478191, 123.468
3875, 32002, 127, 0, 0, 0.1, 478318, 123.469
3876, 29962, 127, 0, 0, 0.1, 478445, 123.47
3877, 25864, 127, 2, 0, 0.1, 478572, 123.471
3878, 29962, 127, 2, 0, 0.1, 478699, 123.471
3879, 32002, 127, 3, 0, 0.1, 478826, 123.472
3880, 30725, 137, 3, 0, 0.1, 478963, 123.476
3881, 30980, 137, 2, 1, 0.1, 479100, 123.479
3882, 30980, 117, 0, 0, 0.1, 479217, 123.478
3883, 28938, 137, 3, 0, 0.1, 479354, 123.481
3884, 28938, 117, 3, 0, 0.1, 479471, 123.48
3885, 28938, 117, 3, 0, 0.1, 479588, 123.478
3886, 28938, 117, 0, 0, 0.1, 479705, 123.476
3887, 24586, 137, 3, 0, 0.1, 479842, 123.48
3888, 24586, 117, 3, 0, 0.1, 479959, 123.478
3889, 24586, 117, 1, 0, 0.1, 480076, 123.476
3890, 24586, 117, 2, 0, 0.1, 480193, 123.475
3891, 28682, 127, 3, 0, 0.1, 480320, 123.476
3892, 28682, 117, 2, 0, 0.1, 480437, 123.474
3893, 30724, 127, 1, 0, 0.1, 480564, 123.475
3894, 30725, 127, 1, 0, 0.1, 480691, 123.476
3895, 32002, 127, 2, 0, 0.1, 480818, 123.477
3896, 29962, 127, 3, 1, 0.1, 480945, 123.478
3897, 29962, 117, 3, 0, 0.1, 481062, 123.476
3898, 29962, 117, 3, 1, 0.1, 481179, 123.474
3899, 29962, 117, 0, 0, 0.1, 481296, 123.473
3900, 32130, 127, 3, 0, 0.1, 481423, 123.473
3901, 30853, 127, 0, 0, 0.1, 481550, 123.474
3902, 30853, 117, 3, 0, 0.1, 481667, 123.473
3903, 30852, 127, 0, 0, 0.1, 481794, 123.474
3904, 28746, 127, 0, 0, 0.1, 481921, 123.475
3905, 24650, 127, 2, 0, 0.1, 482048, 123.475
3906, 28698, 77, 3, 1, 0.1, 482125, 123.464
3907, 29962, 117, 3, 0, 0.1, 482242, 123.462
3908, 29962, 117, 2, 0, 0.1, 482359, 123.46
3909, 30472, 137, 1, 0, 0.1, 482496, 123.464
3910, 29189, 137, 2, 0, 0.1, 482633, 123.467
3911, 29189, 117, 2, 0, 0.1, 482750, 123.465
3912, 29189, 117, 3, 1, 0.1, 482867, 123.464
3913, 30472, 127, 1, 1, 0.1, 482994, 123.465
3914, 29189, 127, 3, 0, 0.1, 483121, 123.466
3915, 30472, 127, 1, 0, 0.1, 483248, 123.467
3916, 29189, 127, 1, 1, 0.1, 483375, 123.467
3917, 29954, 137, 2, 0, 0.1, 483512, 123.471
3918, 29962, 137, 2, 0, 0.1, 483649, 123.474
3919, 29960, 127, 3, 0, 0.1, 483776, 123.475
3920, 29960, 117, 1, 1, 0.1, 483893, 123.474
3921, 28677, 127, 1, 0, 0.1, 484020, 123.474
3922, 24582, 127, 0, 0, 0.1, 484147, 123.475
3923, 28682, 127, 2, 0, 0.1, 484274, 123.476
3924, 24582, 127, 1, 0, 0.1, 484401, 123.477
3925, 24582, 117, 1, 0, 0.1, 484518, 123.476
3926, 24582, 117, 3, 0, 0.1, 484635, 123.474
3927, 28677, 127, 3, 0, 0.1, 484762, 123.475
3928, 29960, 127, 1, 0, 0.1, 484889, 123.476
3929, 28677, 127, 1, 1, 0.1, 485016, 123.477
3930, 24582, 127, 0, 0, 0.1, 485143, 123.477
3931, 28682, 127, 1, 0, 0.1, 485270, 123.478
3932, 28682, 117, 3, 0, 0.1, 485387, 123.477
3933, 28682, 117, 1, 0, 0.1, 485504, 123.475
3934, 28682, 117, 1, 0, 0.1, 485621, 123.473
3935, 28682, 117, 1, 0, 0.1, 485738, 123.472
3936, 28682, 117, 3, 0, 0.1, 485855, 123.47
3937, 28682, 117, 2, 0, 0.1, 485972, 123.468
3938, 24582, 127, 3, 0, 0.1, 486099, 123.469
3939, 28677, 127, 2, 0, 0.1, 486226, 123.47
3940, 28677, 117, 1, 0, 0.1, 486343, 123.469
3941, 24582, 127, 3, 0, 0.1, 486470, 123.47
3942, 28677, 127, 0, 1, 0.1, 486597, 123.47
3943, 28677, 117, 3, 0, 0.1, 486714, 123.469
3944, 29960, 127, 0, 0, 0.1, 486841, 123.47
3945, 29962, 127, 1, 0, 0.1, 486968, 123.471
3946, 29962, 117, 2, 0, 0.1, 487085, 123.469
3947, 29960, 127, 1, 0, 0.1, 487212, 123.47
3948, 28677, 127, 1, 0, 0.1, 487339, 123.471
3949, 24582, 127, 1, 0, 0.1, 487466, 123.472
3950, 24582, 117, 0, 0, 0.1, 487583, 123.47
3951, 28682, 127, 1, 0, 0.1, 487710, 123.471
3952, 28682, 117, 3, 1, 0.1, 487827, 123.469
3953, 28682, 117, 1, 0, 0.1, 487944, 123.468
3954, 28682, 117, 1, 0, 0.1, 488061, 123.466
3955, 28682, 117, 3, 0, 0.1, 488178, 123.464
3956, 28682, 117, 3, 0, 0.1, 488295, 123.463
3957, 28682, 117, 2, 0, 0.1, 488412, 123.461
3958, 24582, 127, 3, 0, 0.1, 488539, 123.462
3959, 28805, 127, 2, 0, 0.1, 488666, 123.463
3960, 28805, 67, 3, 0, 0.1, 488733, 123.449
3961, 29962, 117, 3, 0, 0.1, 488850, 123.447
3962, 29962, 117, 1, 0, 0.1, 488967, 123.445
3963, 29962, 117, 0, 0, 0.1, 489084, 123.444
3964, 25864, 127, 3, 1, 0.1, 489211, 123.445
3965, 25864, 117, 1, 0, 0.1, 489328, 123.443
3966, 28677, 127, 1, 0, 0.1, 489455, 123.444
3967, 29954, 127, 3, 0, 0.1, 489582, 123.445
3968, 28677, 127, 2, 1, 0.1, 489709, 123.446
3969, 28677, 117, 3, 0, 0.1, 489826, 123.444
3970, 25864, 127, 2, 0, 0.1, 489953, 123.445
3971, 29962, 127, 3, 0, 0.1, 490080, 123.446
3972, 29962, 117, 1, 1, 0.1, 490197, 123.444
3973, 29962, 117, 2, 0, 0.1, 490314, 123.443
3974, 29960, 127, 2, 1, 0.1, 490441, 123.443
3975, 29962, 137, 2, 0, 0.1, 490578, 123.447
3976, 32002, 137, 3, 0, 0.1, 490715, 123.45
3977, 30725, 137, 0, 0, 0.1, 490852, 123.454
3978, 30725, 117, 1, 0, 0.1, 490969, 123.452
3979, 32002, 127, 2, 0, 0.1, 491096, 123.453
3980, 29962, 127, 0, 0, 0.1, 491223, 123.454
3981, 32002, 127, 3, 0, 0.1, 491350, 123.455
3982, 30725, 127, 0, 0, 0.1, 491477, 123.456
3983, 30725, 117, 1, 0, 0.1, 491594, 123.454
3984, 32002, 127, 3, 0, 0.1, 491721, 123.455
3985, 30725, 127, 2, 0, 0.1, 491848, 123.456
3986, 30853, 117, 3, 0, 0.1, 491965, 123.454
3987, 31108, 137, 3, 0, 0.1, 492102, 123.458
3988, 30853, 127, 1, 0, 0.1, 492229, 123.458
3989, 31108, 127, 1, 0, 0.1, 492356, 123.459
3990, 30853, 127, 2, 0, 0.1, 492483, 123.46
3991, 30725, 67, 2, 0, 0.1, 492550, 123.446
3992, 30472, 127, 2, 0, 0.1, 492677, 123.447
3993, 29962, 137, 0, 0, 0.1, 492814, 123.45
3994, 30472, 127, 1, 0, 0.1, 492941, 123.451
3995, 29189, 137, 0, 0, 0.1, 493078, 123.455
3996, 29189, 117, 3, 0, 0.1, 493195, 123.453
3997, 30472, 127, 1, 0, 0.1, 493322, 123.454
3998, 29189, 127, 0, 0, 0.1, 493449, 123.455
3999, 29189, 117, 3, 0, 0.1, 493566, 123.453
4000, 30472, 127, 3, 1, 0.1, 493693, 123.454
4001, 30472, 117, 2, 0, 0.1, 493810, 123.453
4002, 29962, 127, 2, 0, 0.1, 493937, 123.453
4003, 32002, 127, 0, 0, 0.1, 494064, 123.454
4004, 29962, 127, 0, 0, 0.1, 494191, 123.455
4005, 30472, 127, 0, 0, 0.1, 494318, 123.456
4006, 29962, 127, 0, 0, 0.1, 494445, 123.457
4007, 30472, 127, 2, 0, 0.1, 494572, 123.458
4008, 29962, 127, 2, 0, 0.1, 494699, 123.459
4009, 30472, 127, 1, 0, 0.1, 494826, 123.46
4010, 29189, 127, 3, 0, 0.1, 494953, 123.46
4011, 30472, 127, 2, 0, 0.1, 495080, 123.461
4012, 29962, 127, 1, 0, 0.1, 495207, 123.462
4013, 29962, 117, 2, 0, 0.1, 495324, 123.461
4014, 32002, 127, 3, 0, 0.1, 495451, 123.462
4015, 30725, 137, 2, 0, 0.1, 495588, 123.465
4016, 30725, 117, 1, 0, 0.1, 495705, 123.463
4017, 32002, 127, 0, 1, 0.1, 495832, 123.464
4018, 25866, 127, 2, 0, 0.1, 495959, 123.465
4019, 32002, 127, 3, 0, 0.1, 496086, 123.466
4020, 30725, 127, 0, 0, 0.1, 496213, 123.467
4021, 30725, 117, 3, 0, 0.1, 496330, 123.465
4022, 30980, 137, 3, 0, 0.1, 496467, 123.469
4023, 30725, 137, 3, 0, 0.1, 496604, 123.472
4024, 24581, 137, 3, 0, 0.1, 496741, 123.475
4025, 24581, 127, 3, 0, 0.1, 496868, 123.476
4026, 28956, 127, 2, 0, 0.1, 496995, 123.477
4027, 28956, 117, 1, 0, 0.1, 497112, 123.475
4028, 24581, 127, 3, 0, 0.1, 497239, 123.476
4029, 28940, 127, 0, 0, 0.1, 497366, 123.477
4030, 28954, 127, 0, 0, 0.1, 497493, 123.478
4031, 31552, 87, 3, 0, 0.1, 497580, 123.469
4032, 29962, 117, 2, 0, 0.1, 497697, 123.467
4033, 30472, 137, 0, 0, 0.1, 497834, 123.471
4034, 29962, 127, 1, 0, 0.1, 497961, 123.472
4035, 29962, 117, 2, 0, 0.1, 498078, 123.47
4036, 30472, 127, 2, 0, 0.1, 498205, 123.471
4037, 29962, 137, 2, 1, 0.1, 498342, 123.474
4038, 32002, 127, 2, 0, 0.1, 498469, 123.475
4039, 29962, 137, 3, 1, 0.1, 498606, 123.478
4040, 29962, 117, 3, 0, 0.1, 498723, 123.477
4041, 29962, 117, 0, 0, 0.1, 498840, 123.475
4042, 32002, 127, 2, 1, 0.1, 498967, 123.476
4043, 29962, 127, 1, 1, 0.1, 499094, 123.477
4044, 29962, 117, 2, 0, 0.1, 499211, 123.475
4045, 32512, 137, 1, 0, 0.1, 499348, 123.479
4046, 31237, 127, 2, 0, 0.1, 499475, 123.48
4047, 31237, 117, 3, 0, 0.1, 499592, 123.478
4048, 32512, 127, 1, 0, 0.1, 499719, 123.479
4049, 31237, 127, 1, 0, 0.1, 499846, 123.48
4050, 31492, 127, 1, 0, 0.1, 499973, 123.481
4051, 31237, 127, 1, 0, 0.1, 500100, 123.481
4052, 27651, 137, 2, 0, 0.1, 500237, 123.485
4053, 29706, 127, 1, 0, 0.1, 500364, 123.486
4054, 29706, 117, 2, 0, 0.1, 500481, 123.484
4055, 31746, 127, 1, 0, 0.1, 500608, 123.485
4056, 31746, 117, 2, 0, 0.1, 500725, 123.483
4057, 29196, 137, 1, 0, 0.1, 500862, 123.487
4058, 29189, 127, 2, 1, 0.1, 500989, 123.488
4059, 29189, 117, 0, 0, 0.1, 501106, 123.486
4060, 29189, 117, 1, 0, 0.1, 501223, 123.484
4061, 24838, 137, 1, 0, 0.1, 501360, 123.488
4062, 24838, 117, 2, 0, 0.1, 501477, 123.486
4063, 24838, 117, 0, 0, 0.1, 501594, 123.484
4064, 28938, 127, 0, 0, 0.1, 501721, 123.485
4065, 28938, 127, 2, 0, 0.1, 501848, 123.486
4066, 28938, 127, 0, 0, 0.1, 501975, 123.487
4067, 28938, 127, 0, 0, 0.1, 502102, 123.488
4068, 28938, 137, 0, 0, 0.1, 502239, 123.491
4069, 28938, 137, 2, 0, 0.1, 502376, 123.495
4070, 28938, 127, 3, 1, 0.1, 502503, 123.495
4071, 28938, 117, 0, 0, 0.1, 502620, 123.494
4072, 28938, 127, 3, 1, 0.1, 502747, 123.495
4073, 28938, 117, 2, 1, 0.1, 502864, 123.493
4074, 28938, 127, 2, 0, 0.1, 502991, 123.494
4075, 24842, 127, 2, 0, 0.1, 503118, 123.495
4076, 16650, 127, 0, 0, 0.1, 503245, 123.496
4077, 24842, 127, 0, 0, 0.1, 503372, 123.497
4078, 28938, 127, 0, 0, 0.1, 503499, 123.497
4079, 28938, 127, 3, 1, 0.1, 503626, 123.498
4080, 28938, 117, 0, 0, 0.1, 503743, 123.497
4081, 24842, 137, 3, 0, 0.1, 503880, 123.5
4082, 24842, 117, 0, 0, 0.1, 503997, 123.498
4083, 28938, 127, 0, 0, 0.1, 504124, 123.499
4084, 28930, 127, 2, 0, 0.1, 504251, 123.5
4085, 28938, 127, 0, 0, 0.1, 504378, 123.501
4086, 28930, 127, 0, 0, 0.1, 504505, 123.502
4087, 24842, 137, 1, 0, 0.1, 504642, 123.505
4088, 24842, 117, 2, 1, 0.1, 504759, 123.504
4089, 24834, 127, 2, 1, 0.1, 504886, 123.504
4090, 16650, 127, 3, 0, 0.1, 505013, 123.505
4091, 16650, 117, 0, 0, 0.1, 505130, 123.504
4092, 24834, 127, 3, 0, 0.1, 505257, 123.505
4093, 28677, 127, 2, 0, 0.1, 505384, 123.505
4094, 28677, 117, 3, 0, 0.1, 505501, 123.504
4095, 29705, 127, 3, 0, 0.1, 505628, 123.505
4096, 29705, 117, 1, 1, 0.1, 505745, 123.503
4097, 28677, 127, 3, 0, 0.1, 505872, 123.504
4098, 29705, 127, 2, 0, 0.1, 505999, 123.505
4099, 29706, 137, 3, 0, 0.1, 506136, 123.508
4100, 29706, 117, 2, 0, 0.1, 506253, 123.506
4101, 30726, 137, 3, 0, 0.1, 506390, 123.51
4102, 30725, 127, 3, 0, 0.1, 506517, 123.511
4103, 29960, 137, 2, 0, 0.1, 506654, 123.514
4104, 28938, 137, 3, 0, 0.1, 506791, 123.517
4105, 28938, 117, 0, 0, 0.1, 506908, 123.516
4106, 28936, 127, 2, 0, 0.1, 507035, 123.516
4107, 28938, 127, 2, 0, 0.1, 507162, 123.517
4108, 26884, 127, 0, 1, 0.1, 507289, 123.518
4109, 28938, 127, 0, 0, 0.1, 507416, 123.519
4110, 28936, 127, 1, 0, 0.1, 507543, 123.52
4111, 28677, 127, 3, 0, 0.1, 507670, 123.521
4112, 28936, 127, 1, 0, 0.1, 507797, 123.522
4113, 28677, 127, 0, 1, 0.1, 507924, 123.522
4114, 28677, 117, 3, 0, 0.1, 508041, 123.521
4115, 28936, 127, 0, 0, 0.1, 508168, 123.522
4116, 28938, 137, 2, 0, 0.1, 508305, 123.525
4117, 28936, 127, 2, 0, 0.1, 508432, 123.526
4118, 24842, 127, 1, 0, 0.1, 508559, 123.527
4119, 24842, 117, 0, 0, 0.1, 508676, 123.525
4120, 28936, 127, 0, 0, 0.1, 508803, 123.526
4121, 28938, 127, 0, 0, 0.1, 508930, 123.527
4122, 30978, 137, 2, 0, 0.1, 509067, 123.53
4123, 28938, 127, 0, 0, 0.1, 509194, 123.531
4124, 30978, 127, 3, 0, 0.1, 509321, 123.532
4125, 28677, 137, 3, 0, 0.1, 509458, 123.535
4126, 25864, 127, 1, 0, 0.1, 509585, 123.536
4127, 28677, 127, 2, 1, 0.1, 509712, 123.537
4128, 28677, 117, 3, 1, 0.1, 509829, 123.535
4129, 25864, 127, 2, 1, 0.1, 509956, 123.536
4130, 25866, 127, 2, 0, 0.1, 510083, 123.537
4131, 32002, 127, 0, 1, 0.1, 510210, 123.538
4132, 25866, 127, 1, 0, 0.1, 510337, 123.538
4133, 25866, 117, 2, 0, 0.1, 510454, 123.537
4134, 32002, 127, 3, 0, 0.1, 510581, 123.538
4135, 30725, 127, 3, 0, 0.1, 510708, 123.538
4136, 30980, 137, 0, 0, 0.1, 510845, 123.542
4137, 28938, 137, 1, 0, 0.1, 510982, 123.545
4138, 28938, 117, 0, 0, 0.1, 511099, 123.543
4139, 28938, 137, 2, 0, 0.1, 511236, 123.547
4140, 28938, 127, 2, 0, 0.1, 511363, 123.547
4141, 30980, 127, 0, 0, 0.1, 511490, 123.548
4142, 28938, 127, 0, 0, 0.1, 511617, 123.549
4143, 28938, 127, 2, 0, 0.1, 511744, 123.55
4144, 28938, 127, 0, 0, 0.1, 511871, 123.551
4145, 28938, 127, 2, 0, 0.1, 511998, 123.552
4146, 28938, 127, 0, 0, 0.1, 512125, 123.552
4147, 28938, 127, 0, 0, 0.1, 512252, 123.553
4148, 28938, 127, 0, 0, 0.1, 512379, 123.554
4149, 16394, 137, 3, 0, 0.1, 512516, 123.557
4150, 16394, 117, 3, 1, 0.1, 512633, 123.556
4151, 16394, 117, 3, 0, 0.1, 512750, 123.554
4152, 16394, 117, 2, 0, 0.1, 512867, 123.553
4153, 16394, 127, 0, 1, 0.1, 512994, 123.553
4154, 16394, 127, 0, 0, 0.1, 513121, 123.554
4155, 24586, 127, 0, 0, 0.1, 513248, 123.555
4156, 31233, 127, 1, 0, 0.1, 513375, 123.556
4157, 31237, 127, 3, 0, 0.1, 513502, 123.557
4158, 31233, 127, 3, 0, 0.1, 513629, 123.558
4159, 31237, 127, 2, 0, 0.1, 513756, 123.558
4160, 31237, 117, 1, 0, 0.1, 513873, 123.557
4161, 31361, 127, 1, 0, 0.1, 514000, 123.558
4162, 31365, 127, 2, 0, 0.1, 514127, 123.559
4163, 31365, 117, 1, 0, 0.1, 514244, 123.557
4164, 27842, 137, 3, 0, 0.1, 514381, 123.56
4165, 26757, 127, 0, 0, 0.1, 514508, 123.561
4166, 26629, 67, 1, 0, 0.1, 514575, 123.547
4167, 29962, 117, 2, 0, 0.1, 514692, 123.546
4168, 30472, 127, 0, 0, 0.1, 514819, 123.547
4169, 29962, 127, 0, 0, 0.1, 514946, 123.548
4170, 30472, 127, 2, 0, 0.1, 515073, 123.548
4171, 29962, 127, 0, 0, 0.1, 515200, 123.549
4172, 30472, 127, 0, 0, 0.1, 515327, 123.55
4173, 29962, 127, 2, 0, 0.1, 515454, 123.551
4174, 30472, 127, 1, 0, 0.1, 515581, 123.552
4175, 28677, 137, 1, 0, 0.1, 515718, 123.555
4176, 29954, 127, 2, 0, 0.1, 515845, 123.556
4177, 29962, 137, 0, 0, 0.1, 515982, 123.559
4178, 29954, 127, 2, 0, 0.1, 516109, 123.56
4179, 29962, 127, 0, 0, 0.1, 516236, 123.561
4180, 29954, 127, 0, 0, 0.1, 516363, 123.561
4181, 29962, 127, 2, 0, 0.1, 516490, 123.562
4182, 29954, 127, 3, 0, 0.1, 516617, 123.563
4183, 24581, 127, 1, 0, 0.1, 516744, 123.564
4184, 29954, 127, 2, 0, 0.1, 516871, 123.565
4185, 29962, 127, 2, 0, 0.1, 516998, 123.565
4186, 32002, 137, 3, 0, 0.1, 517135, 123.569
4187, 24581, 137, 3, 0, 0.1, 517272, 123.572
4188, 29960, 127, 0, 0, 0.1, 517399, 123.573
4189, 25866, 127, 2, 0, 0.1, 517526, 123.574
4190, 29960, 127, 1, 0, 0.1, 517653, 123.574
4191, 24581, 127, 3, 0, 0.1, 517780, 123.575
4192, 29960, 127, 2, 0, 0.1, 517907, 123.576
4193, 29962, 127, 0, 0, 0.1, 518034, 123.577
4194, 29960, 127, 2, 0, 0.1, 518161, 123.578
4195, 29962, 127, 3, 0, 0.1, 518288, 123.578
4196, 29962, 117, 2, 1, 0.1, 518405, 123.577
4197, 32130, 137, 3, 0, 0.1, 518542, 123.58
4198, 30853, 137, 0, 0, 0.1, 518679, 123.583
4199, 30853, 117, 1, 0, 0.1, 518796, 123.582
4200, 32130, 127, 3, 0, 0.1, 518923, 123.583
4201, 30853, 127, 3, 0, 0.1, 519050, 123.583
4202, 31012, 87, 3, 0, 0.1, 519137, 123.575
4203, 29962, 117, 1, 0, 0.1, 519254, 123.573
4204, 29962, 117, 2, 0, 0.1, 519371, 123.571
4205, 30472, 127, 2, 0, 0.1, 519498, 123.572
4206, 29962, 137, 0, 0, 0.1, 519635, 123.576
4207, 30472, 127, 0, 0, 0.1, 519762, 123.576
4208, 29962, 127, 2, 1, 0.1, 519889, 123.577
4209, 30472, 127, 1, 0, 0.1, 520016, 123.578
4210, 29189, 137, 1, 0, 0.1, 520153, 123.581
4211, 29954, 137, 3, 0, 0.1, 520290, 123.584
4212, 28677, 127, 2, 0, 0.1, 520417, 123.585
4213, 28677, 117, 3, 0, 0.1, 520534, 123.584
4214, 25864, 127, 0, 0, 0.1, 520661, 123.584
4215, 29962, 127, 3, 0, 0.1, 520788, 123.585
4216, 29962, 117, 1, 0, 0.1, 520905, 123.584
4217, 29962, 117, 2, 0, 0.1, 521022, 123.582
4218, 25864, 127, 2, 1, 0.1, 521149, 123.583
4219, 29962, 127, 0, 0, 0.1, 521276, 123.584
4220, 25864, 127, 1, 0, 0.1, 521403, 123.584
4221, 28677, 127, 3, 0, 0.1, 521530, 123.585
4222, 25864, 127, 1, 0, 0.1, 521657, 123.586
4223, 28677, 127, 3, 0, 0.1, 521784, 123.587
4224, 25864, 127, 0, 0, 0.1, 521911, 123.588
4225, 29962, 127, 0, 0, 0.1, 522038, 123.589
4226, 30472, 127, 0, 0, 0.1, 522165, 123.589
4227, 29962, 127, 3, 1, 0.1, 522292, 123.59
4228, 29962, 117, 0, 0, 0.1, 522409, 123.589
4229, 32002, 127, 0, 0, 0.1, 522536, 123.589
4230, 29962, 127, 2, 0, 0.1, 522663, 123.59
4231, 32130, 127, 3, 0, 0.1, 522790, 123.591
4232, 30853, 137, 1, 0, 0.1, 522927, 123.594
4233, 32130, 127, 3, 0, 0.1, 523054, 123.595
4234, 30853, 127, 3, 0, 0.1, 523181, 123.596
4235, 31777, 77, 3, 0, 0.1, 523258, 123.585
4236, 29962, 117, 3, 1, 0.1, 523375, 123.583
4237, 29962, 117, 0, 0, 0.1, 523492, 123.582
4238, 30472, 137, 1, 0, 0.1, 523629, 123.585
4239, 29189, 137, 2, 0, 0.1, 523766, 123.588
4240, 29189, 117, 3, 1, 0.1, 523883, 123.586
4241, 30472, 127, 1, 0, 0.1, 524010, 123.587
4242, 29189, 127, 2, 0, 0.1, 524137, 123.588
4243, 29189, 117, 3, 0, 0.1, 524254, 123.587
4244, 30472, 127, 0, 0, 0.1, 524381, 123.587
4245, 29962, 127, 3, 0, 0.1, 524508, 123.588
4246, 29962, 117, 2, 0, 0.1, 524625, 123.587
4247, 30472, 127, 1, 0, 0.1, 524752, 123.587
4248, 29189, 127, 1, 0, 0.1, 524879, 123.588
4249, 29954, 137, 0, 0, 0.1, 525016, 123.591
4250, 29962, 137, 0, 0, 0.1, 525153, 123.594
4251, 30472, 127, 0, 0, 0.1, 525280, 123.595
4252, 29962, 127, 3, 0, 0.1, 525407, 123.596
4253, 29962, 117, 0, 0, 0.1, 525524, 123.595
4254, 32257, 137, 2, 0, 0.1, 525661, 123.598
4255, 29706, 127, 2, 1, 0.1, 525788, 123.598
4256, 30216, 127, 0, 1, 0.1, 525915, 123.599
4257, 29706, 127, 1, 0, 0.1, 526042, 123.6
4258, 29706, 117, 0, 0, 0.1, 526159, 123.599
4259, 32257, 127, 1, 0, 0.1, 526286, 123.599
4260, 31237, 137, 2, 0, 0.1, 526423, 123.602
4261, 31237, 117, 3, 0, 0.1, 526540, 123.601
4262, 32257, 127, 0, 1, 0.1, 526667, 123.602
4263, 32257, 117, 2, 0, 0.1, 526784, 123.6
4264, 29706, 127, 2, 0, 0.1, 526911, 123.601
4265, 30216, 127, 2, 1, 0.1, 527038, 123.602
4266, 29706, 127, 0, 0, 0.1, 527165, 123.603
4267, 30216, 127, 2, 0, 0.1, 527292, 123.603
4268, 29706, 127, 2, 0, 0.1, 527419, 123.604
4269, 29698, 127, 1, 0, 0.1, 527546, 123.605
4270, 29698, 117, 0, 0, 0.1, 527663, 123.603
4271, 29706, 127, 2, 1, 0.1, 527790, 123.604
4272, 29698, 127, 3, 0, 0.1, 527917, 123.605
4273, 28677, 127, 3, 0, 0.1, 528044, 123.606
4274, 29960, 127, 0, 0, 0.1, 528171, 123.607
4275, 29962, 127, 2, 0, 0.1, 528298, 123.607
4276, 29960, 127, 1, 0, 0.1, 528425, 123.608
4277, 28677, 127, 1, 0, 0.1, 528552, 123.609
4278, 29698, 127, 2, 0, 0.1, 528679, 123.61
4279, 29706, 137, 2, 0, 0.1, 528816, 123.613
4280, 31746, 137, 1, 0, 0.1, 528953, 123.616
4281, 31746, 117, 2, 0, 0.1, 529070, 123.614
4282, 29706, 137, 2, 0, 0.1, 529207, 123.618
4283, 29704, 127, 2, 0, 0.1, 529334, 123.618
4284, 28682, 137, 2, 0, 0.1, 529471, 123.622
4285, 30724, 127, 3, 0, 0.1, 529598, 123.622
4286, 30725, 137, 1, 0, 0.1, 529735, 123.625
4287, 30724, 127, 1, 0, 0.1, 529862, 123.626
4288, 26629, 127, 3, 0, 0.1, 529989, 123.627
4289, 30724, 127, 3, 0, 0.1, 530116, 123.628
4290, 30725, 127, 1, 0, 0.1, 530243, 123.629
4291, 30852, 127, 3, 0, 0.1, 530370, 123.629
4292, 30853, 127, 0, 0, 0.1, 530497, 123.63
4293, 30853, 117, 2, 0, 0.1, 530614, 123.629
4294, 30853, 117, 3, 0, 0.1, 530731, 123.627
4295, 32128, 137, 2, 0, 0.1, 530868, 123.63
4296, 29962, 137, 0, 0, 0.1, 531005, 123.633
4297, 32000, 127, 0, 0, 0.1, 531132, 123.634
4298, 29962, 127, 2, 0, 0.1, 531259, 123.635
4299, 32128, 127, 2, 0, 0.1, 531386, 123.636
4300, 29962, 127, 2, 0, 0.1, 531513, 123.636
4301, 29962, 137, 0, 0, 0.1, 531650, 123.64
4302, 29962, 127, 1, 1, 0.1, 531777, 123.64
4303, 29962, 117, 2, 0, 0.1, 531894, 123.639
4304, 29962, 127, 2, 0, 0.1, 532021, 123.64
4305, 28940, 137, 3, 0, 0.1, 532158, 123.643
4306, 28940, 117, 0, 0, 0.1, 532275, 123.641
4307, 24842, 127, 0, 0, 0.1, 532402, 123.642
4308, 28938, 127, 0, 0, 0.1, 532529, 123.643
4309, 31104, 127, 0, 0, 0.1, 532656, 123.643
4310, 28938, 127, 2, 0, 0.1, 532783, 123.644
4311, 30976, 127, 2, 0, 0.1, 532910, 123.645
4312, 28938, 127, 2, 0, 0.1, 533037, 123.646
4313, 24842, 127, 0, 0, 0.1, 533164, 123.647
4314, 28938, 127, 0, 0, 0.1, 533291, 123.647
4315, 30976, 127, 0, 0, 0.1, 533418, 123.648
4316, 28938, 127, 0, 0, 0.1, 533545, 123.649
4317, 30978, 137, 2, 0, 0.1, 533682, 123.652
4318, 28938, 127, 0, 0, 0.1, 533809, 123.653
4319, 30978, 127, 0, 0, 0.1, 533936, 123.654
4320, 28938, 137, 0, 0, 0.1, 534073, 123.657
4321, 29448, 127, 1, 0, 0.1, 534200, 123.657
4322, 16389, 137, 1, 0, 0.1, 534337, 123.66
4323, 2, 127, 1, 1, 0.1, 534464, 123.661
4324, 2, 117, 0, 0, 0.1, 534581, 123.66
4325, 16394, 127, 0, 0, 0.1, 534708, 123.66
4326, 24578, 127, 0, 0, 0.1, 534835, 123.661
4327, 28682, 127, 2, 0, 0.1, 534962, 123.662
4328, 24578, 127, 1, 0, 0.1, 535089, 123.663
4329, 24578, 117, 2, 0, 0.1, 535206, 123.661
4330, 16394, 127, 2, 0, 0.1, 535333, 123.662
4331, 2, 127, 1, 0, 0.1, 535460, 123.663
4332, 2, 117, 1, 0, 0.1, 535577, 123.661
4333, 2, 117, 3, 0, 0.1, 535694, 123.66
4334, 16389, 127, 1, 0, 0.1, 535821, 123.661
4335, 2, 127, 1, 0, 0.1, 535948, 123.661
4336, 2, 117, 0, 0, 0.1, 536065, 123.66
4337, 16394, 127, 3, 0, 0.1, 536192, 123.661
4338, 16394, 117, 2, 0, 0.1, 536309, 123.659
4339, 2, 127, 1, 0, 0.1, 536436, 123.66
4340, 2, 117, 3, 0, 0.1, 536553, 123.658
4341, 16389, 127, 3, 0, 0.1, 536680, 123.659
4342, 24840, 127, 2, 0, 0.1, 536807, 123.66
4343, 28938, 127, 2, 0, 0.1, 536934, 123.661
4344, 30978, 127, 0, 0, 0.1, 537061, 123.661
4345, 28938, 127, 2, 0, 0.1, 537188, 123.662
4346, 30978, 127, 0, 0, 0.1, 537315, 123.663
4347, 28938, 127, 0, 0, 0.1, 537442, 123.664
4348, 24840, 127, 1, 0, 0.1, 537569, 123.664
4349, 16389, 127, 2, 0, 0.1, 537696, 123.665
4350, 16389, 117, 2, 0, 0.1, 537813, 123.664
4351, 16389, 117, 0, 1, 0.1, 537930, 123.662
4352, 16389, 117, 0, 0, 0.1, 538047, 123.661
4353, 16389, 117, 3, 0, 0.1, 538164, 123.659
4354, 24840, 127, 2, 0, 0.1, 538291, 123.66
4355, 28938, 127, 2, 0, 0.1, 538418, 123.661
4356, 30978, 127, 3, 0, 0.1, 538545, 123.661
4357, 30725, 137, 1, 0, 0.1, 538682, 123.664
4358, 30978, 127, 0, 0, 0.1, 538809, 123.665
4359, 24842, 127, 2, 0, 0.1, 538936, 123.666
4360, 30978, 127, 0, 0, 0.1, 539063, 123.667
4361, 24842, 127, 0, 0, 0.1, 539190, 123.667
4362, 16648, 127, 3, 0, 0.1, 539317, 123.668
4363, 16648, 117, 2, 0, 0.1, 539434, 123.667
4364, 24842, 127, 2, 0, 0.1, 539561, 123.667
4365, 30978, 127, 0, 0, 0.1, 539688, 123.668
4366, 24842, 127, 0, 0, 0.1, 539815, 123.669
4367, 16648, 127, 3, 0, 0.1, 539942, 123.67
4368, 16648, 117, 0, 1, 0.1, 540059, 123.668
4369, 24842, 127, 2, 0, 0.1, 540186, 123.669
4370, 16648, 127, 0, 0, 0.1, 540313, 123.67
4371, 24842, 127, 2, 0, 0.1, 540440, 123.67
4372, 16648, 127, 0, 0, 0.1, 540567, 123.671
4373, 24842, 127, 2, 0, 0.1, 540694, 123.672
4374, 16648, 127, 0, 0, 0.1, 540821, 123.673
4375, 24842, 127, 0, 0, 0.1, 540948, 123.674
4376, 28936, 127, 2, 0, 0.1, 541075, 123.674
4377, 24842, 127, 2, 0, 0.1, 541202, 123.675
4378, 16648, 127, 0, 0, 0.1, 541329, 123.676
4379, 24842, 127, 3, 0, 0.1, 541456, 123.677
4380, 24842, 117, 1, 0, 0.1, 541573, 123.675
4381, 24842, 117, 0, 0, 0.1, 541690, 123.674
4382, 28936, 127, 2, 0, 0.1, 541817, 123.674
4383, 24842, 127, 0, 0, 0.1, 541944, 123.675
4384, 28936, 127, 3, 1, 0.1, 542071, 123.676
4385, 28936, 117, 0, 0, 0.1, 542188, 123.674
4386, 28938, 127, 1, 0, 0.1, 542315, 123.675
4387, 28938, 117, 2, 1, 0.1, 542432, 123.674
4388, 28936, 127, 0, 0, 0.1, 542559, 123.674
4389, 28938, 127, 2, 0, 0.1, 542686, 123.675
4390, 28936, 127, 3, 0, 0.1, 542813, 123.676
4391, 28936, 117, 2, 0, 0.1, 542930, 123.674
4392, 24842, 127, 0, 0, 0.1, 543057, 123.675
4393, 28936, 127, 0, 1, 0.1, 543184, 123.676
4394, 28938, 127, 0, 0, 0.1, 543311, 123.677
4395, 26882, 137, 2, 0, 0.1, 543448, 123.68
4396, 16650, 127, 1, 0, 0.1, 543575, 123.68
4397, 16650, 117, 0, 0, 0.1, 543692, 123.679
4398, 26882, 127, 1, 0, 0.1, 543819, 123.68
4399, 26882, 117, 0, 0, 0.1, 543936, 123.678
4400, 24842, 127, 0, 0, 0.1, 544063, 123.679
4401, 31488, 127, 3, 0, 0.1, 544190, 123.68
4402, 27141, 127, 1, 0, 0.1, 544317, 123.68
4403, 31488, 127, 0, 0, 0.1, 544444, 123.681
4404, 28938, 127, 1, 0, 0.1, 544571, 123.682
4405, 28938, 117, 1, 0, 0.1, 544688, 123.68
4406, 28938, 117, 2, 1, 0.1, 544805, 123.679
4407, 31488, 127, 0, 0, 0.1, 544932, 123.68
4408, 28938, 127, 3, 0, 0.1, 545059, 123.68
4409, 28938, 117, 2, 1, 0.1, 545176, 123.679
4410, 31488, 127, 1, 0, 0.1, 545303, 123.68
4411, 27141, 127, 1, 0, 0.1, 545430, 123.68
4412, 31233, 127, 1, 0, 0.1, 545557, 123.681
4413, 31237, 127, 3, 0, 0.1, 545684, 123.682
4414, 31233, 127, 3, 0, 0.1, 545811, 123.683
4415, 27141, 127, 3, 0, 0.1, 545938, 123.683
4416, 31488, 127, 3, 0, 0.1, 546065, 123.684
4417, 27141, 127, 3, 0, 0.1, 546192, 123.685
4418, 31237, 127, 1, 0, 0.1, 546319, 123.686
4419, 27141, 127, 1, 0, 0.1, 546446, 123.686
4420, 31488, 127, 2, 0, 0.1, 546573, 123.687
4421, 24842, 127, 2, 0, 0.1, 546700, 123.688
4422, 26882, 127, 2, 0, 0.1, 546827, 123.689
4423, 16650, 127, 2, 0, 0.1, 546954, 123.689
4424, 264, 127, 1, 0, 0.1, 547081, 123.69
4425, 16389, 127, 3, 0, 0.1, 547208, 123.691
4426, 264, 127, 3, 0, 0.1, 547335, 123.692
4427, 264, 117, 0, 0, 0.1, 547452, 123.69
4428, 16650, 127, 3, 0, 0.1, 547579, 123.691
4429, 16650, 117, 2, 0, 0.1, 547696, 123.689
4430, 264, 127, 0, 1, 0.1, 547823, 123.69
4431, 16650, 127, 0, 0, 0.1, 547950, 123.691
4432, 26882, 127, 1, 0, 0.1, 548077, 123.691
4433, 26882, 117, 0, 0, 0.1, 548194, 123.69
4434, 24842, 127, 0, 0, 0.1, 548321, 123.691
4435, 31488, 127, 3, 0, 0.1, 548448, 123.691
4436, 27141, 127, 1, 0, 0.1, 548575, 123.692
4437, 31488, 127, 0, 1, 0.1, 548702, 123.693
4438, 28938, 127, 0, 0, 0.1, 548829, 123.694
4439, 28938, 137, 1, 0, 0.1, 548966, 123.697
4440, 28938, 117, 3, 0, 0.1, 549083, 123.695
4441, 28938, 117, 0, 0, 0.1, 549200, 123.694
4442, 28681, 137, 3, 0, 0.1, 549337, 123.697
4443, 28681, 117, 2, 0, 0.1, 549454, 123.695
4444, 24586, 127, 0, 1, 0.1, 549581, 123.696
4445, 28681, 127, 2, 0, 0.1, 549708, 123.697
4446, 24586, 127, 2, 0, 0.1, 549835, 123.697
4447, 16394, 127, 0, 0, 0.1, 549962, 123.698
4448, 24586, 127, 3, 0, 0.1, 550089, 123.699
4449, 24586, 117, 2, 0, 0.1, 550206, 123.697
4450, 16394, 127, 2, 0, 0.1, 550333, 123.698
4451, 18944, 127, 0, 0, 0.1, 550460, 123.699
4452, 16394, 127, 1, 1, 0.1, 550587, 123.7
4453, 16394, 117, 0, 0, 0.1, 550704, 123.698
4454, 24586, 127, 2, 0, 0.1, 550831, 123.699
4455, 16394, 127, 3, 0, 0.1, 550958, 123.7
4456, 16394, 117, 3, 0, 0.1, 551075, 123.698
4457, 16394, 117, 0, 0, 0.1, 551192, 123.697
4458, 24586, 127, 0, 0, 0.1, 551319, 123.697
4459, 28681, 127, 3, 0, 0.1, 551446, 123.698
4460, 28681, 117, 2, 0, 0.1, 551563, 123.697
4461, 24586, 127, 0, 0, 0.1, 551690, 123.697
4462, 28681, 127, 2, 0, 0.1, 551817, 123.698
4463, 24586, 127, 0, 0, 0.1, 551944, 123.699
4464, 28681, 127, 1, 0, 0.1, 552071, 123.7
4465, 28677, 127, 3, 0, 0.1, 552198, 123.7
4466, 28681, 127, 3, 0, 0.1, 552325, 123.701
4467, 28681, 117, 2, 0, 0.1, 552442, 123.7
4468, 24586, 127, 3, 0, 0.1, 552569, 123.7
4469, 24586, 117, 2, 0, 0.1, 552686, 123.699
4470, 16394, 127, 2, 0, 0.1, 552813, 123.699
4471, 18944, 127, 1, 0, 0.1, 552940, 123.7
4472, 27141, 127, 2, 0, 0.1, 553067, 123.701
4473, 27141, 117, 1, 0, 0.1, 553184, 123.699
4474, 31233, 127, 1, 0, 0.1, 553311, 123.7
4475, 31237, 127, 0, 1, 0.1, 553438, 123.701
4476, 31237, 117, 3, 0, 0.1, 553555, 123.699
4477, 31233, 127, 1, 0, 0.1, 553682, 123.7
4478, 31237, 127, 1, 0, 0.1, 553809, 123.701
4479, 2054, 137, 1, 0, 0.1, 553946, 123.704
4480, 2054, 117, 0, 0, 0.1, 554063, 123.702
4481, 16394, 127, 2, 0, 0.1, 554190, 123.703
4482, 2054, 127, 1, 0, 0.1, 554317, 123.704
4483, 2054, 117, 0, 0, 0.1, 554434, 123.702
4484, 16394, 127, 1, 0, 0.1, 554561, 123.703
4485, 16394, 117, 0, 0, 0.1, 554678, 123.702
4486, 24578, 127, 0, 0, 0.1, 554805, 123.702
4487, 24585, 127, 3, 0, 0.1, 554932, 123.703
4488, 24585, 117, 2, 0, 0.1, 555049, 123.702
4489, 24578, 127, 3, 0, 0.1, 555176, 123.702
4490, 28677, 127, 3, 0, 0.1, 555303, 123.703
4491, 28684, 127, 3, 0, 0.1, 555430, 123.704
4492, 28684, 117, 2, 1, 0.1, 555547, 123.702
4493, 28684, 117, 2, 0, 0.1, 555664, 123.701
4494, 28684, 117, 1, 0, 0.1, 555781, 123.699
4495, 28677, 127, 3, 0, 0.1, 555908, 123.7
4496, 28684, 127, 2, 0, 0.1, 556035, 123.701
4497, 28684, 117, 3, 0, 0.1, 556152, 123.699
4498, 28684, 117, 3, 0, 0.1, 556269, 123.698
4499, 28684, 117, 1, 0, 0.1, 556386, 123.696
4500, 28677, 127, 3, 0, 0.1, 556513, 123.697
4501, 28684, 127, 2, 0, 0.1, 556640, 123.698
4502, 28684, 117, 3, 0, 0.1, 556757, 123.696
4503, 28684, 117, 3, 0, 0.1, 556874, 123.695
4504, 28684, 117, 2, 1, 0.1, 556991, 123.693
4505, 28684, 117, 2, 1, 0.1, 557108, 123.692
4506, 28684, 117, 1, 1, 0.1, 557225, 123.69
4507, 28677, 127, 1, 0, 0.1, 557352, 123.691
4508, 24578, 127, 3, 0, 0.1, 557479, 123.692
4509, 28677, 127, 3, 0, 0.1, 557606, 123.693
4510, 28684, 127, 3, 0, 0.1, 557733, 123.693
4511, 28684, 117, 1, 0, 0.1, 557850, 123.692
4512, 28677, 127, 3, 0, 0.1, 557977, 123.693
4513, 28684, 127, 2, 0, 0.1, 558104, 123.693
4514, 28684, 117, 2, 0, 0.1, 558221, 123.692
4515, 28684, 117, 2, 0, 0.1, 558338, 123.69
4516, 28684, 117, 2, 0, 0.1, 558455, 123.689
4517, 28684, 117, 3, 0, 0.1, 558572, 123.687
4518, 28684, 117, 1, 0, 0.1, 558689, 123.686
4519, 28677, 127, 1, 0, 0.1, 558816, 123.687
4520, 24578, 127, 3, 0, 0.1, 558943, 123.687
4521, 28677, 127, 3, 0, 0.1, 559070, 123.688
4522, 28684, 127, 3, 0, 0.1, 559197, 123.689
4523, 28684, 117, 3, 0, 0.1, 559314, 123.687
4524, 28684, 117, 2, 0, 0.1, 559431, 123.686
4525, 28684, 117, 2, 0, 0.1, 559548, 123.684
4526, 28684, 117, 1, 0, 0.1, 559665, 123.683
4527, 28677, 127, 3, 1, 0.1, 559792, 123.684
4528, 28684, 127, 1, 0, 0.1, 559919, 123.684
4529, 28677, 127, 3, 0, 0.1, 560046, 123.685
4530, 28684, 127, 2, 0, 0.1, 560173, 123.686
4531, 28684, 117, 1, 0, 0.1, 560290, 123.684
4532, 28677, 127, 3, 0, 0.1, 560417, 123.685
4533, 28684, 127, 1, 0, 0.1, 560544, 123.686
4534, 28677, 127, 0, 0, 0.1, 560671, 123.687
4535, 28677, 117, 1, 0, 0.1, 560788, 123.685
4536, 24578, 127, 0, 0, 0.1, 560915, 123.686
4537, 24585, 127, 1, 0, 0.1, 561042, 123.687
4538, 28677, 127, 3, 0, 0.1, 561169, 123.687
4539, 24585, 127, 3, 0, 0.1, 561296, 123.688
4540, 24585, 117, 2, 0, 0.1, 561413, 123.686
4541, 24578, 127, 0, 0, 0.1, 561540, 123.687
4542, 24585, 127, 1, 0, 0.1, 561667, 123.688
4543, 28677, 127, 3, 0, 0.1, 561794, 123.689
4544, 24585, 127, 1, 1, 0.1, 561921, 123.689
4545, 28677, 127, 2, 1, 0.1, 562048, 123.69
4546, 28677, 117, 0, 0, 0.1, 562165, 123.689
4547, 28677, 117, 1, 1, 0.1, 562282, 123.687
4548, 29699, 127, 2, 0, 0.1, 562409, 123.688
4549, 29706, 137, 3, 0, 0.1, 562546, 123.691
4550, 29706, 117, 3, 0, 0.1, 562663, 123.689
4551, 29706, 117, 2, 0, 0.1, 562780, 123.688
4552, 1034, 137, 3, 0, 0.1, 562917, 123.691
4553, 1034, 117, 2, 0, 0.1, 563034, 123.689
4554, 17418, 127, 2, 0, 0.1, 563161, 123.69
4555, 25610, 127, 0, 0, 0.1, 563288, 123.691
4556, 17418, 127, 2, 0, 0.1, 563415, 123.692
4557, 25610, 127, 2, 0, 0.1, 563542, 123.692
4558, 29706, 127, 1, 0, 0.1, 563669, 123.693
4559, 29706, 117, 2, 0, 0.1, 563786, 123.692
4560, 29706, 127, 0, 0, 0.1, 563913, 123.692
4561, 29706, 127, 0, 0, 0.1, 564040, 123.693
4562, 25610, 127, 0, 0, 0.1, 564167, 123.694
4563, 17418, 127, 0, 0, 0.1, 564294, 123.694
4564, 1034, 127, 1, 1, 0.1, 564421, 123.695
4565, 1034, 117, 3, 0, 0.1, 564538, 123.694
4566, 1034, 117, 1, 1, 0.1, 564655, 123.692
4567, 1034, 117, 3, 0, 0.1, 564772, 123.691
4568, 1034, 117, 2, 0, 0.1, 564889, 123.689
4569, 17418, 127, 1, 0, 0.1, 565016, 123.69
4570, 17418, 117, 0, 0, 0.1, 565133, 123.689
4571, 1034, 127, 3, 0, 0.1, 565260, 123.689
4572, 1034, 117, 2, 0, 0.1, 565377, 123.688
4573, 17418, 127, 0, 0, 0.1, 565504, 123.689
4574, 1034, 127, 0, 0, 0.1, 565631, 123.689
4575, 1034, 127, 1, 0, 0.1, 565758, 123.69
4576, 1034, 117, 2, 0, 0.1, 565875, 123.689
4577, 1034, 127, 1, 0, 0.1, 566002, 123.689
4578, 1034, 117, 1, 0, 0.1, 566119, 123.688
4579, 1034, 117, 0, 0, 0.1, 566236, 123.686
4580, 1034, 127, 0, 0, 0.1, 566363, 123.687
4581, 1027, 127, 0, 0, 0.1, 566490, 123.688
4582, 1027, 117, 2, 0, 0.1, 566607, 123.686
4583, 1034, 127, 3, 0, 0.1, 566734, 123.687
4584, 1034, 117, 2, 0, 0.1, 566851, 123.686
4585, 1034, 127, 2, 0, 0.1, 566978, 123.686
4586, 17418, 127, 1, 1, 0.1, 567105, 123.687
4587, 17418, 117, 2, 0, 0.1, 567222, 123.686
4588, 25610, 127, 2, 0, 0.1, 567349, 123.686
4589, 29706, 127, 0, 0, 0.1, 567476, 123.687
4590, 25610, 127, 0, 0, 0.1, 567603, 123.688
4591, 17418, 127, 2, 0, 0.1, 567730, 123.688
4592, 25610, 127, 0, 0, 0.1, 567857, 123.689
4593, 17418, 127, 2, 0, 0.1, 567984, 123.69
4594, 25610, 127, 2, 0, 0.1, 568111, 123.691
4595, 29706, 127, 0, 0, 0.1, 568238, 123.691
4596, 25610, 127, 1, 0, 0.1, 568365, 123.692
4597, 25610, 117, 0, 0, 0.1, 568482, 123.691
4598, 17418, 127, 2, 0, 0.1, 568609, 123.691
4599, 25610, 127, 2, 0, 0.1, 568736, 123.692
4600, 29706, 127, 1, 1, 0.1, 568863, 123.693
4601, 29706, 117, 2, 0, 0.1, 568980, 123.691
4602, 29706, 127, 0, 0, 0.1, 569107, 123.692
4603, 29706, 127, 0, 0, 0.1, 569234, 123.693
4604, 25610, 127, 0, 0, 0.1, 569361, 123.693
4605, 17434, 127, 2, 0, 0.1, 569488, 123.694
4606, 25626, 127, 0, 0, 0.1, 569615, 123.695
4607, 17434, 127, 3, 1, 0.1, 569742, 123.696
4608, 17418, 67, 3, 0, 0.1, 569809, 123.683
4609, 29962, 117, 0, 0, 0.1, 569926, 123.682
4610, 30472, 137, 1, 0, 0.1, 570063, 123.685
4611, 29189, 127, 3, 0, 0.1, 570190, 123.685
4612, 30472, 127, 1, 0, 0.1, 570317, 123.686
4613, 29189, 127, 1, 0, 0.1, 570444, 123.687
4614, 29954, 137, 2, 0, 0.1, 570581, 123.69
4615, 29962, 127, 2, 0, 0.1, 570708, 123.691
4616, 32002, 137, 2, 0, 0.1, 570845, 123.693
4617, 29962, 137, 2, 0, 0.1, 570982, 123.696
4618, 29448, 137, 1, 0, 0.1, 571119, 123.699
4619, 29189, 137, 2, 0, 0.1, 571256, 123.702
4620, 29189, 117, 1, 1, 0.1, 571373, 123.701
4621, 28934, 137, 1, 0, 0.1, 571510, 123.703
4622, 28934, 117, 1, 0, 0.1, 571627, 123.702
4623, 28934, 117, 1, 0, 0.1, 571744, 123.701
4624, 28934, 117, 0, 0, 0.1, 571861, 123.699
4625, 28938, 127, 0, 0, 0.1, 571988, 123.7
4626, 29193, 137, 3, 0, 0.1, 572125, 123.703
4627, 29193, 117, 0, 0, 0.1, 572242, 123.701
4628, 29193, 117, 3, 0, 0.1, 572359, 123.7
4629, 29193, 117, 2, 0, 0.1, 572476, 123.698
4630, 28682, 127, 3, 0, 0.1, 572603, 123.699
4631, 28682, 117, 2, 0, 0.1, 572720, 123.698
4632, 24582, 127, 3, 0, 0.1, 572847, 123.698
4633, 16389, 127, 1, 0, 0.1, 572974, 123.699
4634, 24582, 127, 3, 0, 0.1, 573101, 123.7
4635, 16389, 127, 2, 0, 0.1, 573228, 123.7
4636, 16389, 117, 3, 0, 0.1, 573345, 123.699
4637, 24840, 127, 0, 0, 0.1, 573472, 123.7
4638, 24842, 127, 0, 0, 0.1, 573599, 123.7
4639, 30978, 127, 2, 0, 0.1, 573726, 123.701
4640, 24842, 127, 1, 0, 0.1, 573853, 123.702
4641, 24842, 117, 1, 0, 0.1, 573970, 123.7
4642, 24842, 117, 2, 0, 0.1, 574087, 123.699
4643, 24840, 127, 3, 0, 0.1, 574214, 123.7
4644, 24840, 117, 0, 0, 0.1, 574331, 123.698
4645, 24842, 127, 2, 0, 0.1, 574458, 123.699
4646, 24840, 127, 2, 0, 0.1, 574585, 123.7
4647, 28938, 127, 1, 0, 0.1, 574712, 123.7
4648, 28938, 117, 0, 0, 0.1, 574829, 123.699
4649, 24840, 127, 0, 0, 0.1, 574956, 123.7
4650, 24842, 127, 0, 0, 0.1, 575083, 123.7
4651, 30978, 127, 2, 0, 0.1, 575210, 123.701
4652, 24842, 127, 0, 0, 0.1, 575337, 123.702
4653, 30978, 127, 1, 0, 0.1, 575464, 123.702
4654, 30978, 117, 0, 0, 0.1, 575581, 123.701
4655, 28938, 127, 0, 1, 0.1, 575708, 123.702
4656, 28930, 127, 3, 0, 0.1, 575835, 123.702
4657, 28677, 127, 3, 0, 0.1, 575962, 123.703
4658, 29960, 127, 2, 0, 0.1, 576089, 123.704
4659, 29962, 127, 3, 1, 0.1, 576216, 123.705
4660, 29962, 117, 2, 0, 0.1, 576333, 123.703
4661, 25864, 137, 2, 0, 0.1, 576470, 123.706
4662, 29962, 127, 2, 0, 0.1, 576597, 123.707
4663, 32002, 127, 2, 0, 0.1, 576724, 123.707
4664, 29962, 137, 2, 0, 0.1, 576861, 123.71
4665, 32640, 137, 1, 0, 0.1, 576998, 123.713
4666, 31365, 127, 3, 0, 0.1, 577125, 123.714
4667, 32512, 77, 3, 0, 0.1, 577202, 123.704
4668, 29962, 117, 0, 0, 0.1, 577319, 123.702
4669, 29960, 137, 2, 0, 0.1, 577456, 123.705
4670, 29962, 127, 2, 0, 0.1, 577583, 123.706
4671, 30472, 127, 1, 0, 0.1, 577710, 123.707
4672, 29189, 137, 3, 0, 0.1, 577847, 123.709
4673, 30472, 127, 0, 0, 0.1, 577974, 123.71
4674, 29962, 127, 1, 0, 0.1, 578101, 123.711
4675, 29962, 117, 3, 0, 0.1, 578218, 123.709
4676, 29962, 117, 2, 0, 0.1, 578335, 123.708
4677, 30472, 127, 0, 0, 0.1, 578462, 123.709
4678, 29962, 127, 2, 0, 0.1, 578589, 123.709
4679, 30472, 127, 0, 0, 0.1, 578716, 123.71
4680, 29962, 127, 1, 0, 0.1, 578843, 123.711
4681, 29962, 117, 3, 0, 0.1, 578960, 123.709
4682, 29962, 117, 2, 0, 0.1, 579077, 123.708
4683, 30472, 127, 0, 0, 0.1, 579204, 123.709
4684, 29962, 127, 2, 0, 0.1, 579331, 123.709
4685, 30472, 127, 1, 0, 0.1, 579458, 123.71
4686, 29189, 127, 2, 0, 0.1, 579585, 123.711
4687, 29189, 117, 1, 0, 0.1, 579702, 123.709
4688, 29954, 137, 2, 0, 0.1, 579839, 123.712
4689, 29962, 127, 2, 0, 0.1, 579966, 123.713
4690, 30472, 137, 2, 0, 0.1, 580103, 123.716
4691, 28938, 137, 3, 0, 0.1, 580240, 123.719
4692, 28938, 117, 2, 0, 0.1, 580357, 123.717
4693, 31492, 127, 0, 0, 0.1, 580484, 123.718
4694, 28938, 127, 0, 0, 0.1, 580611, 123.719
4695, 29448, 127, 0, 0, 0.1, 580738, 123.719
4696, 28938, 127, 0, 1, 0.1, 580865, 123.72
4697, 28930, 127, 0, 0, 0.1, 580992, 123.721
4698, 16394, 137, 1, 0, 0.1, 581129, 123.723
4699, 16394, 117, 0, 0, 0.1, 581246, 123.722
4700, 16386, 127, 1, 0, 0.1, 581373, 123.723
4701, 16386, 117, 0, 0, 0.1, 581490, 123.721
4702, 24586, 127, 3, 0, 0.1, 581617, 123.722
4703, 24586, 117, 0, 0, 0.1, 581734, 123.721
4704, 29192, 127, 1, 0, 0.1, 581861, 123.721
4705, 29189, 127, 2, 0, 0.1, 581988, 123.722
4706, 29189, 117, 3, 0, 0.1, 582105, 123.721
4707, 29192, 127, 3, 0, 0.1, 582232, 123.721
4708, 29192, 117, 2, 0, 0.1, 582349, 123.72
4709, 24586, 127, 3, 0, 0.1, 582476, 123.72
4710, 24586, 117, 1, 0, 0.1, 582593, 123.719
4711, 24586, 117, 0, 1, 0.1, 582710, 123.718
4712, 29192, 127, 1, 0, 0.1, 582837, 123.718
4713, 29189, 127, 1, 0, 0.1, 582964, 123.719
4714, 24579, 137, 3, 0, 0.1, 583101, 123.722
4715, 16389, 127, 0, 0, 0.1, 583228, 123.723
4716, 16389, 117, 3, 0, 0.1, 583345, 123.721
4717, 24584, 127, 2, 0, 0.1, 583472, 123.722
4718, 16394, 127, 3, 0, 0.1, 583599, 123.722
4719, 16394, 117, 0, 0, 0.1, 583716, 123.721
4720, 24584, 127, 2, 1, 0.1, 583843, 123.722
4721, 16394, 127, 0, 0, 0.1, 583970, 123.722
4722, 24584, 127, 2, 1, 0.1, 584097, 123.723
4723, 16394, 127, 0, 0, 0.1, 584224, 123.724
4724, 24584, 127, 0, 0, 0.1, 584351, 123.725
4725, 28682, 127, 1, 0, 0.1, 584478, 123.725
4726, 28682, 117, 3, 0, 0.1, 584595, 123.724
4727, 28682, 117, 3, 0, 0.1, 584712, 123.722
4728, 28682, 117, 2, 0, 0.1, 584829, 123.721
4729, 24600, 127, 0, 0, 0.1, 584956, 123.722
4730, 28682, 77, 1, 1, 0.1, 585033, 123.712
4731, 29962, 117, 1, 0, 0.1, 585150, 123.71
4732, 29962, 117, 0, 0, 0.1, 585267, 123.709
4733, 30472, 127, 2, 0, 0.1, 585394, 123.71
4734, 29962, 127, 0, 0, 0.1, 585521, 123.71
4735, 30472, 127, 1, 0, 0.1, 585648, 123.711
4736, 28677, 137, 3, 0, 0.1, 585785, 123.714
4737, 29960, 127, 2, 0, 0.1, 585912, 123.715
4738, 29962, 127, 0, 0, 0.1, 586039, 123.715
4739, 29960, 127, 2, 0, 0.1, 586166, 123.716
4740, 29962, 127, 0, 0, 0.1, 586293, 123.717
4741, 29960, 127, 1, 0, 0.1, 586420, 123.717
4742, 28677, 127, 1, 0, 0.1, 586547, 123.718
4743, 29954, 127, 2, 0, 0.1, 586674, 123.719
4744, 29962, 127, 0, 0, 0.1, 586801, 123.719
4745, 29954, 127, 0, 0, 0.1, 586928, 123.72
4746, 29962, 127, 0, 0, 0.1, 587055, 123.721
4747, 30472, 127, 0, 0, 0.1, 587182, 123.721
4748, 29962, 137, 0, 0, 0.1, 587319, 123.724
4749, 31745, 137, 3, 0, 0.1, 587456, 123.727
4750, 30725, 137, 2, 0, 0.1, 587593, 123.73
4751, 30725, 117, 3, 0, 0.1, 587710, 123.728
4752, 32000, 127, 3, 0, 0.1, 587837, 123.729
4753, 30725, 127, 1, 0, 0.1, 587964, 123.73
4754, 32000, 127, 3, 0, 0.1, 588091, 123.73
4755, 30725, 127, 3, 1, 0.1, 588218, 123.731
4756, 30725, 127, 1, 0, 0.1, 588345, 123.732
4757, 30725, 127, 3, 0, 0.1, 588472, 123.733
4758, 30725, 127, 2, 0, 0.1, 588599, 123.733
4759, 30725, 117, 1, 0, 0.1, 588716, 123.732
4760, 30725, 127, 1, 1, 0.1, 588843, 123.733
4761, 32000, 127, 0, 0, 0.1, 588970, 123.733
4762, 29962, 137, 2, 0, 0.1, 589107, 123.736
4763, 32000, 127, 0, 0, 0.1, 589234, 123.737
4764, 29962, 127, 2, 0, 0.1, 589361, 123.737
4765, 32000, 127, 2, 0, 0.1, 589488, 123.738
4766, 29962, 137, 0, 0, 0.1, 589625, 123.741
4767, 32000, 127, 0, 0, 0.1, 589752, 123.742
4768, 29962, 127, 2, 0, 0.1, 589879, 123.742
4769, 32000, 127, 3, 0, 0.1, 590006, 123.743
4770, 30725, 127, 3, 0, 0.1, 590133, 123.744
4771, 30725, 127, 2, 1, 0.1, 590260, 123.744
4772, 30725, 117, 0, 0, 0.1, 590377, 123.743
4773, 30725, 117, 2, 0, 0.1, 590494, 123.741
4774, 30725, 117, 1, 0, 0.1, 590611, 123.74
4775, 30725, 127, 1, 0, 0.1, 590738, 123.741
4776, 32064, 127, 0, 0, 0.1, 590865, 123.741
4777, 30026, 127, 0, 0, 0.1, 590992, 123.742
4778, 30026, 137, 2, 0, 0.1, 591129, 123.745
4779, 29962, 77, 3, 0, 0.1, 591206, 123.735
4780, 29962, 117, 3, 0, 0.1, 591323, 123.734
4781, 29962, 117, 0, 0, 0.1, 591440, 123.732
4782, 30472, 127, 0, 0, 0.1, 591567, 123.733
4783, 29962, 137, 3, 0, 0.1, 591704, 123.736
4784, 29962, 117, 0, 0, 0.1, 591821, 123.734
4785, 32002, 137, 3, 0, 0.1, 591958, 123.737
4786, 30725, 127, 2, 0, 0.1, 592085, 123.738
4787, 30725, 117, 2, 1, 0.1, 592202, 123.736
4788, 30725, 117, 3, 0, 0.1, 592319, 123.735
4789, 31745, 137, 3, 0, 0.1, 592456, 123.738
4790, 30725, 127, 3, 0, 0.1, 592583, 123.738
4791, 30725, 137, 2, 0, 0.1, 592720, 123.741
4792, 30725, 117, 0, 0, 0.1, 592837, 123.74
4793, 30725, 117, 3, 0, 0.1, 592954, 123.738
4794, 24581, 137, 0, 0, 0.1, 593091, 123.741
4795, 24581, 117, 2, 0, 0.1, 593208, 123.74
4796, 24581, 117, 3, 0, 0.1, 593325, 123.738
4797, 29705, 77, 2, 0, 0.1, 593402, 123.729
4798, 29960, 127, 1, 0, 0.1, 593529, 123.729
4799, 28677, 127, 3, 0, 0.1, 593656, 123.73
4800, 29960, 127, 0, 0, 0.1, 593783, 123.731
4801, 29962, 127, 0, 0, 0.1, 593910, 123.731
4802, 30472, 137, 0, 0, 0.1, 594047, 123.734
4803, 29962, 137, 2, 1, 0.1, 594184, 123.737
4804, 30472, 127, 3, 1, 0.1, 594311, 123.737
4805, 30472, 117, 0, 0, 0.1, 594428, 123.736
4806, 29962, 127, 0, 0, 0.1, 594555, 123.737
4807, 32002, 137, 0, 0, 0.1, 594692, 123.739
4808, 29962, 127, 2, 0, 0.1, 594819, 123.74
4809, 32002, 127, 2, 0, 0.1, 594946, 123.741
4810, 29962, 127, 0, 1, 0.1, 595073, 123.742
4811, 32002, 127, 3, 0, 0.1, 595200, 123.742
4812, 30725, 137, 1, 0, 0.1, 595337, 123.745
4813, 32002, 127, 3, 0, 0.1, 595464, 123.746
4814, 30725, 127, 3, 0, 0.1, 595591, 123.746
4815, 31745, 137, 1, 0, 0.1, 595728, 123.749
4816, 30725, 127, 1, 0, 0.1, 595855, 123.75
4817, 27906, 127, 2, 0, 0.1, 595982, 123.75
4818, 29962, 127, 0, 0, 0.1, 596109, 123.751
4819, 27906, 127, 2, 0, 0.1, 596236, 123.752
4820, 29962, 127, 2, 0, 0.1, 596363, 123.752
4821, 30472, 127, 1, 0, 0.1, 596490, 123.753
4822, 29189, 137, 1, 1, 0.1, 596627, 123.756
4823, 29954, 137, 3, 0, 0.1, 596764, 123.759
4824, 28677, 127, 3, 0, 0.1, 596891, 123.759
4825, 25864, 127, 2, 0, 0.1, 597018, 123.76
4826, 25866, 127, 0, 0, 0.1, 597145, 123.761
4827, 25864, 127, 2, 0, 0.1, 597272, 123.761
4828, 25866, 127, 1, 0, 0.1, 597399, 123.762
4829, 25866, 117, 0, 0, 0.1, 597516, 123.761
4830, 25864, 127, 2, 0, 0.1, 597643, 123.761
4831, 25866, 127, 2, 0, 0.1, 597770, 123.762
4832, 29960, 127, 0, 0, 0.1, 597897, 123.763
4833, 25866, 127, 0, 0, 0.1, 598024, 123.763
4834, 25864, 127, 0, 0, 0.1, 598151, 123.764
4835, 17674, 127, 0, 0, 0.1, 598278, 123.765
4836, 27906, 127, 2, 0, 0.1, 598405, 123.765
4837, 17674, 127, 2, 0, 0.1, 598532, 123.766
4838, 25864, 127, 1, 0, 0.1, 598659, 123.767
4839, 28677, 127, 1, 0, 0.1, 598786, 123.767
4840, 29954, 127, 0, 0, 0.1, 598913, 123.768
4841, 29962, 127, 2, 0, 0.1, 599040, 123.769
4842, 29954, 127, 0, 0, 0.1, 599167, 123.769
4843, 29962, 127, 2, 1, 0.1, 599294, 123.77
4844, 29954, 127, 0, 0, 0.1, 599421, 123.771
4845, 29962, 127, 3, 0, 0.1, 599548, 123.771
4846, 29962, 117, 0, 0, 0.1, 599665, 123.77
4847, 25608, 137, 0, 0, 0.1, 599802, 123.773
4848, 29706, 127, 0, 0, 0.1, 599929, 123.773
4849, 32385, 127, 2, 1, 0.1, 600056, 123.774
4850, 29706, 127, 0, 0, 0.1, 600183, 123.775
4851, 32257, 127, 3, 1, 0.1, 600310, 123.775
4852, 31237, 127, 1, 0, 0.1, 600437, 123.776
4853, 32385, 127, 3, 1, 0.1, 600564, 123.777
4854, 31237, 127, 3, 0, 0.1, 600691, 123.777
4855, 32640, 127, 2, 0, 0.1, 600818, 123.778
4856, 29962, 127, 0, 0, 0.1, 600945, 123.779
4857, 32640, 127, 2, 0, 0.1, 601072, 123.779
4858, 29962, 127, 0, 0, 0.1, 601199, 123.78
4859, 32640, 127, 2, 0, 0.1, 601326, 123.781
4860, 30026, 127, 2, 0, 0.1, 601453, 123.781
4861, 27922, 77, 3, 0, 0.1, 601530, 123.772
4862, 29962, 117, 3, 0, 0.1, 601647, 123.77
4863, 29962, 117, 2, 0, 0.1, 601764, 123.769
4864, 30472, 137, 2, 0, 0.1, 601901, 123.772
4865, 29962, 127, 2, 0, 0.1, 602028, 123.772
4866, 32002, 127, 3, 0, 0.1, 602155, 123.773
4867, 30725, 127, 1, 0, 0.1, 602282, 123.774
4868, 32002, 127, 2, 0, 0.1, 602409, 123.774
4869, 29962, 127, 2, 0, 0.1, 602536, 123.775
4870, 32512, 127, 1, 0, 0.1, 602663, 123.776
4871, 31237, 127, 1, 0, 0.1, 602790, 123.776
4872, 31492, 127, 3, 0, 0.1, 602917, 123.777
4873, 31237, 127, 3, 0, 0.1, 603044, 123.778
4874, 32512, 127, 3, 0, 0.1, 603171, 123.778
4875, 31237, 127, 0, 0, 0.1, 603298, 123.779
4876, 31237, 117, 2, 0, 0.1, 603415, 123.777
4877, 31237, 117, 1, 0, 0.1, 603532, 123.776
4878, 32512, 127, 2, 0, 0.1, 603659, 123.777
4879, 29962, 137, 1, 0, 0.1, 603796, 123.779
4880, 29962, 117, 0, 0, 0.1, 603913, 123.778
4881, 32512, 127, 3, 0, 0.1, 604040, 123.779
4882, 27141, 127, 0, 1, 0.1, 604167, 123.779
4883, 27141, 117, 3, 0, 0.1, 604284, 123.778
4884, 31237, 127, 3, 0, 0.1, 604411, 123.779
4885, 31237, 127, 3, 0, 0.1, 604538, 123.779
4886, 32257, 137, 0, 1, 0.1, 604675, 123.782
4887, 32257, 117, 3, 0, 0.1, 604792, 123.781
4888, 31237, 137, 3, 0, 0.1, 604929, 123.783
4889, 27141, 137, 2, 0, 0.1, 605066, 123.786
4890, 27141, 117, 1, 0, 0.1, 605183, 123.785
4891, 18949, 127, 3, 0, 0.1, 605310, 123.785
4892, 27141, 127, 1, 0, 0.1, 605437, 123.786
4893, 18949, 127, 3, 0, 0.1, 605564, 123.787
4894, 27141, 127, 2, 0, 0.1, 605691, 123.787
4895, 27141, 117, 2, 0, 0.1, 605808, 123.786
4896, 27141, 117, 3, 0, 0.1, 605925, 123.784
4897, 31237, 127, 3, 0, 0.1, 606052, 123.785
4898, 32257, 127, 1, 0, 0.1, 606179, 123.786
4899, 31237, 127, 1, 0, 0.1, 606306, 123.786
4900, 27141, 127, 3, 0, 0.1, 606433, 123.787
4901, 31237, 127, 3, 0, 0.1, 606560, 123.788
4902, 32257, 127, 2, 0, 0.1, 606687, 123.788
4903, 29706, 127, 0, 0, 0.1, 606814, 123.789
4904, 32257, 127, 2, 0, 0.1, 606941, 123.79
4905, 29706, 127, 2, 0, 0.1, 607068, 123.79
4906, 29706, 137, 3, 1, 0.1, 607205, 123.793
4907, 29706, 117, 0, 0, 0.1, 607322, 123.792
4908, 29706, 127, 3, 0, 0.1, 607449, 123.792
4909, 29706, 117, 2, 0, 0.1, 607566, 123.791
4910, 29706, 127, 3, 0, 0.1, 607693, 123.792
4911, 29706, 117, 0, 0, 0.1, 607810, 123.79
4912, 29706, 127, 2, 0, 0.1, 607937, 123.791
4913, 29706, 127, 2, 0, 0.1, 608064, 123.792
4914, 30726, 137, 1, 0, 0.1, 608201, 123.794
4915, 30726, 117, 3, 0, 0.1, 608318, 123.793
4916, 30725, 137, 1, 0, 0.1, 608455, 123.796
4917, 30726, 127, 0, 0, 0.1, 608582, 123.796
4918, 24586, 127, 0, 0, 0.1, 608709, 123.797
4919, 28682, 127, 2, 0, 0.1, 608836, 123.797
4920, 24586, 127, 1, 0, 0.1, 608963, 123.798
4921, 24586, 117, 0, 0, 0.1, 609080, 123.797
4922, 28682, 127, 1, 0, 0.1, 609207, 123.797
4923, 28682, 117, 3, 0, 0.1, 609324, 123.796
4924, 28682, 117, 1, 0, 0.1, 609441, 123.795
4925, 28682, 117, 1, 0, 0.1, 609558, 123.793
4926, 28682, 117, 2, 0, 0.1, 609675, 123.792
4927, 24586, 127, 1, 0, 0.1, 609802, 123.793
4928, 24586, 117, 2, 0, 0.1, 609919, 123.791
4929, 30726, 127, 0, 0, 0.1, 610046, 123.792
4930, 24586, 127, 1, 1, 0.1, 610173, 123.792
4931, 24586, 117, 2, 0, 0.1, 610290, 123.791
4932, 30726, 127, 3, 0, 0.1, 610417, 123.792
4933, 30725, 127, 3, 0, 0.1, 610544, 123.792
4934, 63748, 137, 3, 0, 0.1, 610681, 123.795
4935, 63493, 127, 3, 0, 0.1, 610808, 123.796
4936, 57612, 137, 3, 0, 0.1, 610945, 123.798
4937, 57612, 117, 2, 0, 0.1, 611062, 123.797
4938, 57612, 117, 0, 1, 0.1, 611179, 123.796
4939, 61706, 127, 2, 0, 0.1, 611306, 123.796
4940, 57612, 127, 0, 0, 0.1, 611433, 123.797
4941, 61706, 127, 0, 0, 0.1, 611560, 123.798
4942, 61706, 127, 2, 0, 0.1, 611687, 123.798
4943, 61706, 127, 2, 0, 0.1, 611814, 123.799
4944, 57612, 127, 1, 0, 0.1, 611941, 123.8
4945, 57349, 127, 0, 0, 0.1, 612068, 123.8
4946, 57349, 117, 3, 0, 0.1, 612185, 123.799
4947, 57612, 127, 1, 1, 0.1, 612312, 123.799
4948, 57349, 127, 3, 0, 0.1, 612439, 123.8
4949, 57612, 127, 3, 0, 0.1, 612566, 123.801
4950, 57612, 117, 0, 0, 0.1, 612683, 123.799
4951, 61706, 127, 0, 0, 0.1, 612810, 123.8
4952, 61706, 127, 0, 0, 0.1, 612937, 123.801
4953, 62216, 137, 2, 0, 0.1, 613074, 123.803
4954, 57610, 127, 2, 0, 0.1, 613201, 123.804
4955, 49418, 127, 3, 0, 0.1, 613328, 123.805
4956, 49418, 117, 2, 1, 0.1, 613445, 123.803
4957, 49420, 127, 3, 0, 0.1, 613572, 123.804
4958, 49420, 117, 0, 0, 0.1, 613689, 123.803
4959, 49418, 127, 0, 0, 0.1, 613816, 123.803
4960, 57610, 127, 0, 0, 0.1, 613943, 123.804
4961, 62216, 127, 2, 0, 0.1, 614070, 123.804
4962, 57610, 127, 0, 0, 0.1, 614197, 123.805
4963, 62216, 127, 2, 1, 0.1, 614324, 123.806
4964, 57610, 127, 0, 0, 0.1, 614451, 123.806
4965, 62216, 127, 0, 0, 0.1, 614578, 123.807
4966, 57610, 127, 2, 0, 0.1, 614705, 123.808
4967, 62216, 127, 0, 0, 0.1, 614832, 123.808
4968, 57610, 127, 3, 0, 0.1, 614959, 123.809
4969, 57610, 117, 0, 0, 0.1, 615076, 123.808
4970, 61706, 127, 0, 0, 0.1, 615203, 123.808
4971, 61706, 127, 3, 0, 0.1, 615330, 123.809
4972, 61706, 117, 2, 0, 0.1, 615447, 123.807
4973, 61706, 127, 2, 0, 0.1, 615574, 123.808
4974, 57610, 127, 2, 0, 0.1, 615701, 123.809
4975, 62216, 127, 0, 0, 0.1, 615828, 123.809
4976, 57610, 127, 3, 0, 0.1, 615955, 123.81
4977, 57610, 117, 1, 0, 0.1, 616072, 123.809
4978, 57610, 117, 1, 0, 0.1, 616189, 123.807
4979, 57610, 117, 3, 0, 0.1, 616306, 123.806
4980, 57610, 117, 1, 0, 0.1, 616423, 123.805
4981, 57610, 117, 1, 0, 0.1, 616540, 123.803
4982, 57610, 117, 2, 0, 0.1, 616657, 123.802
4983, 62216, 127, 0, 0, 0.1, 616784, 123.802
4984, 57610, 127, 0, 1, 0.1, 616911, 123.803
4985, 61706, 127, 0, 0, 0.1, 617038, 123.804
4986, 61706, 127, 2, 0, 0.1, 617165, 123.804
4987, 61706, 127, 0, 0, 0.1, 617292, 123.805
4988, 61706, 127, 2, 0, 0.1, 617419, 123.806
4989, 61706, 127, 0, 0, 0.1, 617546, 123.806
4990, 61706, 127, 0, 0, 0.1, 617673, 123.807
4991, 62216, 137, 1, 0, 0.1, 617810, 123.81
4992, 61445, 137, 3, 0, 0.1, 617947, 123.812
4993, 61704, 127, 0, 1, 0.1, 618074, 123.813
4994, 61706, 137, 2, 0, 0.1, 618211, 123.816
4995, 57608, 127, 3, 1, 0.1, 618338, 123.816
4996, 57608, 117, 1, 1, 0.1, 618455, 123.815
4997, 61445, 127, 2, 0, 0.1, 618582, 123.815
4998, 61445, 117, 1, 0, 0.1, 618699, 123.814
4999, 62722, 127, 1, 0, 0.1, 618826, 123.815
5000, 62722, 117, 3, 0, 0.1, 618943, 123.813
5001, 61445, 127, 1, 0, 0.1, 619070, 123.814
5002, 62722, 127, 1, 0, 0.1, 619197, 123.815
5003, 62722, 117, 1, 0, 0.1, 619314, 123.813
5004, 62722, 117, 2, 0, 0.1, 619431, 123.812
5005, 62730, 137, 2, 0, 0.1, 619568, 123.815
5006, 63240, 127, 0, 0, 0.1, 619695, 123.815
5007, 62730, 127, 2, 0, 0.1, 619822, 123.816
5008, 63240, 127, 2, 0, 0.1, 619949, 123.816
5009, 62730, 137, 1, 0, 0.1, 620086, 123.819
5010, 62730, 117, 1, 0, 0.1, 620203, 123.818
5011, 62730, 117, 0, 0, 0.1, 620320, 123.816
5012, 63240, 127, 2, 0, 0.1, 620447, 123.817
5013, 62730, 127, 0, 0, 0.1, 620574, 123.818
5014, 63240, 127, 2, 0, 0.1, 620701, 123.818
5015, 62730, 127, 0, 0, 0.1, 620828, 123.819
5016, 63240, 127, 1, 0, 0.1, 620955, 123.82
5017, 61957, 127, 1, 0, 0.1, 621082, 123.82
5018, 61702, 137, 1, 0, 0.1, 621219, 123.823
5019, 61702, 117, 1, 0, 0.1, 621336, 123.821
5020, 61702, 117, 2, 0, 0.1, 621453, 123.82
5021, 61702, 117, 0, 0, 0.1, 621570, 123.819
5022, 57354, 137, 1, 0, 0.1, 621707, 123.821
5023, 57354, 117, 0, 0, 0.1, 621824, 123.82
5024, 61961, 127, 0, 0, 0.1, 621951, 123.821
5025, 61961, 117, 2, 0, 0.1, 622068, 123.819
5026, 57354, 127, 0, 0, 0.1, 622195, 123.82
5027, 61961, 127, 0, 0, 0.1, 622322, 123.821
5028, 61961, 117, 3, 0, 0.1, 622439, 123.819
5029, 61961, 117, 3, 0, 0.1, 622556, 123.818
5030, 61961, 117, 1, 0, 0.1, 622673, 123.816
5031, 61957, 127, 1, 0, 0.1, 622800, 123.817
5032, 62208, 137, 1, 0, 0.1, 622937, 123.82
5033, 61444, 137, 1, 0, 0.1, 623074, 123.822
5034, 24582, 127, 3, 0, 0.1, 623201, 123.823
5035, 28676, 127, 1, 0, 0.1, 623328, 123.824
5036, 24582, 127, 3, 0, 0.1, 623455, 123.824
5037, 28676, 127, 3, 0, 0.1, 623582, 123.825
5038, 28928, 127, 1, 1, 0.1, 623709, 123.825
5039, 28676, 127, 0, 0, 0.1, 623836, 123.826
5040, 30720, 127, 0, 0, 0.1, 623963, 123.827
5041, 28673, 127, 1, 0, 0.1, 624090, 123.827
5042, 24579, 127, 3, 0, 0.1, 624217, 123.828
5043, 28673, 127, 0, 0, 0.1, 624344, 123.829
5044, 28673, 117, 1, 0, 0.1, 624461, 123.827
5045, 24579, 127, 3, 0, 0.1, 624588, 123.828
5046, 28673, 127, 1, 1, 0.1, 624715, 123.829
5047, 24579, 127, 3, 0, 0.1, 624842, 123.829
5048, 28673, 127, 0, 0, 0.1, 624969, 123.83
5049, 28673, 117, 1, 0, 0.1, 625086, 123.828
5050, 24579, 127, 3, 0, 0.1, 625213, 123.829
5051, 28673, 127, 0, 1, 0.1, 625340, 123.83
5052, 28673, 117, 1, 0, 0.1, 625457, 123.828
5053, 24579, 127, 3, 0, 0.1, 625584, 123.829
5054, 28673, 127, 1, 0, 0.1, 625711, 123.83
5055, 24579, 127, 3, 0, 0.1, 625838, 123.83
5056, 28673, 127, 3, 0, 0.1, 625965, 123.831
5057, 29952, 127, 0, 0, 0.1, 626092, 123.831
5058, 29962, 127, 2, 0, 0.1, 626219, 123.832
5059, 29952, 127, 0, 0, 0.1, 626346, 123.833
5060, 29962, 127, 1, 0, 0.1, 626473, 123.833
5061, 29962, 117, 2, 0, 0.1, 626590, 123.832
5062, 29952, 127, 3, 0, 0.1, 626717, 123.833
5063, 28677, 127, 0, 0, 0.1, 626844, 123.833
5064, 28677, 117, 3, 0, 0.1, 626961, 123.832
5065, 28940, 127, 2, 0, 0.1, 627088, 123.833
5066, 28940, 117, 0, 0, 0.1, 627205, 123.831
5067, 24586, 137, 1, 0, 0.1, 627342, 123.834
5068, 24586, 117, 2, 0, 0.1, 627459, 123.832
5069, 24588, 127, 3, 1, 0.1, 627586, 123.833
5070, 24588, 117, 3, 0, 0.1, 627703, 123.832
5071, 24588, 117, 0, 0, 0.1, 627820, 123.83
5072, 24586, 127, 2, 0, 0.1, 627947, 123.831
5073, 24588, 127, 2, 0, 0.1, 628074, 123.832
5074, 24588, 117, 1, 1, 0.1, 628191, 123.83
5075, 28677, 127, 1, 0, 0.1, 628318, 123.831
5076, 29952, 127, 0, 0, 0.1, 628445, 123.832
5077, 29962, 127, 2, 0, 0.1, 628572, 123.832
5078, 29952, 127, 0, 0, 0.1, 628699, 123.833
5079, 29962, 127, 3, 0, 0.1, 628826, 123.833
5080, 29962, 117, 0, 0, 0.1, 628943, 123.832
5081, 30217, 137, 3, 0, 0.1, 629080, 123.835
5082, 30217, 117, 2, 0, 0.1, 629197, 123.833
5083, 29706, 127, 2, 0, 0.1, 629324, 123.834
5084, 29696, 127, 0, 0, 0.1, 629451, 123.835
5085, 29706, 127, 2, 0, 0.1, 629578, 123.835
5086, 29696, 127, 2, 0, 0.1, 629705, 123.836
5087, 16392, 137, 1, 0, 0.1, 629842, 123.838
5088, 0, 127, 2, 0, 0.1, 629969, 123.839
5089, 4, 127, 3, 0, 0.1, 630096, 123.84
5090, 0, 127, 1, 0, 0.1, 630223, 123.84
5091, 4, 127, 2, 0, 0.1, 630350, 123.841
5092, 4, 117, 2, 1, 0.1, 630467, 123.84
5093, 4, 117, 3, 0, 0.1, 630584, 123.838
5094, 0, 127, 1, 0, 0.1, 630711, 123.839
5095, 4, 127, 1, 0, 0.1, 630838, 123.839
5096, 6, 127, 3, 0, 0.1, 630965, 123.84
5097, 4, 127, 1, 1, 0.1, 631092, 123.841
5098, 6, 127, 2, 0, 0.1, 631219, 123.841
5099, 6, 117, 1, 0, 0.1, 631336, 123.84
5100, 6, 117, 3, 0, 0.1, 631453, 123.839
5101, 4, 127, 2, 0, 0.1, 631580, 123.839
5102, 4, 117, 1, 0, 0.1, 631697, 123.838
5103, 6, 127, 0, 0, 0.1, 631824, 123.838
5104, 2, 127, 0, 0, 0.1, 631951, 123.839
5105, 3, 127, 2, 0, 0.1, 632078, 123.84
5106, 2, 127, 3, 0, 0.1, 632205, 123.84
5107, 0, 127, 3, 1, 0.1, 632332, 123.841
5108, 16392, 127, 0, 0, 0.1, 632459, 123.842
5109, 24576, 127, 3, 0, 0.1, 632586, 123.842
5110, 16389, 127, 3, 0, 0.1, 632713, 123.843
5111, 16396, 127, 3, 0, 0.1, 632840, 123.843
5112, 16396, 117, 1, 0, 0.1, 632957, 123.842
5113, 16389, 127, 3, 0, 0.1, 633084, 123.843
5114, 16396, 127, 2, 0, 0.1, 633211, 123.843
5115, 16396, 117, 0, 0, 0.1, 633328, 123.842
5116, 24586, 127, 2, 0, 0.1, 633455, 123.843
5117, 16396, 127, 1, 0, 0.1, 633582, 123.843
5118, 16389, 127, 1, 1, 0.1, 633709, 123.844
5119, 24576, 127, 0, 0, 0.1, 633836, 123.844
5120, 28682, 127, 2, 0, 0.1, 633963, 123.845
5121, 24592, 127, 0, 0, 0.1, 634090, 123.846
5122, 28682, 77, 2, 0, 0.1, 634167, 123.837
5123, 29960, 127, 0, 0, 0.1, 634294, 123.837
5124, 29962, 127, 0, 0, 0.1, 634421, 123.838
5125, 30472, 137, 0, 0, 0.1, 634558, 123.84
5126, 29962, 127, 3, 0, 0.1, 634685, 123.841
5127, 29962, 117, 1, 0, 0.1, 634802, 123.84
5128, 29962, 117, 1, 0, 0.1, 634919, 123.838
5129, 29962, 117, 0, 0, 0.1, 635036, 123.837
5130, 32002, 137, 1, 0, 0.1, 635173, 123.84
5131, 32002, 117, 3, 1, 0.1, 635290, 123.838
5132, 30725, 127, 1, 0, 0.1, 635417, 123.839
5133, 32002, 127, 2, 0, 0.1, 635544, 123.839
5134, 29962, 127, 0, 0, 0.1, 635671, 123.84
5135, 32002, 127, 3, 1, 0.1, 635798, 123.841
5136, 30725, 127, 3, 1, 0.1, 635925, 123.841
5137, 31745, 137, 2, 0, 0.1, 636062, 123.844
5138, 29706, 127, 2, 0, 0.1, 636189, 123.844
5139, 29706, 137, 1, 0, 0.1, 636326, 123.847
5140, 29706, 117, 3, 0, 0.1, 636443, 123.846
5141, 29706, 117, 2, 0, 0.1, 636560, 123.844
5142, 29706, 137, 3, 0, 0.1, 636697, 123.847
5143, 29706, 117, 0, 0, 0.1, 636814, 123.846
5144, 29706, 127, 2, 0, 0.1, 636941, 123.846
5145, 29706, 127, 2, 0, 0.1, 637068, 123.847
5146, 29706, 137, 3, 0, 0.1, 637205, 123.849
5147, 29706, 117, 2, 0, 0.1, 637322, 123.848
5148, 28682, 137, 1, 0, 0.1, 637459, 123.851
5149, 28682, 117, 1, 1, 0.1, 637576, 123.849
5150, 28682, 117, 2, 0, 0.1, 637693, 123.848
5151, 31236, 127, 0, 0, 0.1, 637820, 123.849
5152, 28682, 127, 1, 0, 0.1, 637947, 123.849
5153, 28682, 117, 2, 0, 0.1, 638064, 123.848
5154, 31236, 127, 0, 0, 0.1, 638191, 123.848
5155, 28682, 127, 3, 1, 0.1, 638318, 123.849
5156, 28682, 117, 2, 0, 0.1, 638435, 123.848
5157, 31236, 127, 1, 0, 0.1, 638562, 123.848
5158, 30725, 137, 1, 0, 0.1, 638699, 123.851
5159, 32002, 127, 0, 0, 0.1, 638826, 123.851
5160, 25866, 137, 1, 0, 0.1, 638963, 123.854
5161, 25866, 117, 0, 1, 0.1, 639080, 123.853
5162, 25864, 127, 1, 0, 0.1, 639207, 123.853
5163, 28677, 127, 3, 0, 0.1, 639334, 123.854
5164, 25864, 127, 2, 0, 0.1, 639461, 123.855
5165, 25866, 127, 1, 0, 0.1, 639588, 123.855
5166, 25866, 117, 2, 0, 0.1, 639705, 123.854
5167, 32002, 127, 3, 0, 0.1, 639832, 123.854
5168, 26629, 127, 3, 0, 0.1, 639959, 123.855
5169, 30724, 127, 1, 0, 0.1, 640086, 123.856
5170, 26629, 127, 3, 0, 0.1, 640213, 123.856
5171, 30724, 127, 1, 0, 0.1, 640340, 123.857
5172, 26629, 127, 1, 0, 0.1, 640467, 123.857
5173, 32002, 127, 3, 0, 0.1, 640594, 123.858
5174, 26757, 127, 3, 0, 0.1, 640721, 123.859
5175, 30852, 127, 3, 0, 0.1, 640848, 123.859
5176, 30853, 127, 0, 0, 0.1, 640975, 123.86
5177, 30725, 67, 3, 0, 0.1, 641042, 123.849
5178, 29962, 117, 0, 0, 0.1, 641159, 123.848
5179, 30472, 137, 1, 0, 0.1, 641296, 123.85
5180, 28677, 137, 3, 0, 0.1, 641433, 123.853
5181, 29960, 127, 1, 0, 0.1, 641560, 123.853
5182, 28677, 127, 3, 0, 0.1, 641687, 123.854
5183, 29960, 127, 2, 1, 0.1, 641814, 123.854
5184, 29962, 127, 3, 0, 0.1, 641941, 123.855
5185, 29962, 117, 0, 0, 0.1, 642058, 123.854
5186, 29960, 127, 1, 0, 0.1, 642185, 123.854
5187, 28677, 127, 1, 0, 0.1, 642312, 123.855
5188, 29954, 127, 1, 1, 0.1, 642439, 123.856
5189, 29954, 117, 0, 0, 0.1, 642556, 123.854
5190, 29962, 127, 0, 0, 0.1, 642683, 123.855
5191, 25608, 137, 1, 0, 0.1, 642820, 123.857
5192, 24581, 127, 0, 0, 0.1, 642947, 123.858
5193, 24581, 117, 2, 0, 0.1, 643064, 123.857
5194, 24581, 117, 1, 0, 0.1, 643181, 123.855
5195, 29699, 127, 2, 0, 0.1, 643308, 123.856
5196, 29706, 127, 0, 0, 0.1, 643435, 123.857
5197, 29699, 127, 2, 0, 0.1, 643562, 123.857
5198, 29706, 127, 0, 0, 0.1, 643689, 123.858
5199, 29699, 127, 2, 1, 0.1, 643816, 123.858
5200, 29706, 127, 2, 0, 0.1, 643943, 123.859
5201, 29196, 137, 2, 0, 0.1, 644080, 123.862
5202, 29196, 117, 3, 0, 0.1, 644197, 123.86
5203, 29196, 117, 2, 0, 0.1, 644314, 123.859
5204, 29196, 117, 3, 0, 0.1, 644431, 123.858
5205, 29196, 117, 1, 0, 0.1, 644548, 123.856
5206, 24581, 137, 3, 0, 0.1, 644685, 123.859
5207, 16396, 127, 0, 0, 0.1, 644812, 123.859
5208, 10, 127, 3, 0, 0.1, 644939, 123.86
5209, 10, 117, 3, 0, 0.1, 645056, 123.859
5210, 10, 117, 1, 0, 0.1, 645173, 123.857
5211, 10, 117, 2, 0, 0.1, 645290, 123.856
5212, 16396, 127, 1, 1, 0.1, 645417, 123.857
5213, 24581, 127, 0, 0, 0.1, 645544, 123.857
5214, 24581, 117, 0, 0, 0.1, 645661, 123.856
5215, 24581, 117, 3, 0, 0.1, 645778, 123.855
5216, 16396, 127, 0, 0, 0.1, 645905, 123.855
5217, 10, 127, 1, 0, 0.1, 646032, 123.856
5218, 10, 117, 0, 0, 0.1, 646149, 123.855
5219, 3, 127, 0, 0, 0.1, 646276, 123.855
5220, 3, 117, 1, 0, 0.1, 646393, 123.854
5221, 3, 117, 0, 0, 0.1, 646510, 123.852
5222, 3, 117, 0, 0, 0.1, 646627, 123.851
5223, 3, 117, 3, 0, 0.1, 646744, 123.85
5224, 16389, 127, 0, 0, 0.1, 646871, 123.85
5225, 16389, 117, 3, 0, 0.1, 646988, 123.849
5226, 25608, 127, 2, 0, 0.1, 647115, 123.85
5227, 25610, 127, 2, 0, 0.1, 647242, 123.85
5228, 29698, 127, 1, 0, 0.1, 647369, 123.851
5229, 29698, 117, 0, 0, 0.1, 647486, 123.85
5230, 25610, 127, 1, 0, 0.1, 647613, 123.85
5231, 25610, 117, 2, 0, 0.1, 647730, 123.849
5232, 29698, 127, 2, 0, 0.1, 647857, 123.85
5233, 29706, 127, 2, 0, 0.1, 647984, 123.85
5234, 31746, 137, 0, 0, 0.1, 648121, 123.853
5235, 29706, 127, 2, 0, 0.1, 648248, 123.853
5236, 31746, 127, 2, 0, 0.1, 648375, 123.854
5237, 29706, 137, 2, 0, 0.1, 648512, 123.856
5238, 29704, 137, 2, 0, 0.1, 648649, 123.859
5239, 29706, 127, 0, 0, 0.1, 648776, 123.859
5240, 29704, 127, 1, 1, 0.1, 648903, 123.86
5241, 24581, 127, 2, 0, 0.1, 649030, 123.861
5242, 24581, 117, 0, 0, 0.1, 649147, 123.859
5243, 24581, 117, 3, 0, 0.1, 649264, 123.858
5244, 29704, 127, 2, 0, 0.1, 649391, 123.859
5245, 29706, 127, 3, 0, 0.1, 649518, 123.859
5246, 29706, 117, 2, 0, 0.1, 649635, 123.858
5247, 31236, 137, 3, 0, 0.1, 649772, 123.86
5248, 31237, 137, 3, 0, 0.1, 649909, 123.863
5249, 32512, 127, 2, 0, 0.1, 650036, 123.864
5250, 28938, 137, 2, 0, 0.1, 650173, 123.866
5251, 24842, 127, 0, 0, 0.1, 650300, 123.867
5252, 28938, 127, 3, 1, 0.1, 650427, 123.867
5253, 28938, 117, 2, 0, 0.1, 650544, 123.866
5254, 24842, 127, 2, 0, 0.1, 650671, 123.867
5255, 28940, 127, 1, 0, 0.1, 650798, 123.867
5256, 28677, 127, 3, 0, 0.1, 650925, 123.868
5257, 28940, 127, 3, 0, 0.1, 651052, 123.868
5258, 28940, 117, 0, 0, 0.1, 651169, 123.867
5259, 24842, 127, 0, 0, 0.1, 651296, 123.868
5260, 28938, 127, 0, 0, 0.1, 651423, 123.868
5261, 31488, 127, 3, 0, 0.1, 651550, 123.869
5262, 31237, 137, 3, 0, 0.1, 651687, 123.871
5263, 18949, 137, 3, 0, 0.1, 651824, 123.874
5264, 27141, 127, 2, 0, 0.1, 651951, 123.874
5265, 27141, 117, 2, 0, 0.1, 652068, 123.873
5266, 27141, 117, 0, 1, 0.1, 652185, 123.872
5267, 27141, 117, 1, 1, 0.1, 652302, 123.87
5268, 18949, 127, 3, 0, 0.1, 652429, 123.871
5269, 27141, 127, 1, 1, 0.1, 652556, 123.872
5270, 18949, 127, 0, 0, 0.1, 652683, 123.872
5271, 18949, 117, 0, 0, 0.1, 652800, 123.871
5272, 18949, 117, 0, 0, 0.1, 652917, 123.87
5273, 18949, 117, 0, 0, 0.1, 653034, 123.868
5274, 18949, 117, 3, 0, 0.1, 653151, 123.867
5275, 27141, 127, 1, 0, 0.1, 653278, 123.868
5276, 18949, 127, 1, 0, 0.1, 653405, 123.868
5277, 27141, 127, 2, 0, 0.1, 653532, 123.869
5278, 27141, 117, 2, 1, 0.1, 653649, 123.868
5279, 27141, 117, 2, 0, 0.1, 653766, 123.866
5280, 27141, 117, 0, 0, 0.1, 653883, 123.865
5281, 27141, 117, 2, 1, 0.1, 654000, 123.864
5282, 27141, 117, 3, 0, 0.1, 654117, 123.862
5283, 18949, 127, 1, 0, 0.1, 654244, 123.863
5284, 27141, 127, 2, 0, 0.1, 654371, 123.864
5285, 27141, 117, 0, 0, 0.1, 654488, 123.862
5286, 27141, 117, 3, 0, 0.1, 654605, 123.861
5287, 18949, 127, 3, 0, 0.1, 654732, 123.862
5288, 27141, 127, 2, 0, 0.1, 654859, 123.862
5289, 27141, 117, 2, 0, 0.1, 654976, 123.861
5290, 27269, 117, 1, 1, 0.1, 655093, 123.86
5291, 18949, 127, 3, 0, 0.1, 655220, 123.86
5292, 27269, 127, 0, 0, 0.1, 655347, 123.861
5293, 27269, 117, 3, 0, 0.1, 655464, 123.859
5294, 32385, 127, 1, 0, 0.1, 655591, 123.86
5295, 27141, 127, 3, 0, 0.1, 655718, 123.861
5296, 32257, 127, 3, 1, 0.1, 655845, 123.861
5297, 31237, 127, 1, 0, 0.1, 655972, 123.862
5298, 32257, 127, 1, 0, 0.1, 656099, 123.862
5299, 27141, 127, 0, 0, 0.1, 656226, 123.863
5300, 27141, 117, 3, 0, 0.1, 656343, 123.862
5301, 32257, 127, 1, 0, 0.1, 656470, 123.862
5302, 27269, 127, 3, 0, 0.1, 656597, 123.863
5303, 32385, 127, 2, 0, 0.1, 656724, 123.863
5304, 29706, 127, 2, 0, 0.1, 656851, 123.864
5305, 29706, 127, 2, 0, 0.1, 656978, 123.865
5306, 29706, 137, 3, 0, 0.1, 657115, 123.867
5307, 29706, 117, 0, 0, 0.1, 657232, 123.866
5308, 25610, 127, 0, 0, 0.1, 657359, 123.866
5309, 25610, 127, 0, 0, 0.1, 657486, 123.867
5310, 32385, 127, 1, 1, 0.1, 657613, 123.868
5311, 27269, 127, 0, 1, 0.1, 657740, 123.868
5312, 27269, 117, 2, 0, 0.1, 657857, 123.867
5313, 27269, 117, 2, 0, 0.1, 657974, 123.866
5314, 27269, 117, 3, 0, 0.1, 658091, 123.864
5315, 32257, 127, 3, 0, 0.1, 658218, 123.865
5316, 31365, 127, 1, 0, 0.1, 658345, 123.865
5317, 32321, 127, 2, 0, 0.1, 658472, 123.866
5318, 25610, 127, 0, 0, 0.1, 658599, 123.867
5319, 32321, 127, 1, 0, 0.1, 658726, 123.867
5320, 27269, 127, 2, 0, 0.1, 658853, 123.868
5321, 27141, 117, 3, 0, 0.1, 658970, 123.867
5322, 32257, 127, 3, 0, 0.1, 659097, 123.867
5323, 31237, 127, 0, 0, 0.1, 659224, 123.868
5324, 31237, 117, 1, 0, 0.1, 659341, 123.866
5325, 32321, 127, 2, 0, 0.1, 659468, 123.867
5326, 25610, 127, 2, 0, 0.1, 659595, 123.868
5327, 25610, 127, 3, 0, 0.1, 659722, 123.868
5328, 25610, 117, 2, 1, 0.1, 659839, 123.867
5329, 29706, 127, 0, 0, 0.1, 659966, 123.867
5330, 25610, 127, 0, 0, 0.1, 660093, 123.868
5331, 25610, 127, 0, 0, 0.1, 660220, 123.869
5332, 32257, 127, 1, 1, 0.1, 660347, 123.869
5333, 27141, 127, 2, 0, 0.1, 660474, 123.87
5334, 27141, 117, 2, 0, 0.1, 660591, 123.869
5335, 27141, 117, 0, 0, 0.1, 660708, 123.867
5336, 27141, 117, 3, 0, 0.1, 660825, 123.866
5337, 32257, 127, 3, 0, 0.1, 660952, 123.867
5338, 31237, 127, 0, 1, 0.1, 661079, 123.867
5339, 31237, 117, 1, 0, 0.1, 661196, 123.866
5340, 32257, 127, 2, 0, 0.1, 661323, 123.866
5341, 25610, 127, 3, 0, 0.1, 661450, 123.867
5342, 25610, 117, 2, 0, 0.1, 661567, 123.866
5343, 25610, 127, 3, 0, 0.1, 661694, 123.866
5344, 25610, 117, 0, 0, 0.1, 661811, 123.865
5345, 25610, 127, 0, 0, 0.1, 661938, 123.866
5346, 32257, 127, 0, 0, 0.1, 662065, 123.866
5347, 32257, 117, 1, 0, 0.1, 662182, 123.865
5348, 27141, 127, 3, 0, 0.1, 662309, 123.866
5349, 32257, 127, 2, 0, 0.1, 662436, 123.866
5350, 25610, 127, 1, 1, 0.1, 662563, 123.867
5351, 25610, 117, 2, 0, 0.1, 662680, 123.865
5352, 25610, 127, 0, 0, 0.1, 662807, 123.866
5353, 25610, 127, 0, 0, 0.1, 662934, 123.867
5354, 32257, 127, 1, 0, 0.1, 663061, 123.867
5355, 27141, 127, 0, 0, 0.1, 663188, 123.868
5356, 27141, 117, 2, 0, 0.1, 663305, 123.866
5357, 27141, 117, 1, 0, 0.1, 663422, 123.865
5358, 18949, 127, 2, 0, 0.1, 663549, 123.866
5359, 18949, 117, 3, 0, 0.1, 663666, 123.865
5360, 27141, 127, 0, 0, 0.1, 663793, 123.865
5361, 27141, 117, 1, 0, 0.1, 663910, 123.864
5362, 18949, 127, 3, 0, 0.1, 664037, 123.864
5363, 27141, 127, 2, 1, 0.1, 664164, 123.865
5364, 27141, 117, 3, 0, 0.1, 664281, 123.864
5365, 32257, 127, 2, 0, 0.1, 664408, 123.864
5366, 25610, 127, 0, 0, 0.1, 664535, 123.865
5367, 32257, 127, 0, 0, 0.1, 664662, 123.865
5368, 32257, 117, 0, 0, 0.1, 664779, 123.864
5369, 32257, 117, 3, 0, 0.1, 664896, 123.863
5370, 31237, 127, 1, 0, 0.1, 665023, 123.863
5371, 32257, 127, 2, 0, 0.1, 665150, 123.864
5372, 25610, 127, 2, 0, 0.1, 665277, 123.865
5373, 25610, 127, 3, 1, 0.1, 665404, 123.865
5374, 25610, 117, 0, 0, 0.1, 665521, 123.864
5375, 25610, 127, 0, 1, 0.1, 665648, 123.865
5376, 32257, 127, 2, 0, 0.1, 665775, 123.865
5377, 25610, 127, 2, 0, 0.1, 665902, 123.866
5378, 25610, 127, 2, 0, 0.1, 666029, 123.866
5379, 29706, 127, 1, 1, 0.1, 666156, 123.867
5380, 29706, 117, 2, 0, 0.1, 666273, 123.866
5381, 29706, 127, 3, 1, 0.1, 666400, 123.866
5382, 29706, 117, 0, 0, 0.1, 666517, 123.865
5383, 29706, 127, 0, 0, 0.1, 666644, 123.865
5384, 25610, 127, 0, 0, 0.1, 666771, 123.866
5385, 25610, 127, 2, 0, 0.1, 666898, 123.867
5386, 25610, 127, 0, 0, 0.1, 667025, 123.867
5387, 25610, 127, 2, 0, 0.1, 667152, 123.868
5388, 25610, 127, 3, 0, 0.1, 667279, 123.868
5389, 25610, 117, 3, 0, 0.1, 667396, 123.867
5390, 25610, 117, 2, 0, 0.1, 667513, 123.866
5391, 29706, 127, 0, 0, 0.1, 667640, 123.866
5392, 25610, 127, 2, 0, 0.1, 667767, 123.867
5393, 29706, 127, 2, 1, 0.1, 667894, 123.868
5394, 29706, 127, 0, 0, 0.1, 668021, 123.868
5395, 29706, 127, 2, 0, 0.1, 668148, 123.869
5396, 29706, 127, 3, 0, 0.1, 668275, 123.869
5397, 29706, 117, 0, 0, 0.1, 668392, 123.868
5398, 29706, 127, 2, 0, 0.1, 668519, 123.869
5399, 29706, 127, 0, 0, 0.1, 668646, 123.869
5400, 29706, 127, 2, 0, 0.1, 668773, 123.87
5401, 29706, 127, 2, 0, 0.1, 668900, 123.87
5402, 25610, 137, 1, 0, 0.1, 669037, 123.873
5403, 25610, 117, 0, 0, 0.1, 669154, 123.872
5404, 17418, 127, 1, 0, 0.1, 669281, 123.872
5405, 17418, 117, 3, 0, 0.1, 669398, 123.871
5406, 17418, 117, 1, 0, 0.1, 669515, 123.87
5407, 17418, 117, 1, 0, 0.1, 669632, 123.868
5408, 17418, 117, 2, 0, 0.1, 669749, 123.867
5409, 25610, 127, 2, 0, 0.1, 669876, 123.868
5410, 29706, 127, 2, 0, 0.1, 670003, 123.868
5411, 29706, 127, 3, 0, 0.1, 670130, 123.869
5412, 29706, 117, 0, 0, 0.1, 670247, 123.867
5413, 29706, 127, 1, 0, 0.1, 670374, 123.868
5414, 29706, 117, 0, 0, 0.1, 670491, 123.867
5415, 25610, 127, 2, 1, 0.1, 670618, 123.867
5416, 29706, 127, 2, 0, 0.1, 670745, 123.868
5417, 29706, 127, 0, 0, 0.1, 670872, 123.869
5418, 29706, 127, 1, 0, 0.1, 670999, 123.869
5419, 29706, 117, 2, 0, 0.1, 671116, 123.868
5420, 29706, 127, 2, 0, 0.1, 671243, 123.868
5421, 28682, 137, 3, 1, 0.1, 671380, 123.871
5422, 28682, 117, 3, 0, 0.1, 671497, 123.87
5423, 28682, 117, 3, 0, 0.1, 671614, 123.868
5424, 28682, 117, 2, 0, 0.1, 671731, 123.867
5425, 31236, 127, 0, 0, 0.1, 671858, 123.868
5426, 28682, 127, 2, 1, 0.1, 671985, 123.868
5427, 31236, 127, 3, 0, 0.1, 672112, 123.869
5428, 31365, 127, 0, 0, 0.1, 672239, 123.869
5429, 31365, 117, 0, 0, 0.1, 672356, 123.868
5430, 31365, 117, 2, 0, 0.1, 672473, 123.867
5431, 31365, 67, 3, 0, 0.1, 672540, 123.856
5432, 29962, 117, 3, 0, 0.1, 672657, 123.855
5433, 29962, 117, 2, 0, 0.1, 672774, 123.854
5434, 30472, 137, 2, 0, 0.1, 672911, 123.856
5435, 29962, 127, 1, 0, 0.1, 673038, 123.857
5436, 29962, 117, 2, 0, 0.1, 673155, 123.856
5437, 32002, 137, 3, 0, 0.1, 673292, 123.858
5438, 30725, 137, 3, 0, 0.1, 673429, 123.86
5439, 30980, 127, 0, 1, 0.1, 673556, 123.861
5440, 28938, 127, 1, 0, 0.1, 673683, 123.862
5441, 28938, 117, 0, 0, 0.1, 673800, 123.86
5442, 28938, 137, 3, 0, 0.1, 673937, 123.863
5443, 28938, 117, 2, 0, 0.1, 674054, 123.861
5444, 28938, 127, 0, 0, 0.1, 674181, 123.862
5445, 28938, 127, 1, 0, 0.1, 674308, 123.863
5446, 28938, 117, 2, 0, 0.1, 674425, 123.861
5447, 28938, 127, 2, 0, 0.1, 674552, 123.862
5448, 30980, 127, 3, 0, 0.1, 674679, 123.862
5449, 30725, 137, 2, 0, 0.1, 674816, 123.865
5450, 30725, 117, 3, 0, 0.1, 674933, 123.864
5451, 5, 137, 0, 0, 0.1, 675070, 123.866
5452, 5, 117, 0, 0, 0.1, 675187, 123.865
5453, 5, 117, 3, 0, 0.1, 675304, 123.864
5454, 16389, 127, 0, 0, 0.1, 675431, 123.864
5455, 16389, 117, 3, 0, 0.1, 675548, 123.863
5456, 24844, 127, 2, 0, 0.1, 675675, 123.863
5457, 24860, 117, 1, 1, 0.1, 675792, 123.862
5458, 16389, 127, 3, 0, 0.1, 675919, 123.863
5459, 24844, 77, 3, 0, 0.1, 675996, 123.854
5460, 29962, 117, 2, 0, 0.1, 676113, 123.853
5461, 30472, 127, 0, 0, 0.1, 676240, 123.853
5462, 29962, 127, 2, 0, 0.1, 676367, 123.854
5463, 30472, 127, 2, 0, 0.1, 676494, 123.855
5464, 29962, 127, 1, 0, 0.1, 676621, 123.855
5465, 29962, 117, 3, 0, 0.1, 676738, 123.854
5466, 29962, 117, 0, 0, 0.1, 676855, 123.853
5467, 30472, 127, 1, 0, 0.1, 676982, 123.853
5468, 29189, 137, 0, 0, 0.1, 677119, 123.856
5469, 29189, 117, 3, 0, 0.1, 677236, 123.854
5470, 30472, 127, 2, 0, 0.1, 677363, 123.855
5471, 29962, 127, 0, 0, 0.1, 677490, 123.856
5472, 30472, 127, 0, 0, 0.1, 677617, 123.856
5473, 29962, 127, 2, 0, 0.1, 677744, 123.857
5474, 30472, 127, 0, 0, 0.1, 677871, 123.857
5475, 29962, 127, 0, 0, 0.1, 677998, 123.858
5476, 30472, 127, 1, 0, 0.1, 678125, 123.858
5477, 29189, 127, 3, 0, 0.1, 678252, 123.859
5478, 30472, 127, 1, 0, 0.1, 678379, 123.86
5479, 29189, 127, 1, 0, 0.1, 678506, 123.86
5480, 29954, 137, 3, 0, 0.1, 678643, 123.863
5481, 28677, 127, 0, 0, 0.1, 678770, 123.863
5482, 28677, 117, 3, 0, 0.1, 678887, 123.862
5483, 29960, 127, 0, 0, 0.1, 679014, 123.862
5484, 29962, 137, 0, 0, 0.1, 679151, 123.865
5485, 32002, 137, 2, 0, 0.1, 679288, 123.867
5486, 29962, 127, 2, 1, 0.1, 679415, 123.868
5487, 25864, 127, 1, 0, 0.1, 679542, 123.868
5488, 28677, 127, 2, 1, 0.1, 679669, 123.869
5489, 28677, 117, 1, 0, 0.1, 679786, 123.868
5490, 29954, 127, 0, 0, 0.1, 679913, 123.868
5491, 29706, 137, 2, 0, 0.1, 680050, 123.871
5492, 29698, 127, 3, 0, 0.1, 680177, 123.871
5493, 28677, 127, 3, 0, 0.1, 680304, 123.872
5494, 25864, 127, 0, 0, 0.1, 680431, 123.872
5495, 29962, 127, 1, 0, 0.1, 680558, 123.873
5496, 29962, 117, 1, 0, 0.1, 680675, 123.872
5497, 29962, 117, 0, 0, 0.1, 680792, 123.87
5498, 32002, 127, 0, 0, 0.1, 680919, 123.871
5499, 29962, 127, 2, 0, 0.1, 681046, 123.872
5500, 32002, 127, 2, 0, 0.1, 681173, 123.872
5501, 29962, 127, 0, 0, 0.1, 681300, 123.873
5502, 32002, 127, 3, 1, 0.1, 681427, 123.873
5503, 30725, 137, 3, 0, 0.1, 681564, 123.876
5504, 31745, 127, 1, 0, 0.1, 681691, 123.876
5505, 30725, 127, 0, 0, 0.1, 681818, 123.877
5506, 30725, 117, 1, 0, 0.1, 681935, 123.876
5507, 32002, 127, 3, 0, 0.1, 682062, 123.876
5508, 30725, 127, 1, 0, 0.1, 682189, 123.877
5509, 32002, 127, 2, 0, 0.1, 682316, 123.877
5510, 25866, 127, 0, 0, 0.1, 682443, 123.878
5511, 32002, 127, 3, 0, 0.1, 682570, 123.878
5512, 30725, 127, 0, 0, 0.1, 682697, 123.879
5513, 30725, 117, 3, 0, 0.1, 682814, 123.878
5514, 31809, 127, 3, 0, 0.1, 682941, 123.878
5515, 30725, 127, 1, 0, 0.1, 683068, 123.879
5516, 31745, 127, 3, 0, 0.1, 683195, 123.879
5517, 30725, 127, 3, 0, 0.1, 683322, 123.88
5518, 30725, 127, 1, 0, 0.1, 683449, 123.881
5519, 30725, 127, 3, 0, 0.1, 683576, 123.881
5520, 30725, 127, 3, 0, 0.1, 683703, 123.882
5521, 30725, 127, 1, 0, 0.1, 683830, 123.882
5522, 30725, 127, 1, 0, 0.1, 683957, 123.883
5523, 30725, 127, 3, 0, 0.1, 684084, 123.883
5524, 30725, 127, 3, 0, 0.1, 684211, 123.884
5525, 30725, 127, 3, 0, 0.1, 684338, 123.885
5526, 29705, 137, 3, 1, 0.1, 684475, 123.887
5527, 29705, 117, 0, 0, 0.1, 684592, 123.886
5528, 29769, 117, 0, 0, 0.1, 684709, 123.884
5529, 29769, 117, 1, 0, 0.1, 684826, 123.883
5530, 24709, 127, 0, 0, 0.1, 684953, 123.884
5531, 24581, 67, 2, 0, 0.1, 685020, 123.873
5532, 29960, 127, 1, 0, 0.1, 685147, 123.874
5533, 28677, 127, 3, 0, 0.1, 685274, 123.875
5534, 29960, 127, 0, 0, 0.1, 685401, 123.875
5535, 29962, 127, 0, 0, 0.1, 685528, 123.876
5536, 30472, 137, 3, 0, 0.1, 685665, 123.878
5537, 30472, 117, 1, 0, 0.1, 685782, 123.877
5538, 29189, 137, 1, 0, 0.1, 685919, 123.879
5539, 29954, 137, 2, 0, 0.1, 686056, 123.882
5540, 29962, 137, 0, 1, 0.1, 686193, 123.884
5541, 29954, 127, 0, 0, 0.1, 686320, 123.884
5542, 29962, 137, 2, 1, 0.1, 686457, 123.887
5543, 25858, 127, 0, 0, 0.1, 686584, 123.887
5544, 29962, 127, 2, 0, 0.1, 686711, 123.888
5545, 25858, 127, 0, 0, 0.1, 686838, 123.889
5546, 29962, 127, 0, 0, 0.1, 686965, 123.889
5547, 30472, 127, 1, 0, 0.1, 687092, 123.89
5548, 29189, 127, 1, 0, 0.1, 687219, 123.89
5549, 29699, 137, 1, 0, 0.1, 687356, 123.893
5550, 29699, 117, 0, 0, 0.1, 687473, 123.891
5551, 29699, 117, 2, 0, 0.1, 687590, 123.89
5552, 28682, 137, 2, 0, 0.1, 687727, 123.892
5553, 29196, 127, 3, 0, 0.1, 687854, 123.893
5554, 29196, 117, 2, 0, 0.1, 687971, 123.892
5555, 29196, 117, 1, 0, 0.1, 688088, 123.891
5556, 29189, 137, 1, 0, 0.1, 688225, 123.893
5557, 29954, 137, 2, 1, 0.1, 688362, 123.895
5558, 29962, 137, 2, 0, 0.1, 688499, 123.898
5559, 32002, 127, 3, 0, 0.1, 688626, 123.898
5560, 16389, 137, 3, 0, 0.1, 688763, 123.901
5561, 16393, 127, 1, 0, 0.1, 688890, 123.901
5562, 16389, 127, 0, 0, 0.1, 689017, 123.902
5563, 16389, 117, 3, 0, 0.1, 689134, 123.9
5564, 16393, 127, 2, 1, 0.1, 689261, 123.901
5565, 24586, 127, 1, 0, 0.1, 689388, 123.902
5566, 24586, 117, 2, 0, 0.1, 689505, 123.9
5567, 30726, 127, 0, 0, 0.1, 689632, 123.901
5568, 24586, 127, 0, 0, 0.1, 689759, 123.901
5569, 16393, 127, 2, 1, 0.1, 689886, 123.902
5570, 24586, 127, 2, 0, 0.1, 690013, 123.902
5571, 30726, 127, 2, 0, 0.1, 690140, 123.903
5572, 30726, 117, 2, 0, 0.1, 690257, 123.902
5573, 30726, 117, 1, 0, 0.1, 690374, 123.901
5574, 30726, 117, 1, 0, 0.1, 690491, 123.899
5575, 30726, 117, 3, 0, 0.1, 690608, 123.898
5576, 30725, 127, 1, 0, 0.1, 690735, 123.899
5577, 30726, 127, 0, 0, 0.1, 690862, 123.899
5578, 24586, 127, 3, 1, 0.1, 690989, 123.9
5579, 24586, 117, 3, 0, 0.1, 691106, 123.899
5580, 24586, 117, 3, 0, 0.1, 691223, 123.897
5581, 24586, 117, 1, 0, 0.1, 691340, 123.896
5582, 24586, 117, 1, 0, 0.1, 691457, 123.895
5583, 24586, 117, 1, 0, 0.1, 691574, 123.894
5584, 24586, 117, 2, 0, 0.1, 691691, 123.892
5585, 30726, 127, 0, 0, 0.1, 691818, 123.893
5586, 24586, 127, 1, 0, 0.1, 691945, 123.893
5587, 24586, 117, 2, 0, 0.1, 692062, 123.892
5588, 30726, 127, 0, 0, 0.1, 692189, 123.893
5589, 24586, 127, 2, 0, 0.1, 692316, 123.893
5590, 30726, 127, 0, 0, 0.1, 692443, 123.894
5591, 24586, 127, 3, 0, 0.1, 692570, 123.894
5592, 24586, 117, 0, 1, 0.1, 692687, 123.893
5593, 16393, 127, 1, 0, 0.1, 692814, 123.894
5594, 16389, 127, 1, 0, 0.1, 692941, 123.894
5595, 25858, 127, 0, 0, 0.1, 693068, 123.895
5596, 25866, 127, 3, 0, 0.1, 693195, 123.895
5597, 25866, 117, 2, 0, 0.1, 693312, 123.894
5598, 25858, 127, 2, 0, 0.1, 693439, 123.895
5599, 29962, 127, 0, 0, 0.1, 693566, 123.895
5600, 25858, 127, 0, 0, 0.1, 693693, 123.896
5601, 25866, 127, 0, 0, 0.1, 693820, 123.896
5602, 29954, 127, 3, 0, 0.1, 693947, 123.897
5603, 24581, 127, 3, 0, 0.1, 694074, 123.898
5604, 16396, 127, 3, 1, 0.1, 694201, 123.898
5605, 16396, 117, 0, 0, 0.1, 694318, 123.897
5606, 16394, 127, 0, 0, 0.1, 694445, 123.897
5607, 24707, 127, 0, 0, 0.1, 694572, 123.898
5608, 24707, 117, 3, 0, 0.1, 694689, 123.897
5609, 28709, 77, 3, 0, 0.1, 694766, 123.888
5610, 29962, 117, 3, 0, 0.1, 694883, 123.887
5611, 29962, 117, 2, 0, 0.1, 695000, 123.886
5612, 30472, 137, 2, 0, 0.1, 695137, 123.888
5613, 29962, 137, 2, 0, 0.1, 695274, 123.891
5614, 32002, 137, 2, 0, 0.1, 695411, 123.893
5615, 29962, 137, 1, 0, 0.1, 695548, 123.895
5616, 29962, 117, 0, 0, 0.1, 695665, 123.894
5617, 27906, 127, 0, 0, 0.1, 695792, 123.895
5618, 25866, 127, 1, 0, 0.1, 695919, 123.895
5619, 25866, 117, 1, 0, 0.1, 696036, 123.894
5620, 25866, 117, 1, 0, 0.1, 696153, 123.893
5621, 25866, 117, 2, 0, 0.1, 696270, 123.891
5622, 27906, 127, 1, 0, 0.1, 696397, 123.892
5623, 27906, 117, 1, 0, 0.1, 696514, 123.891
5624, 27906, 117, 3, 0, 0.1, 696631, 123.89
5625, 30725, 127, 3, 0, 0.1, 696758, 123.89
5626, 30980, 127, 0, 0, 0.1, 696885, 123.891
5627, 28938, 137, 0, 0, 0.1, 697022, 123.893
5628, 28938, 127, 1, 1, 0.1, 697149, 123.894
5629, 28938, 117, 0, 0, 0.1, 697266, 123.892
5630, 28938, 137, 0, 0, 0.1, 697403, 123.895
5631, 28938, 127, 1, 0, 0.1, 697530, 123.895
5632, 28938, 117, 3, 0, 0.1, 697647, 123.894
5633, 28938, 117, 0, 0, 0.1, 697764, 123.893
5634, 28938, 137, 2, 0, 0.1, 697901, 123.895
5635, 28938, 127, 0, 0, 0.1, 698028, 123.896
5636, 28938, 127, 3, 0, 0.1, 698155, 123.896
5637, 28938, 117, 0, 0, 0.1, 698272, 123.895
5638, 30721, 137, 2, 0, 0.1, 698409, 123.897
5639, 28682, 127, 3, 1, 0.1, 698536, 123.898
5640, 28682, 117, 1, 0, 0.1, 698653, 123.897
5641, 28682, 117, 2, 0, 0.1, 698770, 123.895
5642, 24586, 127, 1, 0, 0.1, 698897, 123.896
5643, 24586, 117, 0, 0, 0.1, 699014, 123.895
5644, 28698, 127, 1, 0, 0.1, 699141, 123.895
5645, 28682, 67, 3, 0, 0.1, 699208, 123.885
5646, 29962, 117, 2, 0, 0.1, 699325, 123.884
5647, 30472, 127, 0, 0, 0.1, 699452, 123.885
5648, 29962, 127, 2, 0, 0.1, 699579, 123.885
5649, 30472, 127, 0, 1, 0.1, 699706, 123.886
5650, 29962, 127, 0, 0, 0.1, 699833, 123.886
5651, 30472, 127, 1, 0, 0.1, 699960, 123.887
5652, 29189, 127, 1, 0, 0.1, 700087, 123.887
5653, 29954, 137, 2, 0, 0.1, 700224, 123.89
5654, 29962, 127, 2, 0, 0.1, 700351, 123.89
5655, 32002, 137, 2, 0, 0.1, 700488, 123.892
5656, 29962, 127, 2, 0, 0.1, 700615, 123.893
5657, 30472, 137, 1, 0, 0.1, 700752, 123.895
5658, 29189, 137, 2, 0, 0.1, 700889, 123.898
5659, 29189, 117, 1, 0, 0.1, 701006, 123.896
5660, 28934, 137, 1, 0, 0.1, 701143, 123.899
5661, 28934, 117, 1, 0, 0.1, 701260, 123.898
5662, 28934, 117, 1, 0, 0.1, 701377, 123.896
5663, 28934, 117, 0, 0, 0.1, 701494, 123.895
5664, 28682, 137, 3, 0, 0.1, 701631, 123.897
5665, 28682, 117, 3, 0, 0.1, 701748, 123.896
5666, 28682, 117, 2, 0, 0.1, 701865, 123.895
5667, 24582, 127, 1, 1, 0.1, 701992, 123.896
5668, 24582, 117, 3, 0, 0.1, 702109, 123.894
5669, 24581, 127, 2, 0, 0.1, 702236, 123.895
5670, 24581, 117, 1, 0, 0.1, 702353, 123.894
5671, 24582, 127, 0, 0, 0.1, 702480, 123.894
5672, 28682, 127, 2, 0, 0.1, 702607, 123.895
5673, 24582, 127, 3, 0, 0.1, 702734, 123.895
5674, 24581, 127, 3, 0, 0.1, 702861, 123.896
5675, 29960, 127, 0, 0, 0.1, 702988, 123.896
5676, 29962, 127, 2, 0, 0.1, 703115, 123.897
5677, 29960, 127, 0, 0, 0.1, 703242, 123.897
5678, 29962, 127, 2, 1, 0.1, 703369, 123.898
5679, 29960, 127, 2, 0, 0.1, 703496, 123.899
5680, 29962, 127, 2, 0, 0.1, 703623, 123.899
5681, 31492, 137, 2, 1, 0.1, 703760, 123.901
5682, 31492, 117, 0, 0, 0.1, 703877, 123.9
5683, 28938, 127, 2, 0, 0.1, 704004, 123.901
5684, 31492, 127, 0, 0, 0.1, 704131, 123.901
5685, 28938, 127, 0, 0, 0.1, 704258, 123.902
5686, 24840, 127, 2, 0, 0.1, 704385, 123.902
5687, 28938, 127, 2, 0, 0.1, 704512, 123.903
5688, 31492, 127, 1, 0, 0.1, 704639, 123.903
5689, 31237, 127, 0, 0, 0.1, 704766, 123.904
5690, 31237, 117, 3, 0, 0.1, 704883, 123.903
5691, 31492, 127, 0, 0, 0.1, 705010, 123.903
5692, 28938, 127, 2, 0, 0.1, 705137, 123.904
5693, 31492, 127, 0, 0, 0.1, 705264, 123.904
5694, 28938, 127, 2, 0, 0.1, 705391, 123.905
5695, 31492, 127, 0, 0, 0.1, 705518, 123.906
5696, 28938, 127, 2, 0, 0.1, 705645, 123.906
5697, 31492, 127, 0, 0, 0.1, 705772, 123.907
5698, 28938, 127, 3, 0, 0.1, 705899, 123.907
5699, 28938, 117, 3, 0, 0.1, 706016, 123.906
5700, 28938, 117, 0, 0, 0.1, 706133, 123.905
5701, 24840, 127, 1, 0, 0.1, 706260, 123.905
5702, 16389, 127, 0, 0, 0.1, 706387, 123.906
5703, 16389, 117, 0, 0, 0.1, 706504, 123.905
5704, 16389, 117, 3, 0, 0.1, 706621, 123.903
5705, 24840, 127, 1, 1, 0.1, 706748, 123.904
5706, 16389, 127, 2, 0, 0.1, 706875, 123.904
5707, 16389, 117, 1, 1, 0.1, 706992, 123.903
5708, 24582, 127, 0, 0, 0.1, 707119, 123.904
5709, 28682, 127, 2, 1, 0.1, 707246, 123.904
5710, 24582, 127, 3, 0, 0.1, 707373, 123.905
5711, 16389, 127, 3, 0, 0.1, 707500, 123.905
5712, 24840, 127, 2, 0, 0.1, 707627, 123.906
5713, 28938, 127, 0, 0, 0.1, 707754, 123.907
5714, 24840, 127, 0, 0, 0.1, 707881, 123.907
5715, 28938, 127, 0, 0, 0.1, 708008, 123.908
5716, 30978, 127, 0, 0, 0.1, 708135, 123.908
5717, 28938, 127, 0, 0, 0.1, 708262, 123.909
5718, 28930, 127, 2, 0, 0.1, 708389, 123.909
5719, 28938, 127, 0, 0, 0.1, 708516, 123.91
5720, 28930, 127, 2, 0, 0.1, 708643, 123.91
5721, 28938, 127, 0, 0, 0.1, 708770, 123.911
5722, 28930, 127, 3, 0, 0.1, 708897, 123.911
5723, 28677, 127, 2, 1, 0.1, 709024, 123.912
5724, 28677, 117, 3, 0, 0.1, 709141, 123.911
5725, 29960, 127, 2, 0, 0.1, 709268, 123.911
5726, 29962, 127, 2, 0, 0.1, 709395, 123.912
5727, 30472, 127, 1, 0, 0.1, 709522, 123.912
5728, 24581, 137, 2, 0, 0.1, 709659, 123.915
5729, 24581, 117, 0, 0, 0.1, 709776, 123.913
5730, 24581, 117, 3, 0, 0.1, 709893, 123.912
5731, 29960, 127, 2, 0, 0.1, 710020, 123.913
5732, 29962, 127, 2, 0, 0.1, 710147, 123.913
5733, 32002, 137, 3, 0, 0.1, 710284, 123.916
5734, 30853, 137, 1, 0, 0.1, 710421, 123.918
5735, 32130, 127, 3, 0, 0.1, 710548, 123.918
5736, 30757, 77, 2, 0, 0.1, 710625, 123.91
5737, 29960, 137, 1, 0, 0.1, 710762, 123.912
5738, 28677, 127, 1, 0, 0.1, 710889, 123.913
5739, 29954, 127, 0, 1, 0.1, 711016, 123.914
5740, 29962, 137, 0, 0, 0.1, 711153, 123.916
5741, 32002, 127, 2, 0, 0.1, 711280, 123.916
5742, 29962, 127, 2, 0, 0.1, 711407, 123.917
5743, 25858, 127, 0, 0, 0.1, 711534, 123.917
5744, 29962, 127, 2, 0, 0.1, 711661, 123.918
5745, 25858, 127, 2, 0, 0.1, 711788, 123.919
5746, 29962, 127, 2, 0, 0.1, 711915, 123.919
5747, 30472, 127, 2, 0, 0.1, 712042, 123.92
5748, 29962, 127, 3, 0, 0.1, 712169, 123.92
5749, 29962, 117, 3, 0, 0.1, 712286, 123.919
5750, 29962, 117, 2, 0, 0.1, 712403, 123.918
5751, 31492, 137, 3, 0, 0.1, 712540, 123.92
5752, 31237, 137, 0, 0, 0.1, 712677, 123.922
5753, 31237, 117, 3, 0, 0.1, 712794, 123.921
5754, 32512, 127, 1, 0, 0.1, 712921, 123.922
5755, 31237, 127, 1, 0, 0.1, 713048, 123.922
5756, 31492, 127, 0, 0, 0.1, 713175, 123.923
5757, 28938, 127, 0, 0, 0.1, 713302, 123.923
5758, 29448, 127, 2, 0, 0.1, 713429, 123.924
5759, 28938, 127, 0, 0, 0.1, 713556, 123.924
5760, 29448, 127, 3, 0, 0.1, 713683, 123.925
5761, 29448, 117, 2, 0, 0.1, 713800, 123.924
5762, 28938, 127, 1, 0, 0.1, 713927, 123.924
5763, 28938, 117, 2, 0, 0.1, 714044, 123.923
5764, 31492, 127, 0, 0, 0.1, 714171, 123.923
5765, 28938, 127, 2, 0, 0.1, 714298, 123.924
5766, 31492, 127, 0, 0, 0.1, 714425, 123.925
5767, 28938, 127, 1, 0, 0.1, 714552, 123.925
5768, 28938, 117, 0, 0, 0.1, 714669, 123.924
5769, 29448, 127, 1, 0, 0.1, 714796, 123.924
5770, 29189, 137, 1, 0, 0.1, 714933, 123.927
5771, 28934, 137, 2, 0, 0.1, 715070, 123.929
5772, 28934, 117, 0, 0, 0.1, 715187, 123.928
5773, 28938, 137, 2, 0, 0.1, 715324, 123.93
5774, 28934, 127, 3, 0, 0.1, 715451, 123.931
5775, 24581, 127, 3, 0, 0.1, 715578, 123.931
5776, 24840, 127, 1, 0, 0.1, 715705, 123.932
5777, 24581, 127, 1, 0, 0.1, 715832, 123.932
5778, 28934, 127, 3, 0, 0.1, 715959, 123.933
5779, 24581, 127, 3, 0, 0.1, 716086, 123.933
5780, 24840, 127, 0, 0, 0.1, 716213, 123.934
5781, 16650, 127, 3, 0, 0.1, 716340, 123.934
5782, 16650, 117, 0, 0, 0.1, 716457, 123.933
5783, 24834, 127, 0, 0, 0.1, 716584, 123.934
5784, 28938, 127, 3, 0, 0.1, 716711, 123.934
5785, 28938, 117, 2, 0, 0.1, 716828, 123.933
5786, 24834, 127, 2, 0, 0.1, 716955, 123.933
5787, 16650, 127, 0, 0, 0.1, 717082, 123.934
5788, 24834, 127, 0, 0, 0.1, 717209, 123.935
5789, 28938, 127, 3, 0, 0.1, 717336, 123.935
5790, 28938, 117, 1, 0, 0.1, 717453, 123.934
5791, 28938, 117, 1, 0, 0.1, 717570, 123.933
5792, 28938, 117, 0, 0, 0.1, 717687, 123.931
5793, 30978, 127, 2, 0, 0.1, 717814, 123.932
5794, 28938, 127, 2, 0, 0.1, 717941, 123.933
5795, 24834, 127, 2, 0, 0.1, 718068, 123.933
5796, 16650, 127, 3, 0, 0.1, 718195, 123.934
5797, 16650, 117, 2, 0, 0.1, 718312, 123.932
5798, 24840, 127, 0, 0, 0.1, 718439, 123.933
5799, 16650, 127, 0, 0, 0.1, 718566, 123.933
5800, 24834, 127, 0, 0, 0.1, 718693, 123.934
5801, 28938, 127, 0, 0, 0.1, 718820, 123.934
5802, 30978, 127, 0, 0, 0.1, 718947, 123.935
5803, 28938, 137, 0, 0, 0.1, 719084, 123.937
5804, 29448, 127, 3, 1, 0.1, 719211, 123.938
5805, 29448, 117, 2, 0, 0.1, 719328, 123.937
5806, 28938, 127, 0, 0, 0.1, 719455, 123.937
5807, 29448, 127, 1, 0, 0.1, 719582, 123.938
5808, 28677, 137, 3, 0, 0.1, 719719, 123.94
5809, 28936, 127, 0, 0, 0.1, 719846, 123.94
5810, 28682, 137, 3, 0, 0.1, 719983, 123.943
5811, 28682, 117, 0, 0, 0.1, 720100, 123.941
5812, 31361, 127, 3, 0, 0.1, 720227, 123.942
5813, 31237, 87, 3, 0, 0.1, 720314, 123.936
5814, 29962, 117, 0, 0, 0.1, 720431, 123.934
5815, 30472, 127, 1, 0, 0.1, 720558, 123.935
5816, 29189, 127, 3, 0, 0.1, 720685, 123.936
5817, 30472, 127, 1, 0, 0.1, 720812, 123.936
5818, 29189, 127, 3, 0, 0.1, 720939, 123.937
5819, 30472, 127, 1, 0, 0.1, 721066, 123.937
5820, 29189, 127, 1, 0, 0.1, 721193, 123.938
5821, 29954, 137, 3, 0, 0.1, 721330, 123.94
5822, 28677, 127, 3, 0, 0.1, 721457, 123.94
5823, 29960, 127, 1, 0, 0.1, 721584, 123.941
5824, 28677, 127, 3, 0, 0.1, 721711, 123.941
5825, 29960, 127, 0, 0, 0.1, 721838, 123.942
5826, 29962, 127, 2, 0, 0.1, 721965, 123.942
5827, 29960, 127, 2, 0, 0.1, 722092, 123.943
5828, 29962, 127, 2, 0, 0.1, 722219, 123.944
5829, 29960, 137, 1, 0, 0.1, 722356, 123.946
5830, 28677, 127, 1, 0, 0.1, 722483, 123.946
5831, 29954, 127, 0, 0, 0.1, 722610, 123.947
5832, 29962, 127, 2, 0, 0.1, 722737, 123.947
5833, 29954, 127, 3, 0, 0.1, 722864, 123.948
5834, 28677, 127, 3, 0, 0.1, 722991, 123.948
5835, 29960, 127, 1, 0, 0.1, 723118, 123.949
5836, 28677, 127, 1, 0, 0.1, 723245, 123.949
5837, 29954, 127, 0, 0, 0.1, 723372, 123.95
5838, 29962, 127, 3, 1, 0.1, 723499, 123.95
5839, 29962, 117, 2, 0, 0.1, 723616, 123.949
5840, 29954, 127, 0, 0, 0.1, 723743, 123.95
5841, 29962, 127, 3, 0, 0.1, 723870, 123.95
5842, 29962, 117, 3, 0, 0.1, 723987, 123.949
5843, 29962, 117, 1, 0, 0.1, 724104, 123.948
5844, 29962, 117, 0, 0, 0.1, 724221, 123.947
5845, 29954, 127, 2, 0, 0.1, 724348, 123.947
5846, 29962, 127, 0, 0, 0.1, 724475, 123.948
5847, 29954, 127, 3, 0, 0.1, 724602, 123.948
5848, 28677, 127, 1, 0, 0.1, 724729, 123.949
5849, 29954, 127, 3, 0, 0.1, 724856, 123.949
5850, 28677, 127, 0, 0, 0.1, 724983, 123.95
5851, 28677, 117, 1, 0, 0.1, 725100, 123.949
5852, 29954, 127, 3, 0, 0.1, 725227, 123.949
5853, 28677, 127, 3, 0, 0.1, 725354, 123.95
5854, 25864, 127, 3, 0, 0.1, 725481, 123.95
5855, 25864, 117, 0, 0, 0.1, 725598, 123.949
5856, 29962, 127, 2, 1, 0.1, 725725, 123.95
5857, 25864, 127, 0, 0, 0.1, 725852, 123.95
5858, 29962, 127, 0, 0, 0.1, 725979, 123.951
5859, 32002, 127, 0, 0, 0.1, 726106, 123.951
5860, 29962, 137, 0, 0, 0.1, 726243, 123.953
5861, 32000, 127, 3, 0, 0.1, 726370, 123.954
5862, 30725, 137, 1, 0, 0.1, 726507, 123.956
5863, 32000, 127, 3, 0, 0.1, 726634, 123.957
5864, 30853, 127, 0, 1, 0.1, 726761, 123.957
5865, 30853, 117, 3, 0, 0.1, 726878, 123.956
5866, 30853, 127, 3, 0, 0.1, 727005, 123.957
5867, 30853, 137, 3, 0, 0.1, 727142, 123.959
5868, 31108, 137, 3, 0, 0.1, 727279, 123.961
5869, 30853, 127, 3, 0, 0.1, 727406, 123.961
5870, 30725, 77, 3, 0, 0.1, 727483, 123.953
5871, 29962, 117, 3, 0, 0.1, 727600, 123.952
5872, 29962, 117, 0, 0, 0.1, 727717, 123.951
5873, 30472, 127, 1, 0, 0.1, 727844, 123.952
5874, 28677, 137, 1, 0, 0.1, 727981, 123.954
5875, 29954, 127, 3, 0, 0.1, 728108, 123.954
5876, 28677, 127, 1, 0, 0.1, 728235, 123.955
5877, 29954, 127, 3, 0, 0.1, 728362, 123.955
5878, 28677, 127, 1, 0, 0.1, 728489, 123.956
5879, 29954, 127, 1, 1, 0.1, 728616, 123.956
5880, 29954, 117, 2, 0, 0.1, 728733, 123.955
5881, 29962, 137, 3, 0, 0.1, 728870, 123.957
5882, 29962, 117, 1, 0, 0.1, 728987, 123.956
5883, 29962, 117, 0, 0, 0.1, 729104, 123.955
5884, 29954, 127, 2, 0, 0.1, 729231, 123.956
5885, 29962, 127, 3, 0, 0.1, 729358, 123.956
5886, 29962, 117, 2, 0, 0.1, 729475, 123.955
5887, 32002, 137, 2, 0, 0.1, 729612, 123.957
5888, 29962, 137, 2, 0, 0.1, 729749, 123.959
5889, 30472, 137, 1, 0, 0.1, 729886, 123.962
5890, 29189, 127, 3, 0, 0.1, 730013, 123.962
5891, 30472, 127, 2, 0, 0.1, 730140, 123.963
5892, 28938, 137, 0, 0, 0.1, 730277, 123.965
5893, 29448, 127, 2, 0, 0.1, 730404, 123.965
5894, 28938, 127, 2, 0, 0.1, 730531, 123.966
5895, 31492, 127, 1, 0, 0.1, 730658, 123.966
5896, 31237, 127, 3, 0, 0.1, 730785, 123.967
5897, 31492, 127, 1, 0, 0.1, 730912, 123.967
5898, 31237, 127, 1, 0, 0.1, 731039, 123.968
5899, 26627, 137, 3, 0, 0.1, 731176, 123.97
5900, 30725, 127, 3, 0, 0.1, 731303, 123.971
5901, 30980, 127, 0, 0, 0.1, 731430, 123.971
5902, 28938, 127, 0, 0, 0.1, 731557, 123.972
5903, 29448, 127, 1, 0, 0.1, 731684, 123.972
5904, 29189, 127, 1, 0, 0.1, 731811, 123.973
5905, 28934, 137, 3, 0, 0.1, 731948, 123.975
5906, 28677, 127, 3, 0, 0.1, 732075, 123.975
5907, 24840, 127, 1, 0, 0.1, 732202, 123.976
5908, 28677, 127, 1, 0, 0.1, 732329, 123.976
5909, 28934, 127, 2, 0, 0.1, 732456, 123.977
5910, 28934, 117, 1, 1, 0.1, 732573, 123.976
5911, 28934, 117, 1, 0, 0.1, 732690, 123.975
5912, 28934, 117, 3, 0, 0.1, 732807, 123.973
5913, 28677, 127, 1, 0, 0.1, 732934, 123.974
5914, 28934, 127, 3, 0, 0.1, 733061, 123.974
5915, 28677, 127, 3, 0, 0.1, 733188, 123.975
5916, 24840, 127, 0, 0, 0.1, 733315, 123.975
5917, 28938, 127, 0, 0, 0.1, 733442, 123.976
5918, 30978, 127, 0, 0, 0.1, 733569, 123.977
5919, 28938, 127, 2, 0, 0.1, 733696, 123.977
5920, 30978, 127, 3, 0, 0.1, 733823, 123.978
5921, 16389, 137, 3, 0, 0.1, 733960, 123.98
5922, 25864, 127, 0, 0, 0.1, 734087, 123.98
5923, 25866, 127, 0, 0, 0.1, 734214, 123.981
5924, 29960, 127, 0, 0, 0.1, 734341, 123.981
5925, 29962, 127, 0, 1, 0.1, 734468, 123.982
5926, 32002, 137, 2, 0, 0.1, 734605, 123.984
5927, 29962, 127, 3, 0, 0.1, 734732, 123.984
5928, 29962, 117, 0, 0, 0.1, 734849, 123.983
5929, 32002, 127, 0, 0, 0.1, 734976, 123.984
5930, 29962, 137, 1, 0, 0.1, 735113, 123.986
5931, 29962, 117, 0, 0, 0.1, 735230, 123.985
5932, 32640, 137, 2, 1, 0.1, 735367, 123.987
5933, 29962, 127, 2, 0, 0.1, 735494, 123.988
5934, 27906, 127, 1, 0, 0.1, 735621, 123.988
5935, 27906, 117, 0, 0, 0.1, 735738, 123.987
5936, 29962, 127, 2, 0, 0.1, 735865, 123.987
5937, 27906, 127, 0, 0, 0.1, 735992, 123.988
5938, 29962, 127, 0, 0, 0.1, 736119, 123.988
5939, 32512, 127, 3, 0, 0.1, 736246, 123.989
5940, 31237, 127, 1, 0, 0.1, 736373, 123.989
5941, 32512, 127, 3, 0, 0.1, 736500, 123.99
5942, 31237, 127, 2, 0, 0.1, 736627, 123.99
5943, 31237, 117, 3, 0, 0.1, 736744, 123.989
5944, 31237, 127, 1, 1, 0.1, 736871, 123.99
5945, 31237, 127, 2, 0, 0.1, 736998, 123.99
5946, 31237, 117, 2, 0, 0.1, 737115, 123.989
5947, 31237, 117, 3, 0, 0.1, 737232, 123.988
5948, 31365, 127, 3, 0, 0.1, 737359, 123.988
5949, 31365, 137, 1, 0, 0.1, 737496, 123.991
5950, 27269, 127, 1, 0, 0.1, 737623, 123.991
5951, 31237, 127, 3, 0, 0.1, 737750, 123.992
5952, 27269, 127, 1, 0, 0.1, 737877, 123.992
5953, 31365, 127, 1, 0, 0.1, 738004, 123.993
5954, 32640, 127, 0, 0, 0.1, 738131, 123.993
5955, 17418, 137, 0, 0, 0.1, 738268, 123.995
5956, 25610, 127, 2, 0, 0.1, 738395, 123.996
5957, 17418, 127, 0, 0, 0.1, 738522, 123.996
5958, 25610, 127, 1, 0, 0.1, 738649, 123.997
5959, 25610, 117, 0, 0, 0.1, 738766, 123.996
5960, 29705, 127, 0, 0, 0.1, 738893, 123.996
5961, 29705, 117, 2, 0, 0.1, 739010, 123.995
5962, 25610, 127, 2, 0, 0.1, 739137, 123.995
5963, 17418, 127, 2, 0, 0.1, 739264, 123.996
5964, 28160, 127, 0, 0, 0.1, 739391, 123.996
5965, 17418, 127, 2, 0, 0.1, 739518, 123.997
5966, 28288, 127, 3, 0, 0.1, 739645, 123.997
5967, 19077, 127, 3, 0, 0.1, 739772, 123.998
5968, 27269, 127, 0, 0, 0.1, 739899, 123.998
5969, 27269, 117, 0, 0, 0.1, 740016, 123.997
5970, 27141, 117, 3, 0, 0.1, 740133, 123.996
5971, 31237, 127, 0, 0, 0.1, 740260, 123.997
5972, 31237, 117, 3, 0, 0.1, 740377, 123.995
5973, 31492, 127, 3, 0, 0.1, 740504, 123.996
5974, 31365, 137, 3, 0, 0.1, 740641, 123.998
5975, 31365, 137, 3, 1, 0.1, 740778, 124
5976, 31365, 127, 3, 0, 0.1, 740905, 124.001
5977, 31620, 87, 3, 0, 0.1, 740992, 123.995
5978, 29962, 117, 3, 0, 0.1, 741109, 123.993
5979, 29962, 117, 2, 0, 0.1, 741226, 123.992
5980, 30472, 127, 0, 0, 0.1, 741353, 123.993
5981, 29962, 127, 0, 0, 0.1, 741480, 123.993
5982, 29960, 137, 2, 0, 0.1, 741617, 123.995
5983, 29962, 127, 2, 0, 0.1, 741744, 123.996
5984, 30472, 127, 0, 0, 0.1, 741871, 123.996
5985, 29962, 127, 3, 0, 0.1, 741998, 123.997
5986, 29962, 117, 0, 0, 0.1, 742115, 123.996
5987, 29960, 127, 2, 0, 0.1, 742242, 123.996
5988, 29962, 127, 2, 0, 0.1, 742369, 123.997
5989, 30472, 127, 1, 0, 0.1, 742496, 123.997
5990, 29189, 137, 1, 0, 0.1, 742633, 123.999
5991, 29954, 137, 0, 0, 0.1, 742770, 124.002
5992, 29962, 137, 2, 0, 0.1, 742907, 124.004
5993, 29954, 127, 0, 0, 0.1, 743034, 124.004
5994, 29962, 127, 2, 0, 0.1, 743161, 124.005
5995, 29954, 127, 2, 0, 0.1, 743288, 124.005
5996, 29962, 137, 2, 0, 0.1, 743425, 124.008
5997, 30472, 137, 2, 0, 0.1, 743562, 124.01
5998, 29962, 127, 2, 0, 0.1, 743689, 124.01
5999, 31492, 137, 0, 0, 0.1, 743826, 124.012
6000, 28938, 127, 0, 0, 0.1, 743953, 124.013
6001, 29448, 127, 0, 0, 0.1, 744080, 124.013
6002, 28938, 127, 0, 0, 0.1, 744207, 124.014
6003, 24834, 127, 2, 1, 0.1, 744334, 124.014
6004, 28938, 127, 0, 0, 0.1, 744461, 124.015
6005, 24834, 127, 0, 0, 0.1, 744588, 124.015
6006, 28938, 127, 2, 0, 0.1, 744715, 124.016
6007, 24834, 127, 0, 0, 0.1, 744842, 124.016
6008, 28938, 127, 0, 0, 0.1, 744969, 124.017
6009, 28930, 127, 0, 0, 0.1, 745096, 124.017
6010, 28938, 137, 1, 0, 0.1, 745233, 124.019
6011, 28938, 117, 2, 0, 0.1, 745350, 124.018
6012, 28930, 127, 2, 0, 0.1, 745477, 124.019
6013, 24842, 127, 2, 0, 0.1, 745604, 124.019
6014, 24834, 127, 1, 0, 0.1, 745731, 124.02
6015, 24834, 117, 2, 0, 0.1, 745848, 124.019
6016, 28938, 127, 2, 0, 0.1, 745975, 124.019
6017, 29448, 127, 1, 0, 0.1, 746102, 124.02
6018, 29189, 137, 3, 0, 0.1, 746239, 124.022
6019, 29448, 127, 3, 0, 0.1, 746366, 124.022
6020, 29448, 117, 3, 0, 0.1, 746483, 124.021
6021, 29448, 117, 2, 0, 0.1, 746600, 124.02
6022, 28938, 127, 1, 1, 0.1, 746727, 124.02
6023, 28938, 117, 3, 0, 0.1, 746844, 124.019
6024, 28938, 117, 2, 0, 0.1, 746961, 124.018
6025, 31620, 127, 1, 0, 0.1, 747088, 124.019
6026, 31365, 137, 2, 0, 0.1, 747225, 124.021
6027, 31365, 117, 1, 0, 0.1, 747342, 124.02
6028, 31875, 137, 2, 0, 0.1, 747479, 124.022
6029, 29706, 137, 2, 0, 0.1, 747616, 124.024
6030, 31762, 127, 3, 0, 0.1, 747743, 124.024
6031, 28677, 137, 1, 0, 0.1, 747880, 124.027
6032, 29698, 77, 2, 0, 0.1, 747957, 124.019
6033, 29960, 127, 1, 0, 0.1, 748084, 124.019
6034, 28677, 127, 3, 0, 0.1, 748211, 124.02
6035, 29960, 127, 2, 0, 0.1, 748338, 124.02
6036, 29962, 137, 2, 0, 0.1, 748475, 124.022
6037, 32002, 137, 3, 0, 0.1, 748612, 124.025
6038, 30725, 137, 1, 0, 0.1, 748749, 124.027
6039, 32002, 127, 0, 0, 0.1, 748876, 124.027
6040, 25866, 127, 1, 0, 0.1, 749003, 124.028
6041, 25866, 117, 2, 0, 0.1, 749120, 124.026
6042, 32002, 127, 0, 0, 0.1, 749247, 124.027
6043, 25866, 127, 0, 0, 0.1, 749374, 124.027
6044, 29960, 127, 0, 0, 0.1, 749501, 124.028
6045, 29962, 127, 0, 0, 0.1, 749628, 124.028
6046, 30472, 137, 0, 0, 0.1, 749765, 124.031
6047, 29962, 137, 0, 0, 0.1, 749902, 124.033
6048, 32130, 127, 0, 0, 0.1, 750029, 124.033
6049, 29962, 127, 1, 0, 0.1, 750156, 124.034
6050, 30026, 117, 0, 0, 0.1, 750273, 124.033
6051, 32576, 127, 0, 0, 0.1, 750400, 124.033
6052, 30026, 127, 3, 0, 0.1, 750527, 124.034
6053, 29962, 67, 3, 0, 0.1, 750594, 124.024
6054, 29962, 117, 2, 0, 0.1, 750711, 124.023
6055, 30472, 127, 0, 0, 0.1, 750838, 124.023
6056, 29962, 127, 2, 1, 0.1, 750965, 124.024
6057, 30472, 127, 2, 0, 0.1, 751092, 124.024
6058, 29962, 127, 0, 0, 0.1, 751219, 124.025
6059, 30472, 127, 0, 0, 0.1, 751346, 124.025
6060, 29962, 127, 0, 0, 0.1, 751473, 124.026
6061, 30472, 137, 1, 0, 0.1, 751610, 124.028
6062, 29189, 137, 1, 0, 0.1, 751747, 124.03
6063, 29954, 137, 3, 0, 0.1, 751884, 124.032
6064, 28677, 127, 1, 0, 0.1, 752011, 124.033
6065, 29954, 127, 3, 0, 0.1, 752138, 124.033
6066, 28677, 127, 3, 0, 0.1, 752265, 124.034
6067, 29960, 127, 2, 0, 0.1, 752392, 124.034
6068, 29962, 127, 2, 0, 0.1, 752519, 124.035
6069, 30472, 127, 1, 0, 0.1, 752646, 124.035
6070, 29189, 137, 2, 1, 0.1, 752783, 124.037
6071, 29189, 117, 3, 0, 0.1, 752900, 124.036
6072, 30472, 127, 2, 0, 0.1, 753027, 124.037
6073, 29962, 127, 0, 0, 0.1, 753154, 124.037
6074, 30472, 127, 1, 1, 0.1, 753281, 124.038
6075, 29189, 127, 3, 0, 0.1, 753408, 124.038
6076, 30472, 127, 1, 0, 0.1, 753535, 124.039
6077, 29189, 127, 1, 0, 0.1, 753662, 124.039
6078, 29954, 137, 2, 0, 0.1, 753799, 124.041
6079, 29962, 127, 0, 0, 0.1, 753926, 124.042
6080, 29954, 127, 0, 0, 0.1, 754053, 124.042
6081, 25866, 137, 1, 0, 0.1, 754190, 124.044
6082, 25866, 117, 0, 0, 0.1, 754307, 124.043
6083, 29954, 127, 3, 0, 0.1, 754434, 124.044
6084, 28677, 127, 3, 0, 0.1, 754561, 124.044
6085, 29960, 127, 2, 0, 0.1, 754688, 124.045
6086, 29962, 127, 0, 0, 0.1, 754815, 124.045
6087, 29960, 127, 0, 0, 0.1, 754942, 124.046
6088, 29962, 137, 2, 0, 0.1, 755079, 124.048
6089, 29960, 127, 1, 1, 0.1, 755206, 124.048
6090, 24581, 127, 3, 0, 0.1, 755333, 124.049
6091, 29960, 127, 0, 0, 0.1, 755460, 124.049
6092, 29962, 127, 2, 0, 0.1, 755587, 124.05
6093, 29960, 127, 2, 0, 0.1, 755714, 124.05
6094, 25866, 127, 0, 0, 0.1, 755841, 124.051
6095, 29960, 127, 0, 0, 0.1, 755968, 124.051
6096, 29962, 127, 0, 0, 0.1, 756095, 124.052
6097, 32002, 137, 2, 0, 0.1, 756232, 124.054
6098, 29962, 127, 1, 0, 0.1, 756359, 124.054
6099, 29962, 117, 2, 0, 0.1, 756476, 124.053
6100, 25880, 127, 2, 0, 0.1, 756603, 124.054
6101, 17690, 127, 2, 0, 0.1, 756730, 124.054
6102, 25880, 127, 2, 0, 0.1, 756857, 124.055
6103, 29978, 127, 0, 0, 0.1, 756984, 124.055
6104, 25864, 77, 0, 0, 0.1, 757061, 124.047
6105, 30472, 137, 1, 0, 0.1, 757198, 124.049
6106, 29189, 127, 3, 0, 0.1, 757325, 124.05
6107, 30472, 127, 1, 0, 0.1, 757452, 124.05
6108, 29189, 127, 2, 0, 0.1, 757579, 124.051
6109, 29189, 117, 3, 0, 0.1, 757696, 124.05
6110, 30472, 127, 2, 0, 0.1, 757823, 124.05
6111, 29962, 127, 0, 0, 0.1, 757950, 124.051
6112, 30472, 127, 2, 0, 0.1, 758077, 124.051
6113, 29962, 127, 2, 0, 0.1, 758204, 124.052
6114, 30472, 137, 2, 0, 0.1, 758341, 124.054
6115, 29962, 127, 3, 0, 0.1, 758468, 124.054
6116, 29962, 117, 3, 0, 0.1, 758585, 124.053
6117, 29962, 117, 3, 0, 0.1, 758702, 124.052
6118, 29962, 117, 0, 1, 0.1, 758819, 124.051
6119, 30472, 127, 0, 0, 0.1, 758946, 124.051
6120, 25866, 127, 3, 0, 0.1, 759073, 124.052
6121, 25866, 117, 1, 0, 0.1, 759190, 124.051
6122, 25866, 117, 2, 0, 0.1, 759307, 124.05
6123, 30472, 127, 0, 0, 0.1, 759434, 124.05
6124, 25866, 127, 2, 0, 0.1, 759561, 124.05
6125, 30472, 127, 1, 0, 0.1, 759688, 124.051
6126, 29189, 127, 1, 0, 0.1, 759815, 124.051
6127, 29954, 137, 2, 0, 0.1, 759952, 124.054
6128, 29962, 127, 0, 0, 0.1, 760079, 124.054
6129, 29954, 127, 2, 0, 0.1, 760206, 124.055
6130, 29962, 127, 2, 0, 0.1, 760333, 124.055
6131, 30472, 127, 1, 0, 0.1, 760460, 124.055
6132, 28677, 137, 1, 0, 0.1, 760597, 124.058
6133, 28934, 127, 0, 0, 0.1, 760724, 124.058
6134, 28682, 137, 0, 0, 0.1, 760861, 124.06
6135, 29193, 127, 1, 0, 0.1, 760988, 124.061
6136, 29189, 137, 3, 0, 0.1, 761125, 124.063
6137, 29193, 127, 0, 0, 0.1, 761252, 124.063
6138, 29193, 117, 0, 0, 0.1, 761369, 124.062
6139, 29193, 117, 1, 0, 0.1, 761486, 124.061
6140, 29189, 127, 3, 0, 0.1, 761613, 124.061
6141, 29193, 127, 3, 0, 0.1, 761740, 124.062
6142, 29193, 117, 1, 1, 0.1, 761857, 124.061
6143, 29189, 127, 1, 0, 0.1, 761984, 124.061
6144, 29954, 137, 3, 0, 0.1, 762121, 124.063
6145, 28677, 127, 3, 0, 0.1, 762248, 124.064
6146, 24585, 127, 2, 0, 0.1, 762375, 124.064
6147, 16394, 127, 2, 0, 0.1, 762502, 124.065
6148, 24582, 127, 3, 0, 0.1, 762629, 124.065
6149, 28677, 127, 1, 0, 0.1, 762756, 124.066
6150, 24710, 127, 1, 0, 0.1, 762883, 124.066
6151, 24710, 117, 0, 0, 0.1, 763000, 124.065
6152, 16458, 127, 1, 0, 0.1, 763127, 124.066
6153, 16394, 67, 1, 0, 0.1, 763194, 124.056
6154, 29962, 117, 0, 0, 0.1, 763311, 124.055
6155, 29960, 137, 2, 1, 0.1, 763448, 124.057
6156, 29962, 127, 0, 0, 0.1, 763575, 124.058
6157, 29960, 127, 0, 0, 0.1, 763702, 124.058
6158, 29962, 127, 3, 1, 0.1, 763829, 124.059
6159, 29962, 117, 0, 0, 0.1, 763946, 124.057
6160, 32002, 137, 2, 0, 0.1, 764083, 124.06
6161, 29962, 127, 0, 0, 0.1, 764210, 124.06
6162, 32002, 127, 2, 0, 0.1, 764337, 124.061
6163, 29962, 127, 0, 0, 0.1, 764464, 124.061
6164, 32002, 127, 0, 0, 0.1, 764591, 124.061
6165, 29962, 137, 1, 1, 0.1, 764728, 124.064
6166, 29962, 117, 0, 0, 0.1, 764845, 124.062
6167, 32512, 137, 1, 0, 0.1, 764982, 124.065
6168, 31237, 127, 3, 0, 0.1, 765109, 124.065
6169, 32512, 127, 0, 0, 0.1, 765236, 124.065
6170, 29706, 137, 0, 0, 0.1, 765373, 124.068
6171, 29706, 127, 2, 0, 0.1, 765500, 124.068
6172, 29706, 127, 2, 0, 0.1, 765627, 124.069
6173, 32256, 127, 2, 0, 0.1, 765754, 124.069
6174, 29706, 127, 3, 0, 0.1, 765881, 124.069
6175, 29706, 117, 2, 0, 0.1, 765998, 124.068
6176, 31746, 127, 3, 0, 0.1, 766125, 124.069
6177, 30725, 137, 1, 0, 0.1, 766262, 124.071
6178, 31746, 127, 0, 0, 0.1, 766389, 124.071
6179, 29706, 127, 0, 0, 0.1, 766516, 124.072
6180, 32256, 127, 0, 1, 0.1, 766643, 124.072
6181, 29706, 127, 2, 0, 0.1, 766770, 124.073
6182, 32256, 127, 1, 0, 0.1, 766897, 124.073
6183, 31237, 127, 1, 0, 0.1, 767024, 124.074
6184, 32257, 137, 2, 0, 0.1, 767161, 124.076
6185, 29706, 137, 1, 0, 0.1, 767298, 124.078
6186, 29706, 117, 2, 0, 0.1, 767415, 124.077
6187, 25608, 137, 3, 0, 0.1, 767552, 124.079
6188, 25608, 117, 2, 0, 0.1, 767669, 124.078
6189, 29706, 127, 2, 0, 0.1, 767796, 124.078
6190, 29698, 127, 2, 1, 0.1, 767923, 124.079
6191, 29706, 137, 0, 0, 0.1, 768060, 124.081
6192, 29698, 127, 1, 0, 0.1, 768187, 124.081
6193, 29698, 117, 0, 0, 0.1, 768304, 124.08
6194, 25610, 127, 3, 0, 0.1, 768431, 124.081
6195, 25610, 117, 3, 0, 0.1, 768548, 124.079
6196, 25610, 117, 2, 0, 0.1, 768665, 124.078
6197, 29698, 127, 2, 0, 0.1, 768792, 124.079
6198, 29706, 127, 2, 0, 0.1, 768919, 124.079
6199, 31746, 137, 0, 0, 0.1, 769056, 124.081
6200, 29706, 127, 2, 0, 0.1, 769183, 124.082
6201, 31746, 127, 3, 0, 0.1, 769310, 124.082
6202, 30725, 137, 3, 0, 0.1, 769447, 124.084
6203, 29704, 137, 1, 0, 0.1, 769584, 124.086
6204, 28677, 127, 3, 0, 0.1, 769711, 124.087
6205, 29704, 127, 0, 0, 0.1, 769838, 124.087
6206, 29706, 127, 0, 0, 0.1, 769965, 124.088
6207, 25608, 127, 3, 0, 0.1, 770092, 124.088
6208, 25608, 117, 0, 1, 0.1, 770209, 124.087
6209, 25610, 127, 2, 0, 0.1, 770336, 124.088
6210, 25608, 127, 3, 0, 0.1, 770463, 124.088
6211, 25608, 117, 3, 0, 0.1, 770580, 124.087
6212, 25608, 117, 2, 0, 0.1, 770697, 124.086
6213, 29706, 127, 0, 0, 0.1, 770824, 124.086
6214, 25608, 127, 2, 0, 0.1, 770951, 124.087
6215, 29706, 127, 1, 1, 0.1, 771078, 124.087
6216, 29706, 117, 2, 0, 0.1, 771195, 124.086
6217, 29704, 127, 1, 1, 0.1, 771322, 124.087
6218, 28677, 127, 3, 0, 0.1, 771449, 124.087
6219, 29704, 127, 2, 0, 0.1, 771576, 124.087
6220, 29706, 137, 2, 0, 0.1, 771713, 124.09
6221, 31746, 127, 1, 0, 0.1, 771840, 124.09
6222, 31746, 117, 1, 0, 0.1, 771957, 124.089
6223, 31746, 117, 2, 0, 0.1, 772074, 124.088
6224, 25610, 137, 1, 0, 0.1, 772211, 124.09
6225, 25610, 117, 0, 0, 0.1, 772328, 124.089
6226, 27650, 127, 0, 0, 0.1, 772455, 124.089
6227, 17418, 127, 0, 0, 0.1, 772582, 124.09
6228, 25608, 127, 3, 1, 0.1, 772709, 124.09
6229, 25608, 117, 0, 0, 0.1, 772826, 124.089
6230, 17418, 127, 0, 0, 0.1, 772953, 124.089
6231, 17416, 127, 1, 0, 0.1, 773080, 124.09
6232, 16389, 127, 1, 0, 0.1, 773207, 124.09
6233, 25602, 127, 2, 0, 0.1, 773334, 124.091
6234, 29706, 127, 2, 0, 0.1, 773461, 124.091
6235, 29698, 127, 3, 0, 0.1, 773588, 124.092
6236, 28677, 127, 3, 0, 0.1, 773715, 124.092
6237, 25608, 127, 3, 0, 0.1, 773842, 124.093
6238, 25608, 117, 1, 0, 0.1, 773959, 124.092
6239, 28677, 127, 3, 0, 0.1, 774086, 124.092
6240, 25608, 127, 3, 0, 0.1, 774213, 124.092
6241, 25608, 117, 3, 0, 0.1, 774330, 124.091
6242, 25608, 117, 0, 0, 0.1, 774447, 124.09
6243, 17418, 127, 3, 0, 0.1, 774574, 124.091
6244, 17418, 117, 0, 0, 0.1, 774691, 124.09
6245, 17416, 127, 0, 0, 0.1, 774818, 124.09
6246, 25610, 127, 2, 0, 0.1, 774945, 124.09
6247, 17416, 127, 2, 1, 0.1, 775072, 124.091
6248, 17418, 127, 3, 0, 0.1, 775199, 124.091
6249, 17418, 117, 0, 0, 0.1, 775316, 124.09
6250, 17416, 127, 2, 0, 0.1, 775443, 124.091
6251, 17418, 127, 2, 0, 0.1, 775570, 124.091
6252, 25608, 127, 0, 0, 0.1, 775697, 124.092
6253, 17418, 127, 2, 1, 0.1, 775824, 124.092
6254, 25608, 127, 0, 0, 0.1, 775951, 124.093
6255, 17418, 127, 0, 0, 0.1, 776078, 124.093
6256, 17416, 127, 1, 0, 0.1, 776205, 124.094
6257, 16389, 127, 3, 0, 0.1, 776332, 124.094
6258, 17416, 127, 0, 0, 0.1, 776459, 124.094
6259, 25610, 127, 2, 0, 0.1, 776586, 124.095
6260, 17416, 127, 0, 0, 0.1, 776713, 124.095
6261, 25610, 127, 1, 0, 0.1, 776840, 124.096
6262, 25610, 117, 1, 0, 0.1, 776957, 124.095
6263, 25610, 117, 2, 1, 0.1, 777074, 124.094
6264, 17416, 127, 0, 0, 0.1, 777201, 124.094
6265, 25610, 127, 3, 0, 0.1, 777328, 124.095
6266, 25610, 117, 0, 0, 0.1, 777445, 124.093
6267, 31746, 127, 2, 0, 0.1, 777572, 124.094
6268, 25610, 127, 0, 0, 0.1, 777699, 124.094
6269, 31746, 127, 0, 0, 0.1, 777826, 124.095
6270, 29706, 127, 2, 0, 0.1, 777953, 124.095
6271, 31746, 127, 1, 0, 0.1, 778080, 124.096
6272, 31746, 117, 1, 0, 0.1, 778197, 124.095
6273, 31746, 117, 2, 0, 0.1, 778314, 124.093
6274, 25610, 127, 0, 0, 0.1, 778441, 124.094
6275, 31746, 127, 0, 0, 0.1, 778568, 124.094
6276, 29706, 127, 0, 0, 0.1, 778695, 124.095
6277, 32256, 127, 0, 0, 0.1, 778822, 124.095
6278, 29706, 127, 2, 0, 0.1, 778949, 124.096
6279, 32256, 127, 2, 0, 0.1, 779076, 124.096
6280, 29706, 127, 2, 0, 0.1, 779203, 124.097
6281, 31746, 127, 0, 0, 0.1, 779330, 124.097
6282, 29706, 127, 0, 0, 0.1, 779457, 124.098
6283, 32256, 127, 2, 0, 0.1, 779584, 124.098
6284, 29706, 127, 2, 0, 0.1, 779711, 124.099
6285, 31746, 127, 2, 0, 0.1, 779838, 124.099
6286, 25610, 127, 2, 0, 0.1, 779965, 124.099
6287, 17416, 127, 2, 0, 0.1, 780092, 124.1
6288, 17418, 127, 0, 0, 0.1, 780219, 124.1
6289, 17416, 127, 0, 0, 0.1, 780346, 124.101
6290, 25610, 127, 1, 0, 0.1, 780473, 124.101
6291, 25610, 117, 2, 0, 0.1, 780590, 124.1
6292, 17416, 127, 1, 0, 0.1, 780717, 124.101
6293, 16389, 127, 1, 0, 0.1, 780844, 124.101
6294, 25602, 127, 2, 0, 0.1, 780971, 124.102
6295, 29706, 127, 2, 0, 0.1, 781098, 124.102
6296, 29698, 127, 1, 0, 0.1, 781225, 124.102
6297, 29698, 117, 0, 0, 0.1, 781342, 124.101
6298, 29722, 127, 1, 0, 0.1, 781469, 124.102
6299, 29706, 67, 3, 0, 0.1, 781536, 124.093
6300, 29962, 117, 3, 0, 0.1, 781653, 124.092
6301, 29962, 117, 2, 1, 0.1, 781770, 124.09
6302, 30472, 127, 0, 0, 0.1, 781897, 124.091
6303, 29962, 127, 0, 0, 0.1, 782024, 124.091
6304, 25864, 127, 0, 0, 0.1, 782151, 124.092
6305, 29962, 127, 0, 0, 0.1, 782278, 124.092
6306, 32002, 127, 0, 0, 0.1, 782405, 124.093
6307, 29962, 137, 2, 1, 0.1, 782542, 124.095
6308, 32002, 127, 2, 0, 0.1, 782669, 124.095
6309, 29962, 127, 0, 0, 0.1, 782796, 124.096
6310, 32002, 127, 3, 0, 0.1, 782923, 124.096
6311, 30725, 137, 2, 1, 0.1, 783060, 124.098
6312, 30725, 117, 1, 0, 0.1, 783177, 124.097
6313, 32002, 127, 3, 0, 0.1, 783304, 124.098
6314, 30725, 127, 3, 0, 0.1, 783431, 124.098
6315, 31745, 127, 1, 0, 0.1, 783558, 124.099
6316, 30725, 127, 1, 0, 0.1, 783685, 124.099
6317, 32002, 127, 0, 0, 0.1, 783812, 124.099
6318, 29962, 127, 0, 0, 0.1, 783939, 124.1
6319, 32512, 137, 3, 0, 0.1, 784076, 124.102
6320, 31237, 127, 3, 0, 0.1, 784203, 124.102
6321, 31237, 137, 0, 0, 0.1, 784340, 124.104
6322, 31237, 117, 2, 0, 0.1, 784457, 124.103
6323, 31237, 117, 2, 0, 0.1, 784574, 124.102
6324, 31237, 117, 1, 0, 0.1, 784691, 124.101
6325, 31237, 127, 3, 0, 0.1, 784818, 124.102
6326, 31237, 127, 0, 1, 0.1, 784945, 124.102
6327, 31237, 117, 2, 0, 0.1, 785062, 124.101
6328, 31237, 117, 1, 0, 0.1, 785179, 124.1
6329, 31237, 127, 1, 0, 0.1, 785306, 124.1
6330, 32512, 127, 3, 0, 0.1, 785433, 124.101
6331, 31237, 127, 2, 1, 0.1, 785560, 124.101
6332, 31237, 117, 2, 0, 0.1, 785677, 124.1
6333, 31237, 117, 1, 0, 0.1, 785794, 124.099
6334, 32512, 127, 3, 0, 0.1, 785921, 124.099
6335, 31237, 127, 0, 0, 0.1, 786048, 124.1
6336, 31237, 117, 1, 0, 0.1, 786165, 124.099
6337, 32512, 127, 0, 0, 0.1, 786292, 124.099
6338, 29962, 137, 2, 0, 0.1, 786429, 124.101
6339, 32512, 127, 3, 0, 0.1, 786556, 124.102
6340, 31237, 127, 1, 0, 0.1, 786683, 124.102
6341, 32512, 127, 1, 0, 0.1, 786810, 124.103
6342, 31237, 137, 2, 0, 0.1, 786947, 124.105
6343, 31237, 117, 2, 0, 0.1, 787064, 124.103
6344, 31237, 117, 1, 0, 0.1, 787181, 124.102
6345, 32257, 137, 2, 0, 0.1, 787318, 124.104
6346, 29706, 137, 3, 0, 0.1, 787455, 124.106
6347, 29706, 117, 2, 0, 0.1, 787572, 124.105
6348, 30216, 137, 3, 0, 0.1, 787709, 124.107
6349, 30216, 117, 0, 0, 0.1, 787826, 124.106
6350, 29706, 127, 1, 0, 0.1, 787953, 124.107
6351, 29706, 117, 2, 0, 0.1, 788070, 124.106
6352, 30216, 127, 2, 0, 0.1, 788197, 124.106
6353, 29706, 137, 1, 0, 0.1, 788334, 124.108
6354, 29706, 117, 0, 0, 0.1, 788451, 124.107
6355, 30216, 127, 1, 0, 0.1, 788578, 124.107
6356, 28677, 137, 1, 0, 0.1, 788715, 124.109
6357, 29699, 127, 2, 0, 0.1, 788842, 124.11
6358, 24586, 137, 1, 0, 0.1, 788979, 124.112
6359, 24586, 117, 0, 0, 0.1, 789096, 124.111
6360, 16387, 127, 0, 0, 0.1, 789223, 124.111
6361, 16387, 117, 1, 0, 0.1, 789340, 124.11
6362, 16387, 117, 1, 0, 0.1, 789457, 124.109
6363, 16387, 117, 3, 0, 0.1, 789574, 124.108
6364, 5, 127, 0, 0, 0.1, 789701, 124.108
6365, 5, 117, 0, 0, 0.1, 789818, 124.107
6366, 5, 117, 2, 0, 0.1, 789935, 124.106
6367, 5, 117, 1, 0, 0.1, 790052, 124.105
6368, 16387, 127, 3, 0, 0.1, 790179, 124.105
6369, 5, 127, 0, 0, 0.1, 790306, 124.106
6370, 5, 117, 2, 0, 0.1, 790423, 124.105
6371, 5, 117, 3, 0, 0.1, 790540, 124.104
6372, 17416, 127, 0, 0, 0.1, 790667, 124.104
6373, 25610, 127, 0, 1, 0.1, 790794, 124.105
6374, 32257, 127, 2, 0, 0.1, 790921, 124.105
6375, 25610, 127, 0, 0, 0.1, 791048, 124.105
6376, 32257, 127, 1, 0, 0.1, 791175, 124.106
6377, 31237, 127, 1, 0, 0.1, 791302, 124.106
6378, 30982, 137, 3, 0, 0.1, 791439, 124.108
6379, 30725, 127, 2, 0, 0.1, 791566, 124.109
6380, 30725, 117, 1, 0, 0.1, 791683, 124.108
6381, 30982, 127, 2, 0, 0.1, 791810, 124.108
6382, 30982, 117, 1, 0, 0.1, 791927, 124.107
6383, 30982, 117, 2, 0, 0.1, 792044, 124.106
6384, 30982, 117, 2, 1, 0.1, 792161, 124.105
6385, 30982, 117, 3, 0, 0.1, 792278, 124.104
6386, 30725, 127, 1, 0, 0.1, 792405, 124.104
6387, 30982, 127, 3, 1, 0.1, 792532, 124.105
6388, 30725, 127, 3, 0, 0.1, 792659, 124.105
6389, 27649, 127, 3, 0, 0.1, 792786, 124.106
6390, 26629, 127, 2, 1, 0.1, 792913, 124.106
6391, 26629, 117, 0, 0, 0.1, 793030, 124.105
6392, 26629, 117, 3, 0, 0.1, 793147, 124.104
6393, 32000, 127, 3, 0, 0.1, 793274, 124.104
6394, 26629, 127, 1, 0, 0.1, 793401, 124.105
6395, 32064, 127, 2, 1, 0.1, 793528, 124.105
6396, 25930, 127, 2, 0, 0.1, 793655, 124.106
6397, 27970, 77, 2, 0, 0.1, 793732, 124.098
6398, 30472, 137, 2, 0, 0.1, 793869, 124.1
6399, 29962, 127, 2, 0, 0.1, 793996, 124.101
6400, 32002, 127, 0, 0, 0.1, 794123, 124.101
6401, 29962, 127, 0, 1, 0.1, 794250, 124.102
6402, 30472, 127, 1, 0, 0.1, 794377, 124.102
6403, 29189, 137, 3, 0, 0.1, 794514, 124.104
6404, 30472, 127, 1, 0, 0.1, 794641, 124.104
6405, 29189, 127, 3, 0, 0.1, 794768, 124.105
6406, 30472, 127, 0, 0, 0.1, 794895, 124.105
6407, 25866, 127, 0, 0, 0.1, 795022, 124.106
6408, 25864, 127, 1, 0, 0.1, 795149, 124.106
6409, 28677, 127, 0, 0, 0.1, 795276, 124.107
6410, 28677, 117, 1, 0, 0.1, 795393, 124.106
6411, 29954, 127, 2, 0, 0.1, 795520, 124.106
6412, 29962, 127, 0, 0, 0.1, 795647, 124.107
6413, 29954, 127, 0, 0, 0.1, 795774, 124.107
6414, 29962, 137, 2, 1, 0.1, 795911, 124.109
6415, 29954, 127, 2, 0, 0.1, 796038, 124.109
6416, 29962, 127, 0, 0, 0.1, 796165, 124.11
6417, 29954, 127, 3, 0, 0.1, 796292, 124.11
6418, 24581, 127, 2, 1, 0.1, 796419, 124.111
6419, 24581, 117, 1, 0, 0.1, 796536, 124.11
6420, 29954, 127, 2, 0, 0.1, 796663, 124.11
6421, 29962, 127, 3, 1, 0.1, 796790, 124.111
6422, 29962, 117, 2, 0, 0.1, 796907, 124.109
6423, 29954, 137, 0, 0, 0.1, 797044, 124.111
6424, 25866, 127, 2, 0, 0.1, 797171, 124.112
6425, 29954, 127, 2, 0, 0.1, 797298, 124.112
6426, 29962, 127, 2, 0, 0.1, 797425, 124.113
6427, 29448, 137, 3, 0, 0.1, 797562, 124.115
6428, 29448, 117, 3, 0, 0.1, 797679, 124.114
6429, 29448, 117, 1, 1, 0.1, 797796, 124.113
6430, 29189, 127, 3, 0, 0.1, 797923, 124.113
6431, 29448, 127, 1, 0, 0.1, 798050, 124.114
6432, 29189, 127, 0, 0, 0.1, 798177, 124.114
6433, 29189, 117, 3, 0, 0.1, 798294, 124.113
6434, 29448, 127, 1, 0, 0.1, 798421, 124.113
6435, 29189, 127, 3, 0, 0.1, 798548, 124.114
6436, 29448, 127, 0, 0, 0.1, 798675, 124.114
6437, 24842, 127, 0, 0, 0.1, 798802, 124.115
6438, 16642, 127, 0, 0, 0.1, 798929, 124.115
6439, 24842, 127, 0, 0, 0.1, 799056, 124.116
6440, 28930, 127, 0, 0, 0.1, 799183, 124.116
6441, 28938, 127, 2, 0, 0.1, 799310, 124.116
6442, 28930, 127, 1, 0, 0.1, 799437, 124.117
6443, 28930, 117, 2, 0, 0.1, 799554, 124.116
6444, 24842, 127, 0, 0, 0.1, 799681, 124.116
6445, 28930, 127, 0, 0, 0.1, 799808, 124.117
6446, 28938, 127, 0, 0, 0.1, 799935, 124.117
6447, 29192, 137, 2, 0, 0.1, 800072, 124.119
6448, 28682, 127, 2, 0, 0.1, 800199, 124.12
6449, 24578, 127, 0, 0, 0.1, 800326, 124.12
6450, 28682, 127, 1, 0, 0.1, 800453, 124.12
6451, 28682, 117, 3, 0, 0.1, 800570, 124.119
6452, 28682, 117, 2, 0, 0.1, 800687, 124.118
6453, 24578, 127, 0, 0, 0.1, 800814, 124.119
6454, 28682, 127, 3, 0, 0.1, 800941, 124.119
6455, 28682, 117, 3, 0, 0.1, 801058, 124.118
6456, 28682, 117, 1, 0, 0.1, 801175, 124.117
6457, 28682, 117, 2, 0, 0.1, 801292, 124.116
6458, 24578, 127, 0, 0, 0.1, 801419, 124.116
6459, 28682, 127, 2, 0, 0.1, 801546, 124.117
6460, 24578, 127, 0, 0, 0.1, 801673, 124.117
6461, 28682, 127, 2, 0, 0.1, 801800, 124.118
6462, 24578, 127, 2, 0, 0.1, 801927, 124.118
6463, 16394, 127, 0, 0, 0.1, 802054, 124.119
6464, 24578, 127, 3, 0, 0.1, 802181, 124.119
6465, 16389, 127, 0, 1, 0.1, 802308, 124.119
6466, 16389, 117, 1, 0, 0.1, 802425, 124.118
6467, 24578, 127, 2, 0, 0.1, 802552, 124.119
6468, 16394, 127, 0, 0, 0.1, 802679, 124.119
6469, 24578, 127, 0, 0, 0.1, 802806, 124.12
6470, 28682, 127, 2, 0, 0.1, 802933, 124.12
6471, 24578, 127, 0, 1, 0.1, 803060, 124.121
6472, 28682, 127, 3, 0, 0.1, 803187, 124.121
6473, 28682, 117, 2, 0, 0.1, 803304, 124.12
6474, 24578, 127, 0, 0, 0.1, 803431, 124.12
6475, 28682, 127, 2, 0, 0.1, 803558, 124.121
6476, 24578, 127, 3, 0, 0.1, 803685, 124.121
6477, 16389, 127, 2, 0, 0.1, 803812, 124.122
6478, 16389, 117, 0, 0, 0.1, 803929, 124.121
6479, 16389, 117, 0, 1, 0.1, 804046, 124.119
6480, 16389, 117, 3, 0, 0.1, 804163, 124.118
6481, 17672, 127, 2, 0, 0.1, 804290, 124.119
6482, 17674, 127, 3, 1, 0.1, 804417, 124.119
6483, 17674, 117, 0, 0, 0.1, 804534, 124.118
6484, 17672, 127, 0, 0, 0.1, 804661, 124.119
6485, 25866, 127, 2, 0, 0.1, 804788, 124.119
6486, 17672, 127, 2, 0, 0.1, 804915, 124.12
6487, 17674, 127, 2, 0, 0.1, 805042, 124.12
6488, 25864, 127, 1, 0, 0.1, 805169, 124.12
6489, 16389, 127, 3, 0, 0.1, 805296, 124.121
6490, 25864, 127, 2, 0, 0.1, 805423, 124.121
6491, 29962, 127, 3, 0, 0.1, 805550, 124.122
6492, 29962, 117, 0, 0, 0.1, 805667, 124.121
6493, 25864, 127, 1, 0, 0.1, 805794, 124.121
6494, 16389, 127, 2, 1, 0.1, 805921, 124.122
6495, 16389, 117, 3, 0, 0.1, 806038, 124.12
6496, 25864, 127, 1, 0, 0.1, 806165, 124.121
6497, 16389, 127, 3, 0, 0.1, 806292, 124.121
6498, 25864, 127, 0, 0, 0.1, 806419, 124.122
6499, 17674, 127, 0, 0, 0.1, 806546, 124.122
6500, 17672, 127, 0, 0, 0.1, 806673, 124.123
6501, 25866, 127, 2, 0, 0.1, 806800, 124.123
6502, 17672, 127, 2, 0, 0.1, 806927, 124.124
6503, 17674, 127, 1, 0, 0.1, 807054, 124.124
6504, 17674, 117, 0, 0, 0.1, 807171, 124.123
6505, 17672, 127, 1, 0, 0.1, 807298, 124.123
6506, 16389, 127, 0, 0, 0.1, 807425, 124.124
6507, 16389, 117, 0, 0, 0.1, 807542, 124.123
6508, 16389, 117, 2, 0, 0.1, 807659, 124.122
6509, 16389, 117, 3, 0, 0.1, 807776, 124.12
6510, 17672, 127, 1, 0, 0.1, 807903, 124.121
6511, 16389, 127, 1, 0, 0.1, 808030, 124.121
6512, 24578, 127, 1, 0, 0.1, 808157, 124.122
6513, 24578, 117, 1, 0, 0.1, 808274, 124.121
6514, 24578, 117, 0, 0, 0.1, 808391, 124.12
6515, 28682, 127, 2, 0, 0.1, 808518, 124.12
6516, 24578, 127, 0, 0, 0.1, 808645, 124.12
6517, 28682, 127, 3, 0, 0.1, 808772, 124.121
6518, 28682, 117, 2, 0, 0.1, 808889, 124.12
6519, 24578, 127, 2, 0, 0.1, 809016, 124.12
6520, 16394, 127, 2, 1, 0.1, 809143, 124.121
6521, 16386, 127, 1, 0, 0.1, 809270, 124.121
6522, 16386, 117, 1, 0, 0.1, 809387, 124.12
6523, 16386, 117, 0, 0, 0.1, 809504, 124.119
6524, 16394, 127, 0, 0, 0.1, 809631, 124.119
6525, 24578, 127, 0, 0, 0.1, 809758, 124.12
6526, 28682, 127, 1, 0, 0.1, 809885, 124.12
6527, 28682, 117, 2, 0, 0.1, 810002, 124.119
6528, 24578, 127, 0, 0, 0.1, 810129, 124.12
6529, 28682, 127, 0, 0, 0.1, 810256, 124.12
6530, 29192, 127, 1, 0, 0.1, 810383, 124.121
6531, 24581, 137, 0, 0, 0.1, 810520, 124.123
6532, 24581, 117, 3, 1, 0.1, 810637, 124.121
6533, 24584, 127, 0, 0, 0.1, 810764, 124.122
6534, 28682, 127, 2, 0, 0.1, 810891, 124.122
6535, 24584, 127, 2, 0, 0.1, 811018, 124.123
6536, 16394, 127, 1, 1, 0.1, 811145, 124.123
6537, 16410, 117, 3, 0, 0.1, 811262, 124.122
6538, 16410, 117, 2, 0, 0.1, 811379, 124.121
6539, 18, 127, 1, 0, 0.1, 811506, 124.121
6540, 18, 117, 3, 1, 0.1, 811623, 124.12
6541, 37, 127, 0, 0, 0.1, 811750, 124.121
6542, 5, 67, 3, 0, 0.1, 811817, 124.112
6543, 29962, 117, 0, 1, 0.1, 811934, 124.111
6544, 30472, 137, 1, 0, 0.1, 812071, 124.113
6545, 29189, 137, 2, 0, 0.1, 812208, 124.115
6546, 29189, 117, 1, 0, 0.1, 812325, 124.114
6547, 29954, 137, 3, 0, 0.1, 812462, 124.116
6548, 28677, 127, 3, 0, 0.1, 812589, 124.116
6549, 29960, 127, 0, 1, 0.1, 812716, 124.117
6550, 29962, 127, 0, 0, 0.1, 812843, 124.117
6551, 32002, 137, 2, 0, 0.1, 812980, 124.119
6552, 29962, 127, 2, 0, 0.1, 813107, 124.12
6553, 25864, 127, 0, 0, 0.1, 813234, 124.12
6554, 29962, 127, 0, 0, 0.1, 813361, 124.12
6555, 32002, 127, 3, 0, 0.1, 813488, 124.121
6556, 30725, 137, 1, 0, 0.1, 813625, 124.123
6557, 32002, 127, 3, 1, 0.1, 813752, 124.123
6558, 30725, 127, 1, 0, 0.1, 813879, 124.124
6559, 32002, 127, 3, 1, 0.1, 814006, 124.124
6560, 30725, 127, 3, 0, 0.1, 814133, 124.125
6561, 31745, 137, 0, 0, 0.1, 814270, 124.127
6562, 31745, 117, 2, 0, 0.1, 814387, 124.125
6563, 29706, 127, 1, 0, 0.1, 814514, 124.126
6564, 29706, 117, 2, 0, 0.1, 814631, 124.125
6565, 29706, 137, 0, 0, 0.1, 814768, 124.127
6566, 29706, 127, 2, 0, 0.1, 814895, 124.127
6567, 29706, 127, 3, 0, 0.1, 815022, 124.128
6568, 29706, 117, 0, 0, 0.1, 815139, 124.127
6569, 29706, 127, 2, 0, 0.1, 815266, 124.127
6570, 29706, 127, 0, 0, 0.1, 815393, 124.127
6571, 29706, 127, 0, 0, 0.1, 815520, 124.128
6572, 31745, 127, 3, 0, 0.1, 815647, 124.128
6573, 16389, 137, 1, 0, 0.1, 815784, 124.13
6574, 25601, 127, 2, 0, 0.1, 815911, 124.131
6575, 29706, 127, 2, 0, 0.1, 816038, 124.131
6576, 29770, 127, 2, 0, 0.1, 816165, 124.132
6577, 29770, 137, 0, 0, 0.1, 816302, 124.134
6578, 29770, 127, 1, 1, 0.1, 816429, 124.134
6579, 29770, 117, 0, 1, 0.1, 816546, 124.133
6580, 25674, 127, 0, 0, 0.1, 816673, 124.133
6581, 25665, 127, 0, 0, 0.1, 816800, 124.134
6582, 25601, 67, 3, 0, 0.1, 816867, 124.125
6583, 29962, 117, 3, 0, 0.1, 816984, 124.124
6584, 29962, 117, 2, 0, 0.1, 817101, 124.123
6585, 30472, 137, 2, 0, 0.1, 817238, 124.125
6586, 29962, 127, 2, 0, 0.1, 817365, 124.125
6587, 30978, 137, 3, 0, 0.1, 817502, 124.127
6588, 30725, 127, 1, 0, 0.1, 817629, 124.128
6589, 30978, 127, 1, 0, 0.1, 817756, 124.128
6590, 30978, 117, 1, 0, 0.1, 817873, 124.127
6591, 30978, 117, 3, 0, 0.1, 817990, 124.126
6592, 30725, 127, 3, 0, 0.1, 818117, 124.126
6593, 30980, 137, 3, 0, 0.1, 818254, 124.128
6594, 30725, 127, 3, 0, 0.1, 818381, 124.129
6595, 30725, 127, 1, 0, 0.1, 818508, 124.129
6596, 30725, 127, 3, 0, 0.1, 818635, 124.13
6597, 30725, 127, 3, 0, 0.1, 818762, 124.13
6598, 30725, 137, 3, 0, 0.1, 818899, 124.132
6599, 28940, 137, 1, 0, 0.1, 819036, 124.134
6600, 24581, 127, 1, 0, 0.1, 819163, 124.134
6601, 24581, 127, 3, 0, 0.1, 819290, 124.135
6602, 24581, 127, 1, 0, 0.1, 819417, 124.135
6603, 24581, 127, 0, 1, 0.1, 819544, 124.136
6604, 24581, 117, 3, 1, 0.1, 819661, 124.135
6605, 24581, 127, 0, 1, 0.1, 819788, 124.135
6606, 24581, 117, 0, 0, 0.1, 819905, 124.134
6607, 24581, 117, 1, 0, 0.1, 820022, 124.133
6608, 24581, 127, 1, 0, 0.1, 820149, 124.133
6609, 28677, 127, 3, 0, 0.1, 820276, 124.134
6610, 24581, 127, 1, 0, 0.1, 820403, 124.134
6611, 28677, 127, 3, 0, 0.1, 820530, 124.135
6612, 24581, 127, 3, 0, 0.1, 820657, 124.135
6613, 24581, 127, 1, 0, 0.1, 820784, 124.136
6614, 24581, 127, 0, 0, 0.1, 820911, 124.136
6615, 24581, 117, 3, 0, 0.1, 821028, 124.135
6616, 24581, 127, 3, 0, 0.1, 821155, 124.135
6617, 28940, 127, 3, 1, 0.1, 821282, 124.136
6618, 28956, 117, 2, 0, 0.1, 821399, 124.135
6619, 28956, 117, 2, 0, 0.1, 821516, 124.134
6620, 28956, 67, 3, 0, 0.1, 821583, 124.125
6621, 29962, 117, 2, 0, 0.1, 821700, 124.124
6622, 30472, 137, 0, 0, 0.1, 821837, 124.126
6623, 29962, 127, 2, 0, 0.1, 821964, 124.126
6624, 30472, 127, 2, 0, 0.1, 822091, 124.127
6625, 29962, 137, 1, 0, 0.1, 822228, 124.129
6626, 29962, 117, 0, 0, 0.1, 822345, 124.128
6627, 30472, 127, 1, 0, 0.1, 822472, 124.128
6628, 24581, 137, 1, 0, 0.1, 822609, 124.13
6629, 29954, 127, 3, 0, 0.1, 822736, 124.13
6630, 24581, 127, 3, 0, 0.1, 822863, 124.131
6631, 29960, 127, 1, 1, 0.1, 822990, 124.131
6632, 24581, 127, 3, 0, 0.1, 823117, 124.132
6633, 29960, 127, 1, 0, 0.1, 823244, 124.132
6634, 24581, 127, 3, 0, 0.1, 823371, 124.133
6635, 29960, 127, 0, 0, 0.1, 823498, 124.133
6636, 29962, 127, 0, 0, 0.1, 823625, 124.133
6637, 30472, 137, 2, 0, 0.1, 823762, 124.135
6638, 29962, 127, 0, 1, 0.1, 823889, 124.136
6639, 30472, 127, 2, 0, 0.1, 824016, 124.136
6640, 29962, 127, 2, 1, 0.1, 824143, 124.137
6641, 29960, 127, 2, 0, 0.1, 824270, 124.137
6642, 29962, 127, 0, 0, 0.1, 824397, 124.137
6643, 29960, 127, 0, 0, 0.1, 824524, 124.138
6644, 29962, 127, 3, 1, 0.1, 824651, 124.138
6645, 29962, 117, 0, 0, 0.1, 824768, 124.137
6646, 30472, 127, 0, 0, 0.1, 824895, 124.138
6647, 29962, 127, 0, 0, 0.1, 825022, 124.138
6648, 32002, 127, 0, 0, 0.1, 825149, 124.139
6649, 29706, 137, 1, 0, 0.1, 825286, 124.14
6650, 29706, 117, 3, 0, 0.1, 825403, 124.139
6651, 29706, 117, 2, 0, 0.1, 825520, 124.138
6652, 27650, 127, 2, 0, 0.1, 825647, 124.139
6653, 29706, 127, 1, 0, 0.1, 825774, 124.139
6654, 29706, 117, 1, 0, 0.1, 825891, 124.138
6655, 29706, 117, 2, 0, 0.1, 826008, 124.137
6656, 30216, 127, 2, 0, 0.1, 826135, 124.137
6657, 29706, 127, 2, 0, 0.1, 826262, 124.138
6658, 29704, 127, 0, 0, 0.1, 826389, 124.138
6659, 29706, 127, 2, 0, 0.1, 826516, 124.139
6660, 29704, 127, 2, 1, 0.1, 826643, 124.139
6661, 29706, 127, 2, 0, 0.1, 826770, 124.14
6662, 31746, 137, 3, 0, 0.1, 826907, 124.142
6663, 30725, 137, 2, 1, 0.1, 827044, 124.144
6664, 30725, 117, 3, 0, 0.1, 827161, 124.142
6665, 30980, 137, 3, 0, 0.1, 827298, 124.144
6666, 30725, 127, 0, 0, 0.1, 827425, 124.145
6667, 30725, 117, 3, 0, 0.1, 827542, 124.144
6668, 30725, 127, 1, 0, 0.1, 827669, 124.144
6669, 30725, 127, 1, 0, 0.1, 827796, 124.145
6670, 30980, 127, 0, 0, 0.1, 827923, 124.145
6671, 28938, 137, 2, 0, 0.1, 828060, 124.147
6672, 30980, 127, 0, 0, 0.1, 828187, 124.147
6673, 28938, 127, 0, 0, 0.1, 828314, 124.148
6674, 28938, 137, 2, 0, 0.1, 828451, 124.15
6675, 24842, 127, 1, 0, 0.1, 828578, 124.15
6676, 24842, 117, 0, 1, 0.1, 828695, 124.149
6677, 28938, 127, 0, 0, 0.1, 828822, 124.149
6678, 28938, 127, 0, 0, 0.1, 828949, 124.15
6679, 28938, 137, 0, 0, 0.1, 829086, 124.152
6680, 10, 137, 0, 1, 0.1, 829223, 124.154
6681, 18433, 127, 1, 1, 0.1, 829350, 124.154
6682, 18437, 127, 1, 0, 0.1, 829477, 124.155
6683, 27650, 127, 2, 0, 0.1, 829604, 124.155
6684, 29706, 127, 3, 0, 0.1, 829731, 124.155
6685, 29706, 117, 0, 0, 0.1, 829848, 124.154
6686, 27650, 127, 2, 0, 0.1, 829975, 124.155
6687, 29706, 127, 1, 1, 0.1, 830102, 124.155
6688, 29706, 117, 2, 0, 0.1, 830219, 124.154
6689, 30216, 127, 1, 0, 0.1, 830346, 124.155
6690, 28677, 137, 2, 1, 0.1, 830483, 124.157
6691, 28677, 117, 0, 1, 0.1, 830600, 124.155
6692, 28677, 117, 3, 0, 0.1, 830717, 124.154
6693, 25608, 127, 2, 0, 0.1, 830844, 124.155
6694, 17418, 127, 2, 0, 0.1, 830971, 124.155
6695, 17416, 127, 0, 0, 0.1, 831098, 124.156
6696, 17418, 127, 0, 0, 0.1, 831225, 124.156
6697, 25608, 127, 0, 0, 0.1, 831352, 124.157
6698, 17418, 127, 0, 0, 0.1, 831479, 124.157
6699, 27650, 127, 0, 1, 0.1, 831606, 124.157
6700, 29706, 127, 0, 0, 0.1, 831733, 124.158
6701, 32256, 127, 3, 0, 0.1, 831860, 124.158
6702, 31237, 127, 1, 0, 0.1, 831987, 124.159
6703, 32256, 127, 3, 0, 0.1, 832114, 124.159
6704, 31237, 127, 1, 0, 0.1, 832241, 124.159
6705, 32256, 127, 1, 0, 0.1, 832368, 124.16
6706, 31237, 137, 2, 0, 0.1, 832505, 124.162
6707, 31237, 117, 0, 1, 0.1, 832622, 124.161
6708, 31237, 117, 2, 0, 0.1, 832739, 124.16
6709, 31237, 117, 1, 1, 0.1, 832856, 124.159
6710, 32257, 137, 2, 0, 0.1, 832993, 124.161
6711, 29706, 127, 1, 0, 0.1, 833120, 124.161
6712, 29706, 117, 2, 0, 0.1, 833237, 124.16
6713, 29704, 127, 3, 0, 0.1, 833364, 124.16
6714, 29704, 117, 0, 0, 0.1, 833481, 124.159
6715, 29706, 127, 2, 0, 0.1, 833608, 124.16
6716, 29704, 127, 3, 0, 0.1, 833735, 124.16
6717, 29704, 117, 2, 0, 0.1, 833852, 124.159
6718, 1034, 137, 1, 0, 0.1, 833989, 124.161
6719, 1034, 117, 2, 0, 0.1, 834106, 124.16
6720, 17410, 127, 1, 0, 0.1, 834233, 124.16
6721, 17410, 117, 2, 0, 0.1, 834350, 124.159
6722, 25610, 127, 0, 0, 0.1, 834477, 124.16
6723, 17410, 127, 0, 0, 0.1, 834604, 124.16
6724, 1034, 127, 3, 0, 0.1, 834731, 124.16
6725, 1034, 117, 0, 0, 0.1, 834848, 124.159
6726, 17416, 127, 0, 0, 0.1, 834975, 124.16
6727, 25610, 127, 0, 0, 0.1, 835102, 124.16
6728, 32257, 127, 3, 0, 0.1, 835229, 124.161
6729, 27141, 127, 3, 0, 0.1, 835356, 124.161
6730, 28160, 127, 3, 1, 0.1, 835483, 124.162
6731, 31237, 127, 2, 0, 0.1, 835610, 124.162
6732, 31237, 117, 3, 0, 0.1, 835727, 124.161
6733, 31237, 127, 3, 1, 0.1, 835854, 124.161
6734, 31237, 137, 1, 1, 0.1, 835991, 124.163
6735, 27141, 127, 3, 0, 0.1, 836118, 124.164
6736, 31237, 127, 3, 0, 0.1, 836245, 124.164
6737, 31492, 127, 0, 0, 0.1, 836372, 124.164
6738, 28938, 137, 2, 0, 0.1, 836509, 124.166
6739, 31492, 127, 0, 0, 0.1, 836636, 124.167
6740, 28938, 127, 2, 0, 0.1, 836763, 124.167
6741, 31492, 127, 0, 0, 0.1, 836890, 124.168
6742, 28938, 127, 0, 0, 0.1, 837017, 124.168
6743, 24842, 137, 2, 0, 0.1, 837154, 124.17
6744, 28938, 127, 0, 0, 0.1, 837281, 124.17
6745, 24842, 127, 1, 1, 0.1, 837408, 124.171
6746, 24842, 117, 2, 0, 0.1, 837525, 124.17
6747, 28938, 127, 0, 0, 0.1, 837652, 124.17
6748, 24842, 127, 2, 0, 0.1, 837779, 124.171
6749, 28938, 127, 0, 0, 0.1, 837906, 124.171
6750, 24842, 127, 2, 0, 0.1, 838033, 124.171
6751, 28938, 127, 2, 0, 0.1, 838160, 124.172
6752, 31492, 127, 2, 0, 0.1, 838287, 124.172
6753, 31492, 117, 0, 0, 0.1, 838404, 124.171
6754, 28938, 127, 1, 0, 0.1, 838531, 124.172
6755, 28938, 117, 0, 0, 0.1, 838648, 124.171
6756, 24842, 127, 0, 0, 0.1, 838775, 124.171
6757, 28938, 127, 0, 0, 0.1, 838902, 124.171
6758, 28938, 127, 0, 0, 0.1, 839029, 124.172
6759, 28938, 137, 2, 0, 0.1, 839166, 124.174
6760, 28938, 127, 3, 0, 0.1, 839293, 124.174
6761, 28938, 117, 0, 0, 0.1, 839410, 124.173
6762, 28938, 127, 0, 0, 0.1, 839537, 124.173
6763, 28938, 137, 3, 0, 0.1, 839674, 124.175
6764, 28938, 117, 1, 1, 0.1, 839791, 124.174
6765, 28938, 117, 0, 1, 0.1, 839908, 124.173
6766, 24586, 137, 3, 0, 0.1, 840045, 124.175
6767, 24586, 117, 0, 0, 0.1, 840162, 124.174
6768, 28682, 127, 2, 0, 0.1, 840289, 124.175
6769, 24586, 127, 0, 1, 0.1, 840416, 124.175
6770, 28682, 127, 2, 0, 0.1, 840543, 124.175
6771, 24586, 127, 2, 0, 0.1, 840670, 124.176
6772, 16394, 127, 2, 0, 0.1, 840797, 124.176
6773, 10, 127, 3, 0, 0.1, 840924, 124.177
6774, 10, 117, 2, 0, 0.1, 841041, 124.176
6775, 10, 127, 3, 0, 0.1, 841168, 124.176
6776, 10, 117, 2, 0, 0.1, 841285, 124.175
6777, 16394, 127, 2, 0, 0.1, 841412, 124.175
6778, 24586, 127, 2, 0, 0.1, 841539, 124.176
6779, 28682, 127, 2, 0, 0.1, 841666, 124.176
6780, 31236, 127, 3, 0, 0.1, 841793, 124.177
6781, 18949, 137, 0, 0, 0.1, 841930, 124.178
6782, 18949, 117, 2, 0, 0.1, 842047, 124.177
6783, 18949, 117, 0, 0, 0.1, 842164, 124.176
6784, 19077, 117, 0, 0, 0.1, 842281, 124.175
6785, 19077, 117, 2, 0, 0.1, 842398, 124.174
6786, 19077, 117, 3, 0, 0.1, 842515, 124.173
6787, 27173, 77, 2, 0, 0.1, 842592, 124.166
6788, 30472, 137, 1, 0, 0.1, 842729, 124.168
6789, 28677, 137, 3, 0, 0.1, 842866, 124.17
6790, 29960, 127, 2, 0, 0.1, 842993, 124.17
6791, 29962, 127, 3, 0, 0.1, 843120, 124.171
6792, 29962, 117, 2, 0, 0.1, 843237, 124.17
6793, 32002, 137, 2, 0, 0.1, 843374, 124.172
6794, 29962, 137, 0, 0, 0.1, 843511, 124.174
6795, 32002, 127, 0, 0, 0.1, 843638, 124.174
6796, 29962, 127, 0, 0, 0.1, 843765, 124.174
6797, 29960, 127, 0, 0, 0.1, 843892, 124.175
6798, 29962, 127, 0, 0, 0.1, 844019, 124.175
6799, 29960, 137, 1, 0, 0.1, 844156, 124.177
6800, 28677, 127, 3, 0, 0.1, 844283, 124.178
6801, 29960, 127, 0, 0, 0.1, 844410, 124.178
6802, 29962, 137, 0, 0, 0.1, 844547, 124.18
6803, 32130, 127, 1, 0, 0.1, 844674, 124.18
6804, 32130, 117, 0, 0, 0.1, 844791, 124.179
6805, 30026, 127, 3, 1, 0.1, 844918, 124.18
6806, 29962, 67, 3, 0, 0.1, 844985, 124.171
6807, 29962, 117, 3, 1, 0.1, 845102, 124.17
6808, 29962, 117, 0, 0, 0.1, 845219, 124.169
6809, 30472, 137, 2, 0, 0.1, 845356, 124.171
6810, 29962, 127, 0, 0, 0.1, 845483, 124.171
6811, 30472, 127, 0, 0, 0.1, 845610, 124.172
6812, 29962, 127, 0, 0, 0.1, 845737, 124.172
6813, 32002, 137, 3, 1, 0.1, 845874, 124.174
6814, 30725, 127, 1, 0, 0.1, 846001, 124.175
6815, 32002, 127, 0, 0, 0.1, 846128, 124.175
6816, 29962, 127, 0, 0, 0.1, 846255, 124.175
6817, 32512, 137, 3, 0, 0.1, 846392, 124.177
6818, 31237, 137, 1, 0, 0.1, 846529, 124.179
6819, 32512, 127, 3, 0, 0.1, 846656, 124.18
6820, 31237, 127, 1, 1, 0.1, 846783, 124.18
6821, 32512, 127, 0, 0, 0.1, 846910, 124.18
6822, 29962, 127, 0, 0, 0.1, 847037, 124.181
6823, 29962, 127, 3, 0, 0.1, 847164, 124.181
6824, 29962, 117, 2, 0, 0.1, 847281, 124.18
6825, 29962, 127, 0, 0, 0.1, 847408, 124.181
6826, 29962, 127, 2, 0, 0.1, 847535, 124.181
6827, 29962, 127, 2, 0, 0.1, 847662, 124.181
6828, 32512, 127, 0, 0, 0.1, 847789, 124.182
6829, 29962, 127, 0, 0, 0.1, 847916, 124.182
6830, 29962, 127, 2, 0, 0.1, 848043, 124.183
6831, 29962, 127, 2, 0, 0.1, 848170, 124.183
6832, 32512, 127, 0, 0, 0.1, 848297, 124.183
6833, 29962, 127, 3, 1, 0.1, 848424, 124.184
6834, 29962, 117, 2, 0, 0.1, 848541, 124.183
6835, 32512, 127, 2, 0, 0.1, 848668, 124.183
6836, 25866, 127, 2, 0, 0.1, 848795, 124.184
6837, 28034, 127, 3, 0, 0.1, 848922, 124.184
6838, 30853, 127, 0, 0, 0.1, 849049, 124.184
6839, 30853, 117, 3, 0, 0.1, 849166, 124.183
6840, 31745, 77, 3, 0, 0.1, 849243, 124.176
6841, 29962, 117, 2, 0, 0.1, 849360, 124.175
6842, 30472, 127, 0, 0, 0.1, 849487, 124.176
6843, 29962, 127, 3, 1, 0.1, 849614, 124.176
6844, 29962, 117, 0, 0, 0.1, 849731, 124.175
6845, 30472, 137, 1, 0, 0.1, 849868, 124.177
6846, 28677, 137, 1, 0, 0.1, 850005, 124.179
6847, 29954, 127, 2, 0, 0.1, 850132, 124.179
6848, 29962, 127, 2, 0, 0.1, 850259, 124.18
6849, 32002, 127, 0, 0, 0.1, 850386, 124.18
6850, 29962, 127, 2, 0, 0.1, 850513, 124.181
6851, 32002, 127, 3, 0, 0.1, 850640, 124.181
6852, 28677, 137, 1, 0, 0.1, 850777, 124.183
6853, 29954, 127, 3, 0, 0.1, 850904, 124.183
6854, 28677, 127, 3, 0, 0.1, 851031, 124.184
6855, 29960, 127, 0, 0, 0.1, 851158, 124.184
6856, 29962, 127, 1, 0, 0.1, 851285, 124.185
6857, 29962, 117, 2, 0, 0.1, 851402, 124.183
6858, 29960, 127, 0, 0, 0.1, 851529, 124.184
6859, 29962, 127, 0, 0, 0.1, 851656, 124.184
6860, 25864, 127, 0, 0, 0.1, 851783, 124.185
6861, 29962, 127, 2, 0, 0.1, 851910, 124.185
6862, 25864, 127, 1, 0, 0.1, 852037, 124.186
6863, 28677, 127, 3, 0, 0.1, 852164, 124.186
6864, 25864, 127, 1, 0, 0.1, 852291, 124.186
6865, 28677, 127, 1, 0, 0.1, 852418, 124.187
6866, 29954, 127, 3, 0, 0.1, 852545, 124.187
6867, 28677, 127, 3, 0, 0.1, 852672, 124.188
6868, 25864, 127, 2, 0, 0.1, 852799, 124.188
6869, 29962, 127, 3, 0, 0.1, 852926, 124.188
6870, 29962, 117, 2, 0, 0.1, 853043, 124.187
6871, 29960, 127, 2, 0, 0.1, 853170, 124.188
6872, 29962, 137, 1, 0, 0.1, 853307, 124.19
6873, 29962, 117, 2, 0, 0.1, 853424, 124.189
6874, 32002, 137, 3, 0, 0.1, 853561, 124.19
6875, 30725, 137, 3, 0, 0.1, 853698, 124.192
6876, 30980, 127, 0, 0, 0.1, 853825, 124.193
6877, 28682, 137, 1, 0, 0.1, 853962, 124.195
6878, 28682, 117, 2, 0, 0.1, 854079, 124.194
6879, 30724, 127, 1, 0, 0.1, 854206, 124.194
6880, 30725, 127, 3, 0, 0.1, 854333, 124.194
6881, 30724, 127, 3, 1, 0.1, 854460, 124.195
6882, 30725, 137, 3, 0, 0.1, 854597, 124.197
6883, 30725, 137, 1, 1, 0.1, 854734, 124.198
6884, 30725, 127, 1, 0, 0.1, 854861, 124.199
6885, 26628, 127, 2, 0, 0.1, 854988, 124.199
6886, 26628, 117, 2, 0, 0.1, 855105, 124.198
6887, 26628, 117, 2, 0, 0.1, 855222, 124.197
6888, 26644, 117, 3, 0, 0.1, 855339, 124.196
6889, 30725, 127, 1, 0, 0.1, 855466, 124.197
6890, 26644, 127, 1, 1, 0.1, 855593, 124.197
6891, 30725, 127, 3, 0, 0.1, 855720, 124.197
6892, 26644, 127, 3, 0, 0.1, 855847, 124.198
6893, 30725, 127, 3, 0, 0.1, 855974, 124.198
6894, 30757, 127, 3, 0, 0.1, 856101, 124.199
6895, 28709, 137, 2, 0, 0.1, 856238, 124.2
6896, 28709, 117, 3, 1, 0.1, 856355, 124.199
6897, 28972, 127, 0, 0, 0.1, 856482, 124.2
6898, 29002, 137, 3, 1, 0.1, 856619, 124.202
6899, 28954, 67, 3, 0, 0.1, 856686, 124.193
6900, 29962, 117, 0, 0, 0.1, 856803, 124.192
6901, 30472, 137, 0, 1, 0.1, 856940, 124.194
6902, 29962, 127, 2, 0, 0.1, 857067, 124.195
6903, 30472, 127, 2, 0, 0.1, 857194, 124.195
6904, 29962, 127, 2, 0, 0.1, 857321, 124.195
6905, 30472, 137, 1, 0, 0.1, 857458, 124.197
6906, 29189, 127, 1, 0, 0.1, 857585, 124.198
6907, 29954, 137, 2, 0, 0.1, 857722, 124.2
6908, 29962, 127, 2, 0, 0.1, 857849, 124.2
6909, 30472, 127, 1, 0, 0.1, 857976, 124.2
6910, 29189, 137, 1, 0, 0.1, 858113, 124.202
6911, 28934, 137, 0, 0, 0.1, 858250, 124.204
6912, 16394, 137, 1, 0, 0.1, 858387, 124.206
6913, 16394, 117, 0, 0, 0.1, 858504, 124.205
6914, 24585, 127, 0, 0, 0.1, 858631, 124.205
6915, 24585, 117, 2, 0, 0.1, 858748, 124.204
6916, 16394, 127, 1, 1, 0.1, 858875, 124.205
6917, 16394, 117, 1, 0, 0.1, 858992, 124.204
6918, 16394, 117, 2, 0, 0.1, 859109, 124.203
6919, 24582, 127, 3, 0, 0.1, 859236, 124.203
6920, 28677, 127, 1, 0, 0.1, 859363, 124.203
6921, 24582, 127, 3, 0, 0.1, 859490, 124.204
6922, 28677, 127, 3, 0, 0.1, 859617, 124.204
6923, 29960, 127, 0, 0, 0.1, 859744, 124.205
6924, 29962, 127, 2, 1, 0.1, 859871, 124.205
6925, 29960, 127, 0, 0, 0.1, 859998, 124.205
6926, 29962, 127, 1, 0, 0.1, 860125, 124.206
6927, 29962, 117, 0, 0, 0.1, 860242, 124.205
6928, 29954, 127, 0, 0, 0.1, 860369, 124.205
6929, 29962, 137, 3, 0, 0.1, 860506, 124.207
6930, 29962, 117, 0, 0, 0.1, 860623, 124.206
6931, 32002, 127, 3, 0, 0.1, 860750, 124.206
6932, 24581, 137, 1, 0, 0.1, 860887, 124.208
6933, 17666, 127, 0, 0, 0.1, 861014, 124.209
6934, 25866, 127, 0, 1, 0.1, 861141, 124.209
6935, 29960, 127, 0, 0, 0.1, 861268, 124.209
6936, 29962, 127, 2, 0, 0.1, 861395, 124.21
6937, 29960, 127, 1, 0, 0.1, 861522, 124.21
6938, 28677, 127, 1, 0, 0.1, 861649, 124.211
6939, 29699, 127, 1, 0, 0.1, 861776, 124.211
6940, 29699, 117, 2, 0, 0.1, 861893, 124.21
6941, 29706, 137, 0, 0, 0.1, 862030, 124.212
6942, 29699, 127, 2, 0, 0.1, 862157, 124.212
6943, 29706, 127, 2, 0, 0.1, 862284, 124.213
6944, 29196, 137, 1, 0, 0.1, 862421, 124.214
6945, 29189, 127, 3, 0, 0.1, 862548, 124.215
6946, 29196, 127, 1, 0, 0.1, 862675, 124.215
6947, 29189, 127, 3, 0, 0.1, 862802, 124.216
6948, 29196, 127, 0, 1, 0.1, 862929, 124.216
6949, 24586, 127, 0, 0, 0.1, 863056, 124.216
6950, 16387, 127, 3, 0, 0.1, 863183, 124.217
6951, 24581, 127, 1, 0, 0.1, 863310, 124.217
6952, 16387, 127, 2, 0, 0.1, 863437, 124.218
6953, 24586, 127, 1, 0, 0.1, 863564, 124.218
6954, 24586, 117, 0, 0, 0.1, 863681, 124.217
6955, 16387, 127, 1, 0, 0.1, 863808, 124.217
6956, 16387, 117, 1, 1, 0.1, 863925, 124.216
6957, 16387, 117, 2, 0, 0.1, 864042, 124.215
6958, 24586, 127, 1, 0, 0.1, 864169, 124.216
6959, 24586, 117, 2, 0, 0.1, 864286, 124.215
6960, 29196, 127, 0, 0, 0.1, 864413, 124.215
6961, 24586, 127, 2, 0, 0.1, 864540, 124.216
6962, 29196, 127, 1, 0, 0.1, 864667, 124.216
6963, 29189, 127, 2, 0, 0.1, 864794, 124.216
6964, 29189, 117, 3, 0, 0.1, 864911, 124.215
6965, 29196, 127, 2, 0, 0.1, 865038, 124.216
6966, 29196, 117, 2, 0, 0.1, 865155, 124.215
6967, 29196, 117, 3, 0, 0.1, 865272, 124.214
6968, 29196, 117, 1, 0, 0.1, 865389, 124.213
6969, 29189, 127, 1, 0, 0.1, 865516, 124.213
6970, 29954, 137, 3, 0, 0.1, 865653, 124.215
6971, 28677, 127, 0, 0, 0.1, 865780, 124.215
6972, 28677, 117, 3, 0, 0.1, 865897, 124.214
6973, 24588, 127, 3, 1, 0.1, 866024, 124.215
6974, 24588, 117, 0, 0, 0.1, 866141, 124.214
6975, 16394, 127, 0, 0, 0.1, 866268, 124.214
6976, 16387, 127, 0, 0, 0.1, 866395, 124.214
6977, 16387, 117, 3, 0, 0.1, 866512, 124.213
6978, 24581, 127, 1, 0, 0.1, 866639, 124.214
6979, 16387, 127, 0, 0, 0.1, 866766, 124.214
6980, 16387, 117, 3, 0, 0.1, 866883, 124.213
6981, 24581, 127, 3, 0, 0.1, 867010, 124.213
6982, 29960, 127, 3, 1, 0.1, 867137, 124.214
6983, 29960, 117, 2, 0, 0.1, 867254, 124.213
6984, 25866, 127, 2, 0, 0.1, 867381, 124.213
6985, 17666, 127, 2, 0, 0.1, 867508, 124.214
6986, 17674, 127, 0, 0, 0.1, 867635, 124.214
6987, 17666, 127, 0, 0, 0.1, 867762, 124.214
6988, 25866, 127, 2, 0, 0.1, 867889, 124.215
6989, 17666, 127, 0, 1, 0.1, 868016, 124.215
6990, 25866, 127, 0, 0, 0.1, 868143, 124.216
6991, 29960, 127, 2, 0, 0.1, 868270, 124.216
6992, 25866, 127, 3, 1, 0.1, 868397, 124.216
6993, 25866, 117, 0, 0, 0.1, 868514, 124.215
6994, 29960, 127, 0, 0, 0.1, 868641, 124.216
6995, 29962, 127, 2, 0, 0.1, 868768, 124.216
6996, 29960, 127, 0, 0, 0.1, 868895, 124.217
6997, 29962, 127, 0, 0, 0.1, 869022, 124.217
6998, 31745, 137, 1, 0, 0.1, 869159, 124.219
6999, 26757, 127, 1, 1, 0.1, 869286, 124.219
7000, 31110, 127, 3, 0, 0.1, 869413, 124.22
7001, 26757, 127, 1, 0, 0.1, 869540, 124.22
7002, 31110, 127, 0, 0, 0.1, 869667, 124.22
7003, 29002, 127, 0, 0, 0.1, 869794, 124.221
7004, 30786, 137, 0, 0, 0.1, 869931, 124.223
7005, 28745, 127, 3, 0, 0.1, 870058, 124.223
7006, 28681, 67, 3, 0, 0.1, 870125, 124.215
7007, 29962, 117, 2, 0, 0.1, 870242, 124.214
7008, 30472, 127, 0, 0, 0.1, 870369, 124.214
7009, 29962, 127, 2, 0, 0.1, 870496, 124.215
7010, 30472, 127, 0, 0, 0.1, 870623, 124.215
7011, 29962, 127, 3, 0, 0.1, 870750, 124.215
7012, 29962, 117, 2, 0, 0.1, 870867, 124.214
7013, 30472, 127, 1, 0, 0.1, 870994, 124.215
7014, 29189, 137, 0, 0, 0.1, 871131, 124.217
7015, 29189, 117, 2, 1, 0.1, 871248, 124.216
7016, 29189, 117, 3, 0, 0.1, 871365, 124.215
7017, 30472, 127, 1, 1, 0.1, 871492, 124.215
7018, 29189, 127, 0, 0, 0.1, 871619, 124.215
7019, 29189, 117, 3, 0, 0.1, 871736, 124.214
7020, 30472, 127, 2, 1, 0.1, 871863, 124.215
7021, 29962, 137, 2, 0, 0.1, 872000, 124.217
7022, 32002, 137, 0, 0, 0.1, 872137, 124.218
7023, 29962, 127, 0, 0, 0.1, 872264, 124.219
7024, 30472, 127, 1, 1, 0.1, 872391, 124.219
7025, 29189, 127, 3, 0, 0.1, 872518, 124.22
7026, 30472, 127, 2, 0, 0.1, 872645, 124.22
7027, 29962, 127, 0, 0, 0.1, 872772, 124.22
7028, 30472, 127, 1, 0, 0.1, 872899, 124.221
7029, 29189, 127, 3, 0, 0.1, 873026, 124.221
7030, 30472, 127, 1, 0, 0.1, 873153, 124.222
7031, 29189, 127, 3, 1, 0.1, 873280, 124.222
7032, 30472, 127, 1, 0, 0.1, 873407, 124.222
7033, 29189, 127, 3, 0, 0.1, 873534, 124.223
7034, 30472, 127, 1, 0, 0.1, 873661, 124.223
7035, 29189, 127, 1, 0, 0.1, 873788, 124.223
7036, 29954, 137, 2, 0, 0.1, 873925, 124.225
7037, 29962, 137, 0, 0, 0.1, 874062, 124.227
7038, 29954, 127, 3, 0, 0.1, 874189, 124.228
7039, 28677, 127, 3, 0, 0.1, 874316, 124.228
7040, 25864, 127, 3, 1, 0.1, 874443, 124.228
7041, 25864, 117, 3, 1, 0.1, 874560, 124.227
7042, 25864, 117, 2, 0, 0.1, 874677, 124.226
7043, 29962, 127, 2, 0, 0.1, 874804, 124.227
7044, 32002, 127, 0, 0, 0.1, 874931, 124.227
7045, 29962, 127, 2, 0, 0.1, 875058, 124.227
7046, 32002, 127, 1, 1, 0.1, 875185, 124.228
7047, 32002, 117, 3, 0, 0.1, 875302, 124.227
7048, 30725, 137, 1, 0, 0.1, 875439, 124.229
7049, 32002, 127, 2, 0, 0.1, 875566, 124.229
7050, 29962, 137, 2, 0, 0.1, 875703, 124.231
7051, 32512, 137, 2, 0, 0.1, 875840, 124.233
7052, 29962, 127, 0, 0, 0.1, 875967, 124.233
7053, 32512, 127, 0, 1, 0.1, 876094, 124.233
7054, 29962, 127, 2, 0, 0.1, 876221, 124.234
7055, 32512, 127, 3, 0, 0.1, 876348, 124.234
7056, 31237, 137, 0, 0, 0.1, 876485, 124.236
7057, 31237, 117, 1, 0, 0.1, 876602, 124.235
7058, 32512, 127, 3, 0, 0.1, 876729, 124.235
7059, 31237, 127, 0, 0, 0.1, 876856, 124.236
7060, 31237, 117, 3, 0, 0.1, 876973, 124.235
7061, 27141, 137, 2, 0, 0.1, 877110, 124.237
7062, 27141, 117, 3, 0, 0.1, 877227, 124.236
7063, 31237, 127, 2, 0, 0.1, 877354, 124.236
7064, 31237, 117, 2, 0, 0.1, 877471, 124.235
7065, 31237, 117, 3, 0, 0.1, 877588, 124.234
7066, 32257, 127, 2, 0, 0.1, 877715, 124.234
7067, 29706, 137, 1, 1, 0.1, 877852, 124.236
7068, 29706, 117, 2, 0, 0.1, 877969, 124.235
7069, 25610, 137, 1, 1, 0.1, 878106, 124.237
7070, 25610, 117, 2, 0, 0.1, 878223, 124.236
7071, 29706, 127, 0, 0, 0.1, 878350, 124.236
7072, 25610, 127, 2, 0, 0.1, 878477, 124.237
7073, 29706, 127, 2, 1, 0.1, 878604, 124.237
7074, 29706, 127, 0, 0, 0.1, 878731, 124.237
7075, 29706, 127, 2, 0, 0.1, 878858, 124.238
7076, 29706, 127, 0, 0, 0.1, 878985, 124.238
7077, 29706, 127, 2, 0, 0.1, 879112, 124.239
7078, 29706, 127, 0, 0, 0.1, 879239, 124.239
7079, 29706, 127, 0, 0, 0.1, 879366, 124.239
7080, 25610, 127, 3, 1, 0.1, 879493, 124.24
7081, 25610, 117, 2, 0, 0.1, 879610, 124.239
7082, 29706, 127, 2, 0, 0.1, 879737, 124.239
7083, 29706, 127, 1, 0, 0.1, 879864, 124.239
7084, 29706, 117, 2, 0, 0.1, 879981, 124.238
7085, 29706, 137, 2, 0, 0.1, 880118, 124.24
7086, 29706, 137, 1, 0, 0.1, 880255, 124.242
7087, 29706, 117, 0, 0, 0.1, 880372, 124.241
7088, 25610, 127, 0, 0, 0.1, 880499, 124.241
7089, 17418, 127, 2, 0, 0.1, 880626, 124.242
7090, 25610, 127, 0, 0, 0.1, 880753, 124.242
7091, 17418, 127, 2, 0, 0.1, 880880, 124.243
7092, 25610, 127, 2, 0, 0.1, 881007, 124.243
7093, 29706, 127, 3, 0, 0.1, 881134, 124.243
7094, 29706, 117, 0, 0, 0.1, 881251, 124.242
7095, 25610, 127, 2, 0, 0.1, 881378, 124.243
7096, 29706, 127, 0, 0, 0.1, 881505, 124.243
7097, 25610, 127, 2, 0, 0.1, 881632, 124.244
7098, 29706, 127, 2, 0, 0.1, 881759, 124.244
7099, 29706, 127, 0, 0, 0.1, 881886, 124.244
7100, 29706, 127, 2, 0, 0.1, 882013, 124.245
7101, 29706, 127, 2, 0, 0.1, 882140, 124.245
7102, 29706, 137, 1, 0, 0.1, 882277, 124.247
7103, 29706, 117, 1, 0, 0.1, 882394, 124.246
7104, 29706, 117, 2, 0, 0.1, 882511, 124.245
7105, 30724, 137, 1, 0, 0.1, 882648, 124.247
7106, 30725, 127, 3, 0, 0.1, 882775, 124.247
7107, 30756, 127, 0, 0, 0.1, 882902, 124.247
7108, 28682, 127, 2, 0, 0.1, 883029, 124.248
7109, 30756, 127, 3, 0, 0.1, 883156, 124.248
7110, 30757, 137, 1, 0, 0.1, 883293, 124.25
7111, 30724, 77, 2, 0, 0.1, 883370, 124.243
7112, 30472, 137, 2, 0, 0.1, 883507, 124.245
7113, 29962, 137, 0, 0, 0.1, 883644, 124.247
7114, 30472, 127, 2, 0, 0.1, 883771, 124.247
7115, 29962, 127, 2, 0, 0.1, 883898, 124.248
7116, 32002, 137, 2, 0, 0.1, 884035, 124.249
7117, 29962, 137, 2, 0, 0.1, 884172, 124.251
7118, 31488, 137, 2, 0, 0.1, 884309, 124.253
7119, 28938, 127, 0, 0, 0.1, 884436, 124.253
7120, 31488, 127, 1, 0, 0.1, 884563, 124.254
7121, 31237, 127, 1, 0, 0.1, 884690, 124.254
7122, 31492, 127, 2, 0, 0.1, 884817, 124.255
7123, 31492, 117, 0, 0, 0.1, 884934, 124.254
7124, 28938, 137, 0, 0, 0.1, 885071, 124.255
7125, 29448, 137, 3, 0, 0.1, 885208, 124.257
7126, 29448, 117, 1, 0, 0.1, 885325, 124.256
7127, 29189, 137, 0, 0, 0.1, 885462, 124.258
7128, 29189, 117, 3, 0, 0.1, 885579, 124.257
7129, 29448, 127, 2, 0, 0.1, 885706, 124.257
7130, 24842, 127, 2, 0, 0.1, 885833, 124.258
7131, 31492, 127, 1, 0, 0.1, 885960, 124.258
7132, 31237, 127, 3, 0, 0.1, 886087, 124.258
7133, 31492, 127, 1, 0, 0.1, 886214, 124.259
7134, 31237, 127, 1, 1, 0.1, 886341, 124.259
7135, 31747, 137, 3, 0, 0.1, 886478, 124.261
7136, 30725, 127, 0, 0, 0.1, 886605, 124.261
7137, 30725, 117, 0, 0, 0.1, 886722, 124.26
7138, 30725, 117, 3, 0, 0.1, 886839, 124.259
7139, 26884, 127, 3, 0, 0.1, 886966, 124.26
7140, 30725, 127, 1, 0, 0.1, 887093, 124.26
7141, 26884, 127, 0, 1, 0.1, 887220, 124.261
7142, 24842, 127, 0, 1, 0.1, 887347, 124.261
7143, 29448, 127, 1, 0, 0.1, 887474, 124.261
7144, 29189, 127, 1, 0, 0.1, 887601, 124.262
7145, 28934, 137, 0, 0, 0.1, 887738, 124.263
7146, 24586, 137, 2, 0, 0.1, 887875, 124.265
7147, 16390, 127, 0, 0, 0.1, 888002, 124.266
7148, 24586, 127, 2, 0, 0.1, 888129, 124.266
7149, 16390, 127, 3, 0, 0.1, 888256, 124.266
7150, 16389, 127, 1, 0, 0.1, 888383, 124.267
7151, 16390, 127, 0, 0, 0.1, 888510, 124.267
7152, 24586, 127, 0, 0, 0.1, 888637, 124.268
7153, 29193, 127, 3, 0, 0.1, 888764, 124.268
7154, 29193, 117, 3, 0, 0.1, 888881, 124.267
7155, 29193, 117, 3, 0, 0.1, 888998, 124.266
7156, 29193, 117, 3, 0, 0.1, 889115, 124.265
7157, 29193, 117, 0, 0, 0.1, 889232, 124.264
7158, 29193, 117, 3, 0, 0.1, 889349, 124.263
7159, 29193, 117, 2, 0, 0.1, 889466, 124.262
7160, 24586, 127, 2, 0, 0.1, 889593, 124.262
7161, 16390, 127, 0, 0, 0.1, 889720, 124.263
7162, 24586, 127, 2, 0, 0.1, 889847, 124.263
7163, 16390, 127, 0, 0, 0.1, 889974, 124.263
7164, 24586, 127, 2, 0, 0.1, 890101, 124.264
7165, 16390, 127, 0, 0, 0.1, 890228, 124.264
7166, 24586, 127, 0, 0, 0.1, 890355, 124.264
7167, 29193, 127, 3, 0, 0.1, 890482, 124.265
7168, 29193, 117, 3, 0, 0.1, 890599, 124.264
7169, 29193, 117, 0, 0, 0.1, 890716, 124.263
7170, 29193, 117, 3, 0, 0.1, 890833, 124.262
7171, 29193, 117, 1, 0, 0.1, 890950, 124.261
7172, 29189, 127, 2, 0, 0.1, 891077, 124.261
7173, 29189, 117, 3, 0, 0.1, 891194, 124.26
7174, 29193, 127, 3, 0, 0.1, 891321, 124.261
7175, 29193, 117, 1, 0, 0.1, 891438, 124.26
7176, 29189, 127, 3, 0, 0.1, 891565, 124.26
7177, 29193, 127, 1, 0, 0.1, 891692, 124.26
7178, 29189, 127, 1, 0, 0.1, 891819, 124.261
7179, 25858, 137, 0, 0, 0.1, 891956, 124.262
7180, 29962, 127, 2, 0, 0.1, 892083, 124.263
7181, 25858, 127, 2, 0, 0.1, 892210, 124.263
7182, 25866, 127, 3, 0, 0.1, 892337, 124.264
7183, 25866, 117, 3, 0, 0.1, 892454, 124.263
7184, 25866, 117, 3, 0, 0.1, 892571, 124.262
7185, 25866, 117, 0, 0, 0.1, 892688, 124.261
7186, 25858, 127, 0, 0, 0.1, 892815, 124.261
7187, 29962, 127, 2, 0, 0.1, 892942, 124.261
7188, 25858, 127, 0, 0, 0.1, 893069, 124.262
7189, 29962, 127, 3, 0, 0.1, 893196, 124.262
7190, 29962, 117, 0, 0, 0.1, 893313, 124.261
7191, 32002, 127, 0, 0, 0.1, 893440, 124.261
7192, 29962, 137, 3, 0, 0.1, 893577, 124.263
7193, 29962, 117, 0, 0, 0.1, 893694, 124.262
7194, 29962, 137, 0, 0, 0.1, 893831, 124.264
7195, 25866, 137, 2, 0, 0.1, 893968, 124.266
7196, 25866, 127, 2, 0, 0.1, 894095, 124.266
7197, 29962, 127, 2, 0, 0.1, 894222, 124.267
7198, 32002, 127, 2, 0, 0.1, 894349, 124.267
7199, 29962, 127, 2, 0, 0.1, 894476, 124.267
7200, 25858, 127, 0, 0, 0.1, 894603, 124.268
7201, 29962, 127, 1, 0, 0.1, 894730, 124.268
7202, 29962, 117, 1, 0, 0.1, 894847, 124.267
7203, 29962, 117, 2, 0, 0.1, 894964, 124.266
7204, 25858, 127, 2, 0, 0.1, 895091, 124.266
7205, 25866, 127, 1, 0, 0.1, 895218, 124.267
7206, 25866, 117, 2, 0, 0.1, 895335, 124.266
7207, 29962, 127, 2, 0, 0.1, 895462, 124.266
7208, 29962, 127, 2, 1, 0.1, 895589, 124.267
7209, 29962, 137, 1, 0, 0.1, 895726, 124.268
7210, 29962, 117, 2, 0, 0.1, 895843, 124.267
7211, 29962, 137, 2, 0, 0.1, 895980, 124.269
7212, 29962, 137, 0, 0, 0.1, 896117, 124.271
7213, 29962, 127, 0, 1, 0.1, 896244, 124.271
7214, 25866, 127, 2, 0, 0.1, 896371, 124.272
7215, 29962, 127, 0, 0, 0.1, 896498, 124.272
7216, 25866, 127, 0, 0, 0.1, 896625, 124.272
7217, 17674, 127, 2, 0, 0.1, 896752, 124.273
7218, 25866, 127, 0, 0, 0.1, 896879, 124.273
7219, 17674, 127, 2, 0, 0.1, 897006, 124.273
7220, 25866, 127, 2, 0, 0.1, 897133, 124.274
7221, 29962, 127, 2, 0, 0.1, 897260, 124.274
7222, 29962, 127, 0, 0, 0.1, 897387, 124.275
7223, 29962, 127, 0, 0, 0.1, 897514, 124.275
7224, 25866, 127, 0, 0, 0.1, 897641, 124.275
7225, 17674, 127, 0, 0, 0.1, 897768, 124.276
7226, 1290, 127, 1, 0, 0.1, 897895, 124.276
7227, 1290, 117, 2, 0, 0.1, 898012, 124.275
7228, 17674, 127, 2, 1, 0.1, 898139, 124.275
7229, 25866, 127, 0, 0, 0.1, 898266, 124.276
7230, 17674, 127, 0, 0, 0.1, 898393, 124.276
7231, 1290, 127, 3, 0, 0.1, 898520, 124.277
7232, 1290, 117, 1, 1, 0.1, 898637, 124.276
7233, 1290, 117, 3, 0, 0.1, 898754, 124.275
7234, 1290, 117, 0, 0, 0.1, 898871, 124.274
7235, 17674, 127, 2, 1, 0.1, 898998, 124.274
7236, 1290, 127, 3, 0, 0.1, 899125, 124.274
7237, 1290, 117, 1, 0, 0.1, 899242, 124.273
7238, 1290, 117, 2, 0, 0.1, 899359, 124.272
7239, 17674, 127, 1, 1, 0.1, 899486, 124.273
7240, 17674, 117, 0, 0, 0.1, 899603, 124.272
7241, 1290, 127, 0, 0, 0.1, 899730, 124.272
7242, 17674, 127, 2, 0, 0.1, 899857, 124.272
7243, 1290, 127, 2, 0, 0.1, 899984, 124.273
7244, 17674, 127, 2, 0, 0.1, 900111, 124.273
7245, 25866, 127, 1, 0, 0.1, 900238, 124.274
7246, 25866, 117, 0, 0, 0.1, 900355, 124.273
7247, 17674, 127, 2, 0, 0.1, 900482, 124.273
7248, 25866, 127, 0, 0, 0.1, 900609, 124.273
7249, 17674, 127, 0, 0, 0.1, 900736, 124.274
7250, 1290, 127, 2, 0, 0.1, 900863, 124.274
7251, 17674, 127, 1, 0, 0.1, 900990, 124.274
7252, 17674, 117, 0, 0, 0.1, 901107, 124.273
7253, 1290, 127, 2, 0, 0.1, 901234, 124.274
7254, 17674, 127, 0, 0, 0.1, 901361, 124.274
7255, 1290, 127, 2, 0, 0.1, 901488, 124.275
7256, 17674, 127, 2, 0, 0.1, 901615, 124.275
7257, 25866, 127, 2, 0, 0.1, 901742, 124.275
7258, 29978, 127, 2, 0, 0.1, 901869, 124.276
7259, 29978, 127, 2, 0, 0.1, 901996, 124.276
7260, 30998, 137, 0, 0, 0.1, 902133, 124.278
7261, 28954, 127, 3, 1, 0.1, 902260, 124.278
7262, 28954, 117, 0, 0, 0.1, 902377, 124.277
7263, 24858, 127, 2, 0, 0.1, 902504, 124.278
7264, 28954, 127, 0, 0, 0.1, 902631, 124.278
7265, 24858, 127, 0, 0, 0.1, 902758, 124.278
7266, 16666, 127, 0, 0, 0.1, 902885, 124.279
7267, 282, 127, 0, 1, 0.1, 903012, 124.279
7268, 282, 127, 2, 0, 0.1, 903139, 124.279
7269, 266, 127, 3, 0, 0.1, 903266, 124.28
7270, 266, 117, 0, 0, 0.1, 903383, 124.279
7271, 266, 127, 3, 0, 0.1, 903510, 124.279
7272, 266, 117, 0, 0, 0.1, 903627, 124.278
7273, 16650, 127, 2, 0, 0.1, 903754, 124.279
7274, 282, 127, 1, 0, 0.1, 903881, 124.279
7275, 282, 117, 0, 0, 0.1, 903998, 124.278
7276, 16666, 127, 2, 0, 0.1, 904125, 124.278
7277, 266, 127, 1, 0, 0.1, 904252, 124.279
7278, 266, 117, 2, 0, 0.1, 904369, 124.278
7279, 266, 127, 0, 0, 0.1, 904496, 124.278
7280, 282, 127, 1, 0, 0.1, 904623, 124.278
7281, 282, 117, 0, 0, 0.1, 904740, 124.277
7282, 16666, 127, 3, 0, 0.1, 904867, 124.278
7283, 16666, 117, 1, 0, 0.1, 904984, 124.277
7284, 16666, 117, 0, 0, 0.1, 905101, 124.276
7285, 24850, 127, 0, 0, 0.1, 905228, 124.276
7286, 28954, 127, 0, 0, 0.1, 905355, 124.277
7287, 30994, 127, 0, 0, 0.1, 905482, 124.277
7288, 28938, 77, 3, 0, 0.1, 905559, 124.27
7289, 29962, 117, 3, 0, 0.1, 905676, 124.269
7290, 29962, 117, 1, 0, 0.1, 905793, 124.268
7291, 29962, 117, 1, 0, 0.1, 905910, 124.267
7292, 29962, 117, 1, 1, 0.1, 906027, 124.266
7293, 29962, 117, 2, 0, 0.1, 906144, 124.265
7294, 29960, 137, 2, 0, 0.1, 906281, 124.267
7295, 29962, 137, 2, 0, 0.1, 906418, 124.269
7296, 32002, 127, 2, 0, 0.1, 906545, 124.269
7297, 29962, 127, 0, 0, 0.1, 906672, 124.27
7298, 32002, 127, 2, 0, 0.1, 906799, 124.27
7299, 29962, 127, 2, 0, 0.1, 906926, 124.27
7300, 32512, 127, 0, 0, 0.1, 907053, 124.271
7301, 29962, 127, 1, 1, 0.1, 907180, 124.271
7302, 29962, 117, 2, 0, 0.1, 907297, 124.27
7303, 32512, 127, 0, 0, 0.1, 907424, 124.271
7304, 29962, 127, 2, 0, 0.1, 907551, 124.271
7305, 32512, 127, 2, 0, 0.1, 907678, 124.271
7306, 29962, 127, 2, 0, 0.1, 907805, 124.272
7307, 29962, 137, 1, 0, 0.1, 907942, 124.273
7308, 29962, 117, 2, 0, 0.1, 908059, 124.272
7309, 29452, 137, 3, 0, 0.1, 908196, 124.274
7310, 29452, 117, 1, 0, 0.1, 908313, 124.273
7311, 28677, 137, 1, 0, 0.1, 908450, 124.275
7312, 61702, 137, 2, 0, 0.1, 908587, 124.277
7313, 61702, 117, 1, 0, 0.1, 908704, 124.276
7314, 61702, 117, 3, 0, 0.1, 908821, 124.275
7315, 61445, 127, 1, 0, 0.1, 908948, 124.275
7316, 61702, 127, 3, 1, 0.1, 909075, 124.275
7317, 61445, 127, 3, 0, 0.1, 909202, 124.276
7318, 57612, 127, 0, 0, 0.1, 909329, 124.276
7319, 49418, 127, 1, 0, 0.1, 909456, 124.277
7320, 49418, 117, 1, 0, 0.1, 909573, 124.276
7321, 49418, 117, 0, 0, 0.1, 909690, 124.275
7322, 57610, 127, 2, 0, 0.1, 909817, 124.275
7323, 49418, 127, 1, 0, 0.1, 909944, 124.275
7324, 49418, 117, 0, 0, 0.1, 910061, 124.274
7325, 57610, 127, 1, 0, 0.1, 910188, 124.275
7326, 57610, 117, 3, 1, 0.1, 910305, 124.274
7327, 57610, 117, 0, 0, 0.1, 910422, 124.273
7328, 64384, 127, 2, 0, 0.1, 910549, 124.273
7329, 57610, 127, 0, 0, 0.1, 910676, 124.273
7330, 64256, 127, 1, 0, 0.1, 910803, 124.274
7331, 64005, 127, 1, 0, 0.1, 910930, 124.274
7332, 64260, 127, 1, 0, 0.1, 911057, 124.275
7333, 64133, 127, 0, 0, 0.1, 911184, 124.275
7334, 64005, 117, 3, 0, 0.1, 911301, 124.274
7335, 64388, 127, 1, 1, 0.1, 911428, 124.274
7336, 64005, 127, 0, 0, 0.1, 911555, 124.275
7337, 64005, 117, 3, 0, 0.1, 911672, 124.274
7338, 64260, 127, 1, 0, 0.1, 911799, 124.274
7339, 64005, 127, 1, 0, 0.1, 911926, 124.274
7340, 64515, 137, 3, 0, 0.1, 912063, 124.276
7341, 63493, 127, 1, 0, 0.1, 912190, 124.277
7342, 64515, 127, 1, 0, 0.1, 912317, 124.277
7343, 64515, 117, 2, 0, 0.1, 912434, 124.276
7344, 62474, 127, 1, 1, 0.1, 912561, 124.276
7345, 62474, 117, 2, 0, 0.1, 912678, 124.275
7346, 63490, 137, 2, 0, 0.1, 912815, 124.277
7347, 61964, 127, 1, 0, 0.1, 912942, 124.277
7348, 57349, 137, 2, 0, 0.1, 913079, 124.279
7349, 57349, 117, 3, 0, 0.1, 913196, 124.278
7350, 61452, 127, 2, 0, 0.1, 913323, 124.279
7351, 61452, 117, 1, 1, 0.1, 913440, 124.278
7352, 57349, 127, 0, 0, 0.1, 913567, 124.278
7353, 57349, 117, 2, 0, 0.1, 913684, 124.277
7354, 57349, 117, 1, 0, 0.1, 913801, 124.276
7355, 61702, 127, 1, 0, 0.1, 913928, 124.276
7356, 61702, 117, 2, 1, 0.1, 914045, 124.275
7357, 61702, 117, 0, 0, 0.1, 914162, 124.274
7358, 61706, 127, 2, 0, 0.1, 914289, 124.275
7359, 61702, 127, 2, 0, 0.1, 914416, 124.275
7360, 61702, 117, 3, 1, 0.1, 914533, 124.274
7361, 57349, 127, 0, 0, 0.1, 914660, 124.274
7362, 57349, 117, 3, 0, 0.1, 914777, 124.273
7363, 61452, 127, 1, 1, 0.1, 914904, 124.274
7364, 57349, 127, 1, 1, 0.1, 915031, 124.274
7365, 61702, 127, 1, 0, 0.1, 915158, 124.275
7366, 61702, 117, 0, 0, 0.1, 915275, 124.274
7367, 61706, 127, 1, 0, 0.1, 915402, 124.274
7368, 61706, 117, 0, 0, 0.1, 915519, 124.273
7369, 61706, 137, 3, 1, 0.1, 915656, 124.275
7370, 61706, 117, 3, 0, 0.1, 915773, 124.274
7371, 61706, 117, 0, 0, 0.1, 915890, 124.273
7372, 61706, 137, 2, 0, 0.1, 916027, 124.274
7373, 57610, 127, 0, 0, 0.1, 916154, 124.275
7374, 61706, 127, 0, 0, 0.1, 916281, 124.275
7375, 61706, 127, 1, 0, 0.1, 916408, 124.276
7376, 61706, 117, 3, 0, 0.1, 916525, 124.275
7377, 61706, 117, 3, 1, 0.1, 916642, 124.274
7378, 61706, 117, 1, 0, 0.1, 916759, 124.273
7379, 61706, 117, 2, 0, 0.1, 916876, 124.272
7380, 61706, 127, 3, 0, 0.1, 917003, 124.272
7381, 61706, 117, 3, 0, 0.1, 917120, 124.271
7382, 61706, 117, 0, 0, 0.1, 917237, 124.27
7383, 61706, 127, 1, 1, 0.1, 917364, 124.27
7384, 61706, 117, 2, 0, 0.1, 917481, 124.269
7385, 61706, 127, 0, 0, 0.1, 917608, 124.27
7386, 61706, 127, 1, 0, 0.1, 917735, 124.27
7387, 61706, 117, 2, 0, 0.1, 917852, 124.269
7388, 61706, 127, 1, 0, 0.1, 917979, 124.27
7389, 61706, 117, 0, 0, 0.1, 918096, 124.269
7390, 61706, 127, 0, 0, 0.1, 918223, 124.269
7391, 61706, 137, 1, 0, 0.1, 918360, 124.271
7392, 61706, 117, 3, 1, 0.1, 918477, 124.27
7393, 61706, 117, 0, 0, 0.1, 918594, 124.269
7394, 61706, 137, 0, 0, 0.1, 918731, 124.27
7395, 63746, 127, 2, 1, 0.1, 918858, 124.271
7396, 61706, 127, 2, 0, 0.1, 918985, 124.271
7397, 57610, 127, 0, 0, 0.1, 919112, 124.271
7398, 61706, 127, 2, 0, 0.1, 919239, 124.272
7399, 57610, 127, 0, 0, 0.1, 919366, 124.272
7400, 61706, 127, 1, 1, 0.1, 919493, 124.273
7401, 61706, 117, 0, 0, 0.1, 919610, 124.272
7402, 63746, 127, 1, 0, 0.1, 919737, 124.272
7403, 63746, 117, 0, 0, 0.1, 919854, 124.271
7404, 61706, 137, 0, 0, 0.1, 919991, 124.273
7405, 61698, 137, 0, 0, 0.1, 920128, 124.274
7406, 61706, 137, 2, 0, 0.1, 920265, 124.276
7407, 61698, 127, 3, 1, 0.1, 920392, 124.277
7408, 57349, 127, 2, 0, 0.1, 920519, 124.277
7409, 57349, 117, 3, 0, 0.1, 920636, 124.276
7410, 49164, 127, 2, 0, 0.1, 920763, 124.276
7411, 49164, 117, 3, 0, 0.1, 920880, 124.275
7412, 16396, 117, 0, 0, 0.1, 920997, 124.274
7413, 16394, 127, 1, 0, 0.1, 921124, 124.275
7414, 16394, 117, 2, 0, 0.1, 921241, 124.274
7415, 16396, 127, 2, 0, 0.1, 921368, 124.274
7416, 16396, 117, 2, 0, 0.1, 921485, 124.273
7417, 16396, 117, 1, 0, 0.1, 921602, 124.272
7418, 24581, 127, 1, 0, 0.1, 921729, 124.272
7419, 28930, 127, 3, 0, 0.1, 921856, 124.273
7420, 24581, 127, 1, 0, 0.1, 921983, 124.273
7421, 28930, 127, 0, 0, 0.1, 922110, 124.274
7422, 28938, 127, 1, 1, 0.1, 922237, 124.274
7423, 28938, 117, 1, 0, 0.1, 922354, 124.273
7424, 28938, 117, 0, 0, 0.1, 922471, 124.272
7425, 10, 137, 1, 0, 0.1, 922608, 124.274
7426, 10, 117, 3, 0, 0.1, 922725, 124.273
7427, 10, 117, 1, 0, 0.1, 922842, 124.272
7428, 26, 117, 1, 0, 0.1, 922959, 124.271
7429, 26, 117, 1, 1, 0.1, 923076, 124.27
7430, 26, 117, 3, 0, 0.1, 923193, 124.269
7431, 26, 117, 2, 0, 0.1, 923310, 124.268
7432, 26, 127, 3, 1, 0.1, 923437, 124.268
7433, 26, 117, 1, 0, 0.1, 923554, 124.267
7434, 10, 67, 3, 0, 0.1, 923621, 124.26
7435, 29962, 117, 2, 0, 0.1, 923738, 124.259
7436, 30472, 127, 2, 0, 0.1, 923865, 124.259
7437, 29962, 137, 2, 1, 0.1, 924002, 124.261
7438, 32002, 137, 2, 0, 0.1, 924139, 124.262
7439, 29962, 137, 3, 0, 0.1, 924276, 124.264
7440, 29962, 117, 0, 0, 0.1, 924393, 124.263
7441, 32002, 127, 3, 0, 0.1, 924520, 124.263
7442, 30725, 127, 1, 0, 0.1, 924647, 124.264
7443, 32130, 127, 2, 0, 0.1, 924774, 124.264
7444, 29962, 127, 0, 0, 0.1, 924901, 124.265
7445, 32130, 127, 0, 0, 0.1, 925028, 124.265
7446, 29962, 127, 3, 1, 0.1, 925155, 124.265
7447, 29962, 117, 2, 0, 0.1, 925272, 124.264
7448, 32130, 127, 0, 0, 0.1, 925399, 124.265
7449, 29962, 127, 2, 0, 0.1, 925526, 124.265
7450, 32002, 127, 0, 0, 0.1, 925653, 124.265
7451, 29962, 127, 2, 0, 0.1, 925780, 124.266
7452, 32002, 127, 0, 1, 0.1, 925907, 124.266
7453, 29962, 127, 0, 0, 0.1, 926034, 124.267
7454, 30472, 127, 0, 0, 0.1, 926161, 124.267
7455, 29962, 127, 0, 0, 0.1, 926288, 124.267
7456, 30472, 127, 1, 0, 0.1, 926415, 124.268
7457, 29189, 137, 3, 0, 0.1, 926552, 124.269
7458, 30488, 127, 1, 0, 0.1, 926679, 124.27
7459, 29189, 127, 3, 0, 0.1, 926806, 124.27
7460, 30472, 77, 3, 0, 0.1, 926883, 124.264
7461, 29962, 117, 2, 0, 0.1, 927000, 124.263
7462, 30472, 127, 1, 0, 0.1, 927127, 124.263
7463, 29189, 137, 0, 0, 0.1, 927264, 124.265
7464, 29189, 117, 3, 0, 0.1, 927381, 124.264
7465, 30472, 127, 1, 0, 0.1, 927508, 124.264
7466, 29189, 127, 1, 0, 0.1, 927635, 124.265
7467, 29954, 137, 2, 0, 0.1, 927772, 124.266
7468, 29962, 127, 2, 0, 0.1, 927899, 124.267
7469, 30472, 127, 1, 0, 0.1, 928026, 124.267
7470, 29189, 137, 3, 0, 0.1, 928163, 124.269
7471, 30472, 127, 2, 0, 0.1, 928290, 124.269
7472, 28938, 137, 3, 0, 0.1, 928427, 124.271
7473, 28938, 117, 0, 0, 0.1, 928544, 124.27
7474, 29448, 127, 2, 0, 0.1, 928671, 124.27
7475, 28938, 127, 1, 0, 0.1, 928798, 124.271
7476, 28938, 117, 2, 0, 0.1, 928915, 124.27
7477, 31492, 127, 0, 0, 0.1, 929042, 124.27
7478, 28938, 127, 2, 0, 0.1, 929169, 124.27
7479, 31492, 127, 1, 0, 0.1, 929296, 124.271
7480, 31237, 127, 1, 0, 0.1, 929423, 124.271
7481, 31747, 137, 3, 0, 0.1, 929560, 124.273
7482, 30725, 127, 3, 0, 0.1, 929687, 124.273
7483, 30980, 127, 1, 0, 0.1, 929814, 124.273
7484, 30725, 127, 2, 0, 0.1, 929941, 124.274
7485, 30725, 117, 0, 0, 0.1, 930058, 124.273
7486, 30725, 117, 3, 0, 0.1, 930175, 124.272
7487, 30980, 127, 0, 0, 0.1, 930302, 124.272
7488, 28938, 127, 2, 0, 0.1, 930429, 124.273
7489, 30980, 127, 3, 0, 0.1, 930556, 124.273
7490, 30725, 137, 1, 0, 0.1, 930693, 124.275
7491, 30980, 127, 3, 0, 0.1, 930820, 124.275
7492, 30725, 127, 3, 0, 0.1, 930947, 124.275
7493, 32016, 137, 2, 0, 0.1, 931084, 124.277
7494, 29978, 137, 2, 0, 0.1, 931221, 124.279
7495, 29978, 137, 2, 0, 0.1, 931358, 124.28
7496, 28956, 137, 3, 0, 0.1, 931495, 124.282
7497, 28956, 117, 0, 0, 0.1, 931612, 124.281
7498, 24842, 77, 2, 0, 0.1, 931689, 124.275
7499, 30472, 137, 2, 0, 0.1, 931826, 124.277
7500, 29962, 127, 0, 0, 0.1, 931953, 124.277
7501, 30472, 127, 0, 0, 0.1, 932080, 124.277
7502, 29962, 127, 2, 0, 0.1, 932207, 124.278
7503, 30472, 127, 2, 0, 0.1, 932334, 124.278
7504, 29962, 127, 0, 0, 0.1, 932461, 124.278
7505, 30472, 127, 1, 0, 0.1, 932588, 124.279
7506, 28677, 137, 3, 1, 0.1, 932725, 124.28
7507, 29960, 127, 0, 0, 0.1, 932852, 124.281
7508, 29962, 127, 0, 0, 0.1, 932979, 124.281
7509, 30472, 137, 1, 0, 0.1, 933116, 124.283
7510, 29189, 137, 1, 0, 0.1, 933253, 124.285
7511, 29954, 137, 3, 0, 0.1, 933390, 124.286
7512, 28677, 127, 3, 0, 0.1, 933517, 124.287
7513, 29960, 127, 2, 0, 0.1, 933644, 124.287
7514, 29962, 127, 1, 1, 0.1, 933771, 124.287
7515, 29962, 117, 0, 0, 0.1, 933888, 124.286
7516, 29960, 127, 0, 0, 0.1, 934015, 124.287
7517, 25866, 137, 3, 0, 0.1, 934152, 124.288
7518, 25866, 117, 3, 0, 0.1, 934269, 124.287
7519, 25866, 117, 2, 0, 0.1, 934386, 124.287
7520, 25864, 127, 0, 0, 0.1, 934513, 124.287
7521, 25866, 127, 0, 0, 0.1, 934640, 124.287
7522, 32002, 127, 2, 0, 0.1, 934767, 124.288
7523, 25866, 127, 1, 0, 0.1, 934894, 124.288
7524, 25866, 117, 0, 0, 0.1, 935011, 124.287
7525, 32002, 127, 0, 0, 0.1, 935138, 124.287
7526, 29962, 127, 1, 1, 0.1, 935265, 124.288
7527, 29962, 117, 2, 0, 0.1, 935382, 124.287
7528, 32002, 127, 3, 1, 0.1, 935509, 124.287
7529, 30725, 127, 0, 0, 0.1, 935636, 124.287
7530, 30725, 117, 3, 0, 0.1, 935753, 124.286
7531, 31745, 127, 3, 0, 0.1, 935880, 124.287
7532, 30725, 137, 3, 0, 0.1, 936017, 124.289
7533, 30725, 127, 3, 0, 0.1, 936144, 124.289
7534, 30725, 137, 0, 0, 0.1, 936281, 124.291
7535, 30725, 117, 1, 0, 0.1, 936398, 124.29
7536, 30725, 127, 1, 0, 0.1, 936525, 124.29
7537, 26629, 127, 3, 0, 0.1, 936652, 124.29
7538, 30725, 127, 1, 0, 0.1, 936779, 124.291
7539, 26629, 127, 0, 1, 0.1, 936906, 124.291
7540, 26629, 117, 2, 0, 0.1, 937023, 124.29
7541, 26629, 117, 3, 0, 0.1, 937140, 124.289
7542, 30725, 127, 3, 0, 0.1, 937267, 124.289
7543, 30725, 127, 3, 0, 0.1, 937394, 124.29
7544, 29705, 137, 2, 0, 0.1, 937531, 124.292
7545, 29770, 127, 0, 0, 0.1, 937658, 124.292
7546, 29769, 127, 3, 0, 0.1, 937785, 124.292
7547, 29769, 67, 3, 0, 0.1, 937852, 124.285
7548, 25866, 117, 2, 0, 0.1, 937969, 124.284
7549, 30472, 127, 2, 0, 0.1, 938096, 124.284
7550, 29962, 127, 0, 0, 0.1, 938223, 124.284
7551, 30472, 127, 2, 0, 0.1, 938350, 124.285
7552, 29962, 127, 0, 0, 0.1, 938477, 124.285
7553, 30472, 127, 1, 0, 0.1, 938604, 124.285
7554, 29189, 127, 2, 0, 0.1, 938731, 124.286
7555, 29189, 117, 3, 0, 0.1, 938848, 124.285
7556, 30472, 127, 0, 0, 0.1, 938975, 124.285
7557, 25866, 127, 0, 0, 0.1, 939102, 124.286
7558, 30472, 127, 2, 0, 0.1, 939229, 124.286
7559, 25866, 127, 2, 0, 0.1, 939356, 124.286
7560, 30472, 127, 1, 0, 0.1, 939483, 124.287
7561, 29189, 127, 1, 0, 0.1, 939610, 124.287
7562, 29954, 137, 3, 0, 0.1, 939747, 124.289
7563, 28677, 127, 1, 0, 0.1, 939874, 124.289
7564, 29954, 127, 2, 0, 0.1, 940001, 124.289
7565, 29962, 137, 0, 0, 0.1, 940138, 124.291
7566, 29954, 127, 2, 0, 0.1, 940265, 124.291
7567, 29962, 127, 0, 0, 0.1, 940392, 124.292
7568, 29954, 127, 3, 0, 0.1, 940519, 124.292
7569, 28677, 127, 0, 1, 0.1, 940646, 124.293
7570, 28677, 117, 3, 0, 0.1, 940763, 124.292
7571, 29960, 127, 0, 0, 0.1, 940890, 124.292
7572, 25866, 127, 0, 0, 0.1, 941017, 124.292
7573, 30472, 127, 2, 0, 0.1, 941144, 124.293
7574, 25866, 127, 0, 0, 0.1, 941271, 124.293
7575, 30472, 127, 1, 0, 0.1, 941398, 124.293
7576, 29189, 127, 1, 0, 0.1, 941525, 124.294
7577, 29954, 137, 2, 1, 0.1, 941662, 124.295
7578, 25866, 137, 1, 0, 0.1, 941799, 124.297
7579, 25866, 117, 3, 0, 0.1, 941916, 124.296
7580, 25866, 117, 2, 0, 0.1, 942033, 124.295
7581, 29954, 127, 3, 0, 0.1, 942160, 124.296
7582, 24581, 127, 1, 0, 0.1, 942287, 124.296
7583, 29954, 127, 3, 0, 0.1, 942414, 124.296
7584, 24581, 127, 1, 1, 0.1, 942541, 124.297
7585, 29954, 127, 2, 0, 0.1, 942668, 124.297
7586, 29962, 127, 0, 0, 0.1, 942795, 124.297
7587, 29954, 127, 0, 0, 0.1, 942922, 124.298
7588, 25866, 127, 0, 0, 0.1, 943049, 124.298
7589, 25858, 127, 0, 0, 0.1, 943176, 124.298
7590, 29962, 127, 2, 0, 0.1, 943303, 124.299
7591, 25858, 127, 2, 0, 0.1, 943430, 124.299
7592, 25866, 127, 0, 0, 0.1, 943557, 124.299
7593, 25858, 127, 1, 0, 0.1, 943684, 124.3
7594, 25858, 117, 0, 0, 0.1, 943801, 124.299
7595, 29962, 127, 2, 0, 0.1, 943928, 124.299
7596, 25858, 127, 0, 0, 0.1, 944055, 124.3
7597, 29962, 127, 3, 0, 0.1, 944182, 124.3
7598, 29962, 117, 3, 0, 0.1, 944299, 124.299
7599, 29962, 117, 3, 1, 0.1, 944416, 124.298
7600, 29962, 117, 0, 0, 0.1, 944533, 124.297
7601, 30472, 127, 1, 0, 0.1, 944660, 124.297
7602, 29189, 137, 3, 0, 0.1, 944797, 124.299
7603, 30472, 127, 2, 0, 0.1, 944924, 124.299
7604, 25866, 127, 0, 0, 0.1, 945051, 124.3
7605, 30472, 127, 1, 0, 0.1, 945178, 124.3
7606, 29189, 127, 2, 1, 0.1, 945305, 124.3
7607, 29189, 117, 3, 0, 0.1, 945422, 124.3
7608, 30472, 127, 1, 0, 0.1, 945549, 124.3
7609, 29189, 127, 2, 0, 0.1, 945676, 124.3
7610, 29189, 117, 0, 1, 0.1, 945793, 124.299
7611, 29189, 117, 3, 0, 0.1, 945910, 124.298
7612, 30472, 127, 0, 0, 0.1, 946037, 124.299
7613, 29962, 127, 0, 0, 0.1, 946164, 124.299
7614, 27649, 137, 3, 1, 0.1, 946301, 124.301
7615, 30725, 127, 1, 0, 0.1, 946428, 124.301
7616, 27649, 127, 0, 1, 0.1, 946555, 124.301
7617, 27649, 117, 1, 0, 0.1, 946672, 124.3
7618, 18565, 127, 3, 0, 0.1, 946799, 124.301
7619, 27777, 127, 3, 0, 0.1, 946926, 124.301
7620, 30757, 77, 2, 0, 0.1, 947003, 124.295
7621, 29960, 137, 2, 0, 0.1, 947140, 124.297
7622, 29962, 127, 1, 1, 0.1, 947267, 124.297
7623, 29962, 117, 2, 1, 0.1, 947384, 124.296
7624, 32002, 127, 2, 0, 0.1, 947511, 124.296
7625, 29962, 137, 2, 0, 0.1, 947648, 124.298
7626, 32512, 127, 2, 0, 0.1, 947775, 124.298
7627, 29962, 127, 3, 1, 0.1, 947902, 124.299
7628, 29962, 117, 3, 0, 0.1, 948019, 124.298
7629, 29962, 117, 0, 0, 0.1, 948136, 124.297
7630, 32512, 127, 1, 0, 0.1, 948263, 124.297
7631, 31237, 127, 3, 0, 0.1, 948390, 124.298
7632, 32512, 127, 2, 0, 0.1, 948517, 124.298
7633, 29962, 127, 0, 0, 0.1, 948644, 124.298
7634, 32512, 127, 0, 0, 0.1, 948771, 124.299
7635, 29962, 127, 0, 0, 0.1, 948898, 124.299
7636, 32002, 127, 2, 0, 0.1, 949025, 124.299
7637, 29962, 127, 0, 0, 0.1, 949152, 124.3
7638, 32002, 127, 0, 0, 0.1, 949279, 124.3
7639, 29962, 127, 0, 0, 0.1, 949406, 124.3
7640, 29960, 127, 0, 0, 0.1, 949533, 124.301
7641, 29962, 127, 2, 0, 0.1, 949660, 124.301
7642, 29960, 127, 2, 0, 0.1, 949787, 124.301
7643, 29962, 127, 2, 0, 0.1, 949914, 124.302
7644, 32002, 127, 2, 0, 0.1, 950041, 124.302
7645, 29962, 127, 0, 0, 0.1, 950168, 124.302
7646, 32002, 127, 0, 0, 0.1, 950295, 124.303
7647, 29962, 127, 2, 0, 0.1, 950422, 124.303
7648, 32002, 127, 0, 0, 0.1, 950549, 124.304
7649, 29962, 127, 0, 0, 0.1, 950676, 124.304
7650, 29960, 127, 2, 0, 0.1, 950803, 124.304
7651, 29962, 127, 0, 0, 0.1, 950930, 124.305
7652, 29960, 127, 2, 0, 0.1, 951057, 124.305
7653, 29962, 127, 0, 0, 0.1, 951184, 124.305
7654, 29960, 127, 3, 1, 0.1, 951311, 124.306
7655, 29960, 117, 2, 0, 0.1, 951428, 124.305
7656, 29962, 127, 2, 0, 0.1, 951555, 124.305
7657, 32002, 127, 3, 1, 0.1, 951682, 124.305
7658, 16389, 137, 3, 0, 0.1, 951819, 124.307
7659, 4, 127, 1, 0, 0.1, 951946, 124.307
7660, 16389, 127, 1, 0, 0.1, 952073, 124.308
7661, 25858, 127, 2, 0, 0.1, 952200, 124.308
7662, 29962, 127, 1, 1, 0.1, 952327, 124.308
7663, 29962, 117, 2, 0, 0.1, 952444, 124.307
7664, 32512, 127, 2, 0, 0.1, 952571, 124.308
7665, 29962, 127, 1, 0, 0.1, 952698, 124.308
7666, 29962, 117, 2, 0, 0.1, 952815, 124.307
7667, 29962, 127, 0, 0, 0.1, 952942, 124.308
7668, 29962, 127, 1, 0, 0.1, 953069, 124.308
7669, 29962, 117, 1, 1, 0.1, 953186, 124.307
7670, 29962, 117, 2, 0, 0.1, 953303, 124.306
7671, 29962, 127, 0, 0, 0.1, 953430, 124.306
7672, 29962, 127, 2, 0, 0.1, 953557, 124.307
7673, 29962, 127, 2, 1, 0.1, 953684, 124.307
7674, 28940, 137, 0, 0, 0.1, 953821, 124.309
7675, 24842, 127, 0, 0, 0.1, 953948, 124.309
7676, 28938, 127, 0, 0, 0.1, 954075, 124.309
7677, 31488, 127, 0, 0, 0.1, 954202, 124.31
7678, 28938, 127, 1, 0, 0.1, 954329, 124.31
7679, 28938, 117, 0, 0, 0.1, 954446, 124.309
7680, 24834, 127, 0, 0, 0.1, 954573, 124.31
7681, 24842, 127, 2, 0, 0.1, 954700, 124.31
7682, 24834, 127, 0, 0, 0.1, 954827, 124.31
7683, 24842, 127, 2, 0, 0.1, 954954, 124.311
7684, 24962, 127, 2, 0, 0.1, 955081, 124.311
7685, 28938, 127, 0, 0, 0.1, 955208, 124.311
7686, 24834, 127, 2, 0, 0.1, 955335, 124.312
7687, 28938, 127, 0, 0, 0.1, 955462, 124.312
7688, 24834, 127, 0, 0, 0.1, 955589, 124.312
7689, 24842, 127, 2, 0, 0.1, 955716, 124.313
7690, 24834, 127, 0, 0, 0.1, 955843, 124.313
7691, 24842, 127, 2, 0, 0.1, 955970, 124.313
7692, 24834, 127, 0, 0, 0.1, 956097, 124.314
7693, 24842, 127, 2, 0, 0.1, 956224, 124.314
7694, 24834, 127, 1, 0, 0.1, 956351, 124.314
7695, 24850, 117, 3, 0, 0.1, 956468, 124.313
7696, 16389, 127, 3, 1, 0.1, 956595, 124.314
7697, 4, 127, 1, 0, 0.1, 956722, 124.314
7698, 16389, 127, 3, 0, 0.1, 956849, 124.315
7699, 4, 127, 0, 0, 0.1, 956976, 124.315
7700, 10, 127, 0, 0, 0.1, 957103, 124.315
7701, 10, 127, 0, 0, 0.1, 957230, 124.316
7702, 16394, 127, 3, 0, 0.1, 957357, 124.316
7703, 16410, 117, 1, 0, 0.1, 957474, 124.315
7704, 16410, 117, 0, 0, 0.1, 957591, 124.314
7705, 24586, 77, 3, 0, 0.1, 957668, 124.308
7706, 29962, 117, 2, 0, 0.1, 957785, 124.307
7707, 30472, 127, 1, 0, 0.1, 957912, 124.307
7708, 29189, 127, 1, 0, 0.1, 958039, 124.308
7709, 25858, 137, 1, 0, 0.1, 958176, 124.309
7710, 25858, 117, 0, 0, 0.1, 958293, 124.308
7711, 29962, 127, 3, 0, 0.1, 958420, 124.309
7712, 29962, 117, 2, 0, 0.1, 958537, 124.308
7713, 25858, 127, 0, 0, 0.1, 958664, 124.308
7714, 29962, 127, 0, 0, 0.1, 958791, 124.308
7715, 29954, 127, 3, 0, 0.1, 958918, 124.309
7716, 28677, 127, 1, 0, 0.1, 959045, 124.309
7717, 29954, 127, 2, 0, 0.1, 959172, 124.309
7718, 29962, 127, 2, 0, 0.1, 959299, 124.31
7719, 25858, 127, 0, 1, 0.1, 959426, 124.31
7720, 29962, 127, 2, 0, 0.1, 959553, 124.311
7721, 25858, 127, 1, 0, 0.1, 959680, 124.311
7722, 25858, 117, 0, 0, 0.1, 959797, 124.31
7723, 29962, 127, 2, 0, 0.1, 959924, 124.31
7724, 25858, 127, 0, 0, 0.1, 960051, 124.311
7725, 29962, 127, 0, 0, 0.1, 960178, 124.311
7726, 29954, 127, 2, 0, 0.1, 960305, 124.311
7727, 29962, 127, 3, 0, 0.1, 960432, 124.312
7728, 29962, 117, 2, 0, 0.1, 960549, 124.311
7729, 25858, 127, 0, 0, 0.1, 960676, 124.311
7730, 29962, 127, 2, 0, 0.1, 960803, 124.311
7731, 25858, 127, 0, 0, 0.1, 960930, 124.312
7732, 29962, 127, 2, 0, 0.1, 961057, 124.312
7733, 25858, 127, 0, 0, 0.1, 961184, 124.312
7734, 29962, 127, 0, 0, 0.1, 961311, 124.313
7735, 29954, 127, 2, 0, 0.1, 961438, 124.313
7736, 29962, 127, 0, 0, 0.1, 961565, 124.314
7737, 29954, 127, 2, 0, 0.1, 961692, 124.314
7738, 29962, 127, 1, 0, 0.1, 961819, 124.314
7739, 29962, 117, 1, 0, 0.1, 961936, 124.313
7740, 29962, 117, 0, 0, 0.1, 962053, 124.312
7741, 29954, 127, 3, 0, 0.1, 962180, 124.313
7742, 28677, 127, 1, 0, 0.1, 962307, 124.313
7743, 29954, 127, 3, 0, 0.1, 962434, 124.313
7744, 28677, 127, 3, 0, 0.1, 962561, 124.314
7745, 29960, 127, 2, 0, 0.1, 962688, 124.314
7746, 29962, 127, 2, 0, 0.1, 962815, 124.314
7747, 29960, 127, 0, 1, 0.1, 962942, 124.315
7748, 29962, 127, 1, 1, 0.1, 963069, 124.315
7749, 29962, 117, 0, 0, 0.1, 963186, 124.314
7750, 29960, 127, 2, 0, 0.1, 963313, 124.314
7751, 29962, 127, 2, 0, 0.1, 963440, 124.315
7752, 29960, 127, 2, 0, 0.1, 963567, 124.315
7753, 29962, 127, 1, 0, 0.1, 963694, 124.316
7754, 29962, 117, 0, 0, 0.1, 963811, 124.315
7755, 29960, 127, 3, 1, 0.1, 963938, 124.315
7756, 29960, 117, 1, 0, 0.1, 964055, 124.314
7757, 24581, 127, 3, 0, 0.1, 964182, 124.314
7758, 29960, 127, 0, 0, 0.1, 964309, 124.315
7759, 29962, 127, 1, 0, 0.1, 964436, 124.315
7760, 29962, 117, 0, 0, 0.1, 964553, 124.314
7761, 29960, 127, 0, 0, 0.1, 964680, 124.314
7762, 29962, 137, 0, 0, 0.1, 964817, 124.316
7763, 32002, 137, 3, 0, 0.1, 964954, 124.318
7764, 30725, 127, 0, 1, 0.1, 965081, 124.318
7765, 30725, 117, 1, 0, 0.1, 965198, 124.317
7766, 32002, 127, 3, 0, 0.1, 965325, 124.317
7767, 30725, 127, 3, 0, 0.1, 965452, 124.318
7768, 31745, 137, 3, 0, 0.1, 965589, 124.319
7769, 30725, 127, 3, 0, 0.1, 965716, 124.32
7770, 30725, 137, 2, 0, 0.1, 965853, 124.321
7771, 30725, 117, 1, 0, 0.1, 965970, 124.32
7772, 30725, 127, 3, 0, 0.1, 966097, 124.321
7773, 30725, 127, 3, 0, 0.1, 966224, 124.321
7774, 30725, 137, 3, 0, 0.1, 966361, 124.323
7775, 29705, 137, 0, 0, 0.1, 966498, 124.324
7776, 29769, 117, 2, 0, 0.1, 966615, 124.323
7777, 29770, 77, 3, 0, 0.1, 966692, 124.317
7778, 29962, 117, 2, 0, 0.1, 966809, 124.316
7779, 30472, 137, 2, 0, 0.1, 966946, 124.318
7780, 29962, 127, 3, 0, 0.1, 967073, 124.318
7781, 29962, 117, 1, 0, 0.1, 967190, 124.317
7782, 29962, 117, 0, 0, 0.1, 967307, 124.317
7783, 30472, 127, 0, 0, 0.1, 967434, 124.317
7784, 29962, 127, 2, 0, 0.1, 967561, 124.317
7785, 30472, 127, 1, 0, 0.1, 967688, 124.318
7786, 29189, 137, 3, 0, 0.1, 967825, 124.319
7787, 30472, 127, 2, 0, 0.1, 967952, 124.32
7788, 29962, 127, 1, 0, 0.1, 968079, 124.32
7789, 29962, 117, 2, 0, 0.1, 968196, 124.319
7790, 32130, 127, 2, 0, 0.1, 968323, 124.319
7791, 29962, 127, 0, 0, 0.1, 968450, 124.32
7792, 32130, 127, 2, 0, 0.1, 968577, 124.32
7793, 29962, 127, 0, 0, 0.1, 968704, 124.32
7794, 32130, 127, 2, 0, 0.1, 968831, 124.321
7795, 29962, 127, 2, 0, 0.1, 968958, 124.321
7796, 32512, 127, 0, 0, 0.1, 969085, 124.321
7797, 29962, 127, 0, 0, 0.1, 969212, 124.322
7798, 32002, 127, 2, 0, 0.1, 969339, 124.322
7799, 29962, 127, 0, 0, 0.1, 969466, 124.322
7800, 32002, 127, 0, 0, 0.1, 969593, 124.323
7801, 29962, 127, 0, 0, 0.1, 969720, 124.323
7802, 30472, 127, 2, 0, 0.1, 969847, 124.323
7803, 29962, 127, 3, 0, 0.1, 969974, 124.324
7804, 29962, 117, 1, 1, 0.1, 970091, 124.323
7805, 29962, 117, 2, 0, 0.1, 970208, 124.322
7806, 32002, 127, 0, 0, 0.1, 970335, 124.322
7807, 29962, 127, 3, 0, 0.1, 970462, 124.323
7808, 29962, 117, 3, 1, 0.1, 970579, 124.322
7809, 29962, 117, 3, 0, 0.1, 970696, 124.321
7810, 29962, 117, 2, 0, 0.1, 970813, 124.32
7811, 32002, 127, 2, 0, 0.1, 970940, 124.32
7812, 29962, 127, 2, 0, 0.1, 971067, 124.32
7813, 32512, 127, 1, 0, 0.1, 971194, 124.321
7814, 31237, 137, 3, 1, 0.1, 971331, 124.322
7815, 32512, 127, 0, 0, 0.1, 971458, 124.323
7816, 29962, 127, 2, 0, 0.1, 971585, 124.323
7817, 32512, 127, 0, 0, 0.1, 971712, 124.323
7818, 29962, 127, 2, 0, 0.1, 971839, 124.324
7819, 32512, 127, 1, 0, 0.1, 971966, 124.324
7820, 31237, 127, 3, 0, 0.1, 972093, 124.324
7821, 32512, 127, 1, 0, 0.1, 972220, 124.325
7822, 31237, 127, 3, 0, 0.1, 972347, 124.325
7823, 32512, 127, 2, 0, 0.1, 972474, 124.325
7824, 29962, 137, 2, 0, 0.1, 972611, 124.327
7825, 24842, 137, 1, 0, 0.1, 972748, 124.329
7826, 24842, 117, 2, 0, 0.1, 972865, 124.328
7827, 28940, 127, 1, 0, 0.1, 972992, 124.328
7828, 28677, 127, 3, 0, 0.1, 973119, 124.328
7829, 28940, 127, 1, 0, 0.1, 973246, 124.329
7830, 28677, 127, 3, 0, 0.1, 973373, 124.329
7831, 28940, 127, 2, 0, 0.1, 973500, 124.33
7832, 28940, 117, 0, 0, 0.1, 973617, 124.329
7833, 24842, 127, 2, 0, 0.1, 973744, 124.329
7834, 28940, 127, 0, 0, 0.1, 973871, 124.329
7835, 24842, 127, 0, 0, 0.1, 973998, 124.33
7836, 28938, 127, 0, 0, 0.1, 974125, 124.33
7837, 31488, 127, 3, 0, 0.1, 974252, 124.33
7838, 27141, 137, 3, 0, 0.1, 974389, 124.332
7839, 27141, 127, 1, 0, 0.1, 974516, 124.332
7840, 27141, 127, 1, 0, 0.1, 974643, 124.333
7841, 31616, 127, 1, 0, 0.1, 974770, 124.333
7842, 31237, 127, 1, 0, 0.1, 974897, 124.333
7843, 31492, 137, 1, 0, 0.1, 975034, 124.335
7844, 30853, 137, 1, 0, 0.1, 975171, 124.336
7845, 31875, 127, 1, 0, 0.1, 975298, 124.337
7846, 31875, 117, 3, 0, 0.1, 975415, 124.336
7847, 30725, 77, 2, 0, 0.1, 975492, 124.33
7848, 30472, 127, 0, 0, 0.1, 975619, 124.33
7849, 29962, 127, 2, 0, 0.1, 975746, 124.331
7850, 30472, 127, 0, 0, 0.1, 975873, 124.331
7851, 29962, 127, 1, 0, 0.1, 976000, 124.331
7852, 29962, 117, 3, 0, 0.1, 976117, 124.33
7853, 29962, 117, 0, 0, 0.1, 976234, 124.329
7854, 29960, 137, 1, 0, 0.1, 976371, 124.331
7855, 28677, 127, 1, 0, 0.1, 976498, 124.331
7856, 29954, 127, 0, 0, 0.1, 976625, 124.332
7857, 29962, 127, 0, 0, 0.1, 976752, 124.332
7858, 29960, 137, 2, 0, 0.1, 976889, 124.334
7859, 29962, 127, 2, 0, 0.1, 977016, 124.334
7860, 29954, 127, 3, 1, 0.1, 977143, 124.334
7861, 28677, 127, 2, 0, 0.1, 977270, 124.335
7862, 28677, 117, 1, 0, 0.1, 977387, 124.334
7863, 29954, 127, 2, 0, 0.1, 977514, 124.334
7864, 29962, 127, 0, 0, 0.1, 977641, 124.334
7865, 29954, 127, 3, 0, 0.1, 977768, 124.335
7866, 28677, 127, 3, 0, 0.1, 977895, 124.335
7867, 29960, 127, 0, 0, 0.1, 978022, 124.335
7868, 29962, 137, 2, 1, 0.1, 978159, 124.337
7869, 29960, 127, 2, 0, 0.1, 978286, 124.337
7870, 25866, 127, 0, 0, 0.1, 978413, 124.338
7871, 29976, 127, 2, 0, 0.1, 978540, 124.338
7872, 25882, 127, 2, 0, 0.1, 978667, 124.338
7873, 30488, 127, 0, 0, 0.1, 978794, 124.339
7874, 25866, 77, 2, 0, 0.1, 978871, 124.333
7875, 30472, 137, 3, 0, 0.1, 979008, 124.334
7876, 30472, 117, 2, 0, 0.1, 979125, 124.333
7877, 29962, 137, 1, 0, 0.1, 979262, 124.335
7878, 29962, 117, 0, 0, 0.1, 979379, 124.334
7879, 30472, 127, 0, 0, 0.1, 979506, 124.334
7880, 29962, 127, 2, 0, 0.1, 979633, 124.335
7881, 30472, 127, 0, 1, 0.1, 979760, 124.335
7882, 29962, 127, 2, 0, 0.1, 979887, 124.335
7883, 30472, 127, 3, 1, 0.1, 980014, 124.336
7884, 30472, 117, 1, 0, 0.1, 980131, 124.335
7885, 29189, 127, 0, 0, 0.1, 980258, 124.335
7886, 29189, 117, 3, 0, 0.1, 980375, 124.334
7887, 30472, 127, 1, 0, 0.1, 980502, 124.335
7888, 29189, 127, 1, 0, 0.1, 980629, 124.335
7889, 29954, 137, 2, 0, 0.1, 980766, 124.336
7890, 29962, 137, 0, 0, 0.1, 980903, 124.338
7891, 29954, 127, 2, 1, 0.1, 981030, 124.338
7892, 29962, 127, 2, 0, 0.1, 981157, 124.339
7893, 29960, 127, 2, 0, 0.1, 981284, 124.339
7894, 29962, 137, 2, 0, 0.1, 981421, 124.341
7895, 31492, 137, 0, 0, 0.1, 981558, 124.342
7896, 28938, 127, 0, 0, 0.1, 981685, 124.343
7897, 24840, 127, 2, 0, 0.1, 981812, 124.343
7898, 28938, 127, 0, 0, 0.1, 981939, 124.343
7899, 24840, 127, 2, 0, 0.1, 982066, 124.344
7900, 28938, 127, 2, 0, 0.1, 982193, 124.344
7901, 31492, 127, 1, 0, 0.1, 982320, 124.344
7902, 31237, 137, 1, 1, 0.1, 982457, 124.346
7903, 31747, 137, 2, 0, 0.1, 982594, 124.348
7904, 29706, 137, 2, 0, 0.1, 982731, 124.349
7905, 31746, 127, 1, 0, 0.1, 982858, 124.349
7906, 31746, 117, 0, 1, 0.1, 982975, 124.349
7907, 29706, 127, 2, 0, 0.1, 983102, 124.349
7908, 31746, 127, 3, 0, 0.1, 983229, 124.349
7909, 28677, 137, 3, 0, 0.1, 983366, 124.351
7910, 28681, 127, 3, 0, 0.1, 983493, 124.351
7911, 28681, 117, 2, 0, 0.1, 983610, 124.35
7912, 63494, 137, 1, 0, 0.1, 983747, 124.352
7913, 63494, 117, 0, 0, 0.1, 983864, 124.351
7914, 57353, 127, 3, 0, 0.1, 983991, 124.351
7915, 57353, 117, 3, 0, 0.1, 984108, 124.35
7916, 57353, 117, 1, 0, 0.1, 984225, 124.349
7917, 61445, 127, 1, 0, 0.1, 984352, 124.35
7918, 62466, 127, 0, 0, 0.1, 984479, 124.35
7919, 62474, 127, 0, 0, 0.1, 984606, 124.35
7920, 60419, 127, 3, 0, 0.1, 984733, 124.351
7921, 63493, 127, 3, 0, 0.1, 984860, 124.351
7922, 63748, 127, 3, 0, 0.1, 984987, 124.351
7923, 63493, 137, 3, 0, 0.1, 985124, 124.353
7924, 64768, 137, 0, 0, 0.1, 985261, 124.355
7925, 62730, 127, 0, 0, 0.1, 985388, 124.355
7926, 52482, 137, 2, 0, 0.1, 985525, 124.356
7927, 58634, 127, 0, 0, 0.1, 985652, 124.357
7928, 52482, 127, 0, 0, 0.1, 985779, 124.357
7929, 58634, 127, 0, 0, 0.1, 985906, 124.357
7930, 62728, 127, 2, 0, 0.1, 986033, 124.358
7931, 58634, 127, 2, 0, 0.1, 986160, 124.358
7932, 52482, 127, 3, 0, 0.1, 986287, 124.358
7933, 51205, 127, 3, 0, 0.1, 986414, 124.359
7934, 59652, 127, 0, 0, 0.1, 986541, 124.359
7935, 61706, 127, 3, 0, 0.1, 986668, 124.359
7936, 61706, 117, 2, 1, 0.1, 986785, 124.359
7937, 59652, 127, 1, 0, 0.1, 986912, 124.359
7938, 51205, 127, 2, 0, 0.1, 987039, 124.359
7939, 51205, 117, 2, 0, 0.1, 987156, 124.358
7940, 51205, 117, 0, 0, 0.1, 987273, 124.357
7941, 51205, 117, 0, 0, 0.1, 987390, 124.356
7942, 51205, 117, 0, 0, 0.1, 987507, 124.355
7943, 51205, 117, 0, 0, 0.1, 987624, 124.355
7944, 51205, 117, 3, 0, 0.1, 987741, 124.354
7945, 59652, 127, 1, 0, 0.1, 987868, 124.354
7946, 51205, 127, 3, 0, 0.1, 987995, 124.354
7947, 59652, 127, 3, 0, 0.1, 988122, 124.355
7948, 59397, 127, 1, 0, 0.1, 988249, 124.355
7949, 59652, 127, 0, 0, 0.1, 988376, 124.355
7950, 61706, 127, 2, 0, 0.1, 988503, 124.356
7951, 59668, 127, 3, 0, 0.1, 988630, 124.356
7952, 59397, 127, 1, 0, 0.1, 988757, 124.356
7953, 59668, 127, 0, 0, 0.1, 988884, 124.357
7954, 61706, 127, 2, 0, 0.1, 989011, 124.357
7955, 59652, 127, 3, 0, 0.1, 989138, 124.357
7956, 59397, 127, 0, 0, 0.1, 989265, 124.358
7957, 59397, 117, 0, 0, 0.1, 989382, 124.357
7958, 59397, 117, 3, 0, 0.1, 989499, 124.356
7959, 63493, 127, 3, 1, 0.1, 989626, 124.356
7960, 63493, 127, 1, 0, 0.1, 989753, 124.356
7961, 63493, 127, 3, 0, 0.1, 989880, 124.357
7962, 63493, 127, 1, 0, 0.1, 990007, 124.357
7963, 63493, 127, 1, 0, 0.1, 990134, 124.357
7964, 59397, 127, 1, 0, 0.1, 990261, 124.358
7965, 59652, 127, 0, 0, 0.1, 990388, 124.358
7966, 61706, 127, 3, 1, 0.1, 990515, 124.358
7967, 61706, 117, 0, 0, 0.1, 990632, 124.358
7968, 61706, 127, 0, 0, 0.1, 990759, 124.358
7969, 61706, 137, 0, 0, 0.1, 990896, 124.359
7970, 61706, 127, 0, 0, 0.1, 991023, 124.36
7971, 61450, 137, 1, 0, 0.1, 991160, 124.361
7972, 61450, 117, 0, 0, 0.1, 991277, 124.36
7973, 64129, 127, 1, 0, 0.1, 991404, 124.361
7974, 63621, 137, 2, 0, 0.1, 991541, 124.362
7975, 63493, 117, 0, 0, 0.1, 991658, 124.361
7976, 63621, 117, 0, 1, 0.1, 991775, 124.361
7977, 63493, 117, 1, 0, 0.1, 991892, 124.36
7978, 64898, 127, 1, 0, 0.1, 992019, 124.36
7979, 64914, 117, 3, 0, 0.1, 992136, 124.359
7980, 63621, 127, 1, 0, 0.1, 992263, 124.359
7981, 64914, 127, 3, 0, 0.1, 992390, 124.36
7982, 63621, 127, 3, 0, 0.1, 992517, 124.36
7983, 63489, 127, 3, 0, 0.1, 992644, 124.36
7984, 63493, 137, 0, 0, 0.1, 992781, 124.362
7985, 63493, 117, 3, 0, 0.1, 992898, 124.361
7986, 57349, 137, 2, 0, 0.1, 993035, 124.363
7987, 57349, 117, 3, 0, 0.1, 993152, 124.362
7988, 61445, 127, 3, 0, 0.1, 993279, 124.362
7989, 62537, 127, 0, 0, 0.1, 993406, 124.362
7990, 62537, 117, 2, 0, 0.1, 993523, 124.361
7991, 62474, 137, 1, 0, 0.1, 993660, 124.363
7992, 62474, 117, 1, 0, 0.1, 993777, 124.362
7993, 62474, 117, 0, 0, 0.1, 993894, 124.361
7994, 62473, 127, 0, 0, 0.1, 994021, 124.361
7995, 62473, 117, 0, 0, 0.1, 994138, 124.361
7996, 62473, 117, 0, 0, 0.1, 994255, 124.36
7997, 62473, 117, 1, 0, 0.1, 994372, 124.359
7998, 57349, 127, 3, 0, 0.1, 994499, 124.359
7999, 62473, 127, 1, 0, 0.1, 994626, 124.359
8000, 57349, 127, 1, 0, 0.1, 994753, 124.36
8001, 49157, 127, 0, 0, 0.1, 994880, 124.36
8002, 49157, 117, 0, 0, 0.1, 994997, 124.359
8003, 49157, 117, 3, 0, 0.1, 995114, 124.358
8004, 57349, 127, 3, 0, 0.1, 995241, 124.358
8005, 62473, 127, 2, 0, 0.1, 995368, 124.359
8006, 62538, 127, 2, 1, 0.1, 995495, 124.359
8007, 64512, 137, 1, 0, 0.1, 995632, 124.361
8008, 64513, 127, 0, 0, 0.1, 995759, 124.361
8009, 64513, 117, 1, 0, 0.1, 995876, 124.36
8010, 59395, 127, 3, 0, 0.1, 996003, 124.36
8011, 64513, 127, 1, 0, 0.1, 996130, 124.361
8012, 26627, 127, 1, 1, 0.1, 996257, 124.361
8013, 26627, 117, 0, 1, 0.1, 996374, 124.36
8014, 26627, 117, 0, 0, 0.1, 996491, 124.359
8015, 26627, 117, 3, 0, 0.1, 996608, 124.358
8016, 31745, 127, 0, 1, 0.1, 996735, 124.359
8017, 31745, 117, 3, 0, 0.1, 996852, 124.358
8018, 31744, 127, 2, 0, 0.1, 996979, 124.358
8019, 29704, 127, 0, 1, 0.1, 997106, 124.358
8020, 31808, 127, 1, 0, 0.1, 997233, 124.359
8021, 31745, 127, 2, 0, 0.1, 997360, 124.359
8022, 29696, 127, 3, 0, 0.1, 997487, 124.359
8023, 29704, 77, 2, 0, 0.1, 997564, 124.354
8024, 24840, 137, 1, 0, 0.1, 997701, 124.355
8025, 24581, 127, 3, 0, 0.1, 997828, 124.355
8026, 24840, 127, 0, 0, 0.1, 997955, 124.356
8027, 28938, 127, 2, 0, 0.1, 998082, 124.356
8028, 24840, 127, 0, 0, 0.1, 998209, 124.356
8029, 28938, 127, 2, 0, 0.1, 998336, 124.357
8030, 24840, 127, 0, 0, 0.1, 998463, 124.357
8031, 28938, 127, 2, 1, 0.1, 998590, 124.357
8032, 24840, 127, 3, 0, 0.1, 998717, 124.358
8033, 24840, 117, 3, 0, 0.1, 998834, 124.357
8034, 24840, 117, 2, 0, 0.1, 998951, 124.356
8035, 28938, 127, 0, 0, 0.1, 999078, 124.356
8036, 24840, 127, 0, 0, 0.1, 999205, 124.357
8037, 28938, 127, 3, 1, 0.1, 999332, 124.357
8038, 28938, 117, 0, 0, 0.1, 999449, 124.356
8039, 29448, 127, 1, 0, 0.1, 999576, 124.356
8040, 28677, 137, 3, 0, 0.1, 999713, 124.358
8041, 28936, 127, 1, 0, 0.1, 999840, 124.358
8042, 28677, 127, 1, 0, 0.1, 999967, 124.359
8043, 29954, 127, 2, 0, 0.1, 1.00009e+06, 124.359
8044, 25866, 127, 0, 0, 0.1, 1.00022e+06, 124.359
8045, 29954, 127, 2, 0, 0.1, 1.00035e+06, 124.36
8046, 25866, 127, 2, 0, 0.1, 1.00048e+06, 124.36
8047, 29954, 127, 2, 0, 0.1, 1.0006e+06, 124.36
8048, 29962, 127, 0, 0, 0.1, 1.00073e+06, 124.361
8049, 29954, 127, 3, 1, 0.1, 1.00086e+06, 124.361
8050, 24581, 127, 3, 0, 0.1, 1.00098e+06, 124.361
8051, 24840, 127, 0, 0, 0.1, 1.00111e+06, 124.361
8052, 28938, 127, 0, 0, 0.1, 1.00124e+06, 124.362
8053, 28936, 127, 2, 0, 0.1, 1.00136e+06, 124.362
8054, 28938, 127, 2, 0, 0.1, 1.00149e+06, 124.362
8055, 24840, 127, 0, 0, 0.1, 1.00162e+06, 124.363
8056, 28938, 127, 0, 0, 0.1, 1.00174e+06, 124.363
8057, 28936, 127, 2, 0, 0.1, 1.00187e+06, 124.363
8058, 28938, 127, 0, 0, 0.1, 1.002e+06, 124.364
8059, 28936, 127, 0, 0, 0.1, 1.00213e+06, 124.364
8060, 28938, 137, 1, 0, 0.1, 1.00226e+06, 124.366
8061, 28938, 117, 1, 1, 0.1, 1.00238e+06, 124.365
8062, 28938, 117, 0, 0, 0.1, 1.0025e+06, 124.364
8063, 30978, 127, 0, 0, 0.1, 1.00262e+06, 124.364
8064, 28938, 127, 2, 0, 0.1, 1.00275e+06, 124.365
8065, 30978, 127, 2, 0, 0.1, 1.00288e+06, 124.365
8066, 28938, 127, 2, 1, 0.1, 1.00300e+06, 124.365
8067, 24840, 127, 3, 0, 0.1, 1.00313e+06, 124.365
8068, 24840, 117, 0, 0, 0.1, 1.00325e+06, 124.365
8069, 28938, 127, 3, 0, 0.1, 1.00338e+06, 124.365
8070, 28938, 117, 0, 0, 0.1, 1.00349e+06, 124.364
8071, 30978, 127, 0, 0, 0.1, 1.00362e+06, 124.364
8072, 28938, 127, 0, 0, 0.1, 1.00375e+06, 124.365
8073, 31488, 137, 3, 0, 0.1, 1.00388e+06, 124.366
8074, 31237, 127, 1, 0, 0.1, 1.00401e+06, 124.367
8075, 31488, 127, 0, 0, 0.1, 1.00414e+06, 124.367
8076, 28938, 137, 0, 0, 0.1, 1.00428e+06, 124.368
8077, 24586, 137, 3, 0, 0.1, 1.00441e+06, 124.37
8078, 24586, 117, 0, 0, 0.1, 1.00453e+06, 124.369
8079, 28681, 127, 2, 0, 0.1, 1.00466e+06, 124.369
8080, 24586, 127, 2, 0, 0.1, 1.00478e+06, 124.37
8081, 28682, 127, 3, 0, 0.1, 1.00491e+06, 124.37
8082, 28682, 117, 2, 0, 0.1, 1.00503e+06, 124.369
8083, 31232, 127, 1, 0, 0.1, 1.00515e+06, 124.369
8084, 26629, 137, 1, 1, 0.1, 1.00529e+06, 124.371
8085, 31745, 127, 2, 0, 0.1, 1.00542e+06, 124.371
8086, 29706, 127, 0, 0, 0.1, 1.00554e+06, 124.372
8087, 31745, 127, 3, 0, 0.1, 1.00567e+06, 124.372
8088, 26757, 127, 0, 0, 0.1, 1.0058e+06, 124.372
8089, 26629, 67, 3, 0, 0.1, 1.00587e+06, 124.365
8090, 29962, 117, 0, 0, 0.1, 1.00598e+06, 124.364
8091, 30472, 127, 0, 0, 0.1, 1.00611e+06, 124.365
8092, 29962, 137, 2, 0, 0.1, 1.00625e+06, 124.366
8093, 30472, 127, 0, 0, 0.1, 1.00637e+06, 124.367
8094, 29962, 127, 2, 0, 0.1, 1.0065e+06, 124.367
8095, 30472, 127, 1, 0, 0.1, 1.00663e+06, 124.367
8096, 28677, 137, 3, 0, 0.1, 1.00676e+06, 124.369
8097, 29960, 127, 2, 0, 0.1, 1.00689e+06, 124.369
8098, 29962, 127, 0, 0, 0.1, 1.00702e+06, 124.369
8099, 29960, 127, 2, 1, 0.1, 1.00715e+06, 124.37
8100, 29962, 127, 2, 0, 0.1, 1.00727e+06, 124.37
8101, 30472, 127, 2, 0, 0.1, 1.0074e+06, 124.37
8102, 29962, 137, 1, 0, 0.1, 1.00754e+06, 124.372
8103, 29962, 117, 3, 1, 0.1, 1.00765e+06, 124.371
8104, 29962, 117, 2, 0, 0.1, 1.00777e+06, 124.37
8105, 32002, 137, 3, 0, 0.1, 1.00791e+06, 124.372
8106, 30725, 137, 0, 1, 0.1, 1.00804e+06, 124.373
8107, 30725, 117, 1, 0, 0.1, 1.00816e+06, 124.372
8108, 32002, 127, 2, 0, 0.1, 1.00829e+06, 124.373
8109, 29962, 137, 2, 0, 0.1, 1.00843e+06, 124.374
8110, 31488, 137, 3, 0, 0.1, 1.00856e+06, 124.376
8111, 31237, 127, 1, 0, 0.1, 1.00869e+06, 124.376
8112, 31488, 127, 2, 0, 0.1, 1.00882e+06, 124.376
8113, 24842, 127, 0, 0, 0.1, 1.00894e+06, 124.377
8114, 31488, 127, 2, 1, 0.1, 1.00907e+06, 124.377
8115, 24842, 127, 3, 1, 0.1, 1.0092e+06, 124.377
8116, 24842, 117, 2, 0, 0.1, 1.00932e+06, 124.376
8117, 28938, 127, 3, 0, 0.1, 1.00944e+06, 124.377
8118, 28938, 117, 0, 0, 0.1, 1.00956e+06, 124.376
8119, 24842, 127, 0, 0, 0.1, 1.00969e+06, 124.376
8120, 31488, 127, 0, 0, 0.1, 1.00981e+06, 124.377
8121, 24842, 127, 3, 0, 0.1, 1.00994e+06, 124.377
8122, 24842, 117, 0, 0, 0.1, 1.01006e+06, 124.376
8123, 27010, 127, 0, 0, 0.1, 1.01018e+06, 124.376
8124, 28938, 127, 2, 0, 0.1, 1.01031e+06, 124.377
8125, 26882, 127, 2, 0, 0.1, 1.01044e+06, 124.377
8126, 24842, 127, 0, 0, 0.1, 1.01056e+06, 124.377
8127, 26882, 127, 3, 0, 0.1, 1.01069e+06, 124.378
8128, 30725, 127, 0, 0, 0.1, 1.01082e+06, 124.378
8129, 30725, 117, 3, 0, 0.1, 1.01094e+06, 124.377
8130, 30980, 127, 3, 0, 0.1, 1.01106e+06, 124.377
8131, 30725, 137, 3, 0, 0.1, 1.0112e+06, 124.379
8132, 30725, 137, 0, 0, 0.1, 1.01134e+06, 124.38
8133, 30725, 117, 3, 0, 0.1, 1.01145e+06, 124.379
8134, 16389, 137, 1, 0, 0.1, 1.01159e+06, 124.381
8135, 16389, 127, 0, 1, 0.1, 1.01172e+06, 124.381
8136, 16389, 117, 0, 0, 0.1, 1.01184e+06, 124.38
8137, 16389, 117, 2, 1, 0.1, 1.01195e+06, 124.38
8138, 16389, 117, 3, 0, 0.1, 1.01207e+06, 124.379
8139, 16389, 127, 3, 0, 0.1, 1.0122e+06, 124.379
8140, 24844, 127, 2, 1, 0.1, 1.01232e+06, 124.379
8141, 24860, 117, 3, 0, 0.1, 1.01244e+06, 124.378
8142, 24860, 117, 3, 0, 0.1, 1.01256e+06, 124.377
8143, 24860, 67, 3, 0, 0.1, 1.01262e+06, 124.37
8144, 29962, 117, 2, 1, 0.1, 1.01274e+06, 124.37
8145, 29960, 137, 1, 0, 0.1, 1.01288e+06, 124.371
8146, 28677, 127, 1, 0, 0.1, 1.01300e+06, 124.371
8147, 29954, 127, 3, 0, 0.1, 1.01313e+06, 124.372
8148, 28677, 127, 2, 0, 0.1, 1.01326e+06, 124.372
8149, 28677, 117, 3, 0, 0.1, 1.01338e+06, 124.371
8150, 29960, 127, 3, 1, 0.1, 1.0135e+06, 124.371
8151, 29960, 117, 1, 0, 0.1, 1.01362e+06, 124.371
8152, 28677, 127, 3, 0, 0.1, 1.01375e+06, 124.371
8153, 29960, 127, 1, 1, 0.1, 1.01387e+06, 124.371
8154, 28677, 127, 3, 0, 0.1, 1.014e+06, 124.372
8155, 29960, 127, 0, 0, 0.1, 1.01413e+06, 124.372
8156, 29962, 127, 0, 0, 0.1, 1.01426e+06, 124.372
8157, 30472, 127, 2, 0, 0.1, 1.01438e+06, 124.372
8158, 29962, 127, 2, 0, 0.1, 1.01451e+06, 124.373
8159, 29960, 127, 0, 0, 0.1, 1.01464e+06, 124.373
8160, 29962, 127, 3, 0, 0.1, 1.01476e+06, 124.373
8161, 29962, 117, 2, 0, 0.1, 1.01488e+06, 124.373
8162, 29960, 127, 2, 0, 0.1, 1.01501e+06, 124.373
8163, 29962, 137, 2, 0, 0.1, 1.01514e+06, 124.374
8164, 32002, 137, 3, 0, 0.1, 1.01528e+06, 124.376
8165, 30725, 127, 0, 0, 0.1, 1.01541e+06, 124.376
8166, 30725, 117, 1, 0, 0.1, 1.01552e+06, 124.375
8167, 32002, 127, 3, 0, 0.1, 1.01565e+06, 124.376
8168, 30725, 127, 3, 0, 0.1, 1.01578e+06, 124.376
8169, 30980, 127, 0, 0, 0.1, 1.01591e+06, 124.376
8170, 28938, 137, 0, 0, 0.1, 1.01604e+06, 124.378
8171, 28938, 127, 0, 0, 0.1, 1.01617e+06, 124.378
8172, 28938, 137, 2, 0, 0.1, 1.01631e+06, 124.38
8173, 24842, 127, 2, 0, 0.1, 1.01643e+06, 124.38
8174, 28938, 127, 2, 0, 0.1, 1.01656e+06, 124.38
8175, 31108, 127, 1, 0, 0.1, 1.01669e+06, 124.381
8176, 30853, 127, 1, 0, 0.1, 1.01682e+06, 124.381
8177, 32130, 127, 2, 0, 0.1, 1.01694e+06, 124.381
8178, 29978, 137, 2, 0, 0.1, 1.01708e+06, 124.383
8179, 32528, 127, 3, 0, 0.1, 1.01721e+06, 124.383
8180, 31269, 137, 3, 1, 0.1, 1.01734e+06, 124.385
8181, 27173, 127, 3, 0, 0.1, 1.01747e+06, 124.385
8182, 31269, 127, 3, 0, 0.1, 1.0176e+06, 124.385
8183, 32289, 127, 0, 0, 0.1, 1.01772e+06, 124.386
8184, 32257, 67, 3, 0, 0.1, 1.01779e+06, 124.379
8185, 29962, 117, 2, 0, 0.1, 1.01791e+06, 124.378
8186, 30472, 137, 1, 0, 0.1, 1.01804e+06, 124.379
8187, 28677, 137, 1, 1, 0.1, 1.01818e+06, 124.381
8188, 29954, 127, 2, 0, 0.1, 1.01831e+06, 124.381
8189, 25866, 137, 3, 0, 0.1, 1.01845e+06, 124.383
8190, 25866, 117, 0, 0, 0.1, 1.01856e+06, 124.382
8191, 25858, 127, 0, 0, 0.1, 1.01869e+06, 124.382
8192, 29962, 127, 0, 0, 0.1, 1.01882e+06, 124.382
8193, 29954, 127, 3, 0, 0.1, 1.01894e+06, 124.383
8194, 28677, 127, 1, 0, 0.1, 1.01907e+06, 124.383
8195, 29954, 127, 2, 0, 0.1, 1.0192e+06, 124.383
8196, 29962, 127, 2, 0, 0.1, 1.01932e+06, 124.384
8197, 25858, 127, 3, 0, 0.1, 1.01945e+06, 124.384
8198, 28677, 127, 3, 0, 0.1, 1.01958e+06, 124.384
8199, 29960, 127, 0, 0, 0.1, 1.01971e+06, 124.385
8200, 29962, 127, 2, 0, 0.1, 1.01983e+06, 124.385
8201, 29960, 127, 2, 0, 0.1, 1.01996e+06, 124.385
8202, 29962, 137, 2, 0, 0.1, 1.0201e+06, 124.387
8203, 32130, 127, 1, 1, 0.1, 1.02022e+06, 124.387
8204, 32130, 117, 2, 0, 0.1, 1.02034e+06, 124.386
8205, 29962, 127, 0, 0, 0.1, 1.02047e+06, 124.387
8206, 32130, 77, 2, 0, 0.1, 1.02054e+06, 124.381
8207, 30472, 137, 1, 0, 0.1, 1.02068e+06, 124.382
8208, 28677, 137, 3, 0, 0.1, 1.02082e+06, 124.384
8209, 29960, 127, 2, 0, 0.1, 1.02095e+06, 124.384
8210, 25866, 137, 2, 1, 0.1, 1.02108e+06, 124.386
8211, 32002, 127, 2, 0, 0.1, 1.02121e+06, 124.386
8212, 29962, 127, 0, 0, 0.1, 1.02134e+06, 124.386
8213, 32002, 127, 2, 0, 0.1, 1.02146e+06, 124.387
8214, 29962, 127, 0, 0, 0.1, 1.02159e+06, 124.387
8215, 32002, 127, 3, 0, 0.1, 1.02172e+06, 124.387
8216, 30725, 127, 1, 1, 0.1, 1.02184e+06, 124.388
8217, 32002, 127, 1, 1, 0.1, 1.02197e+06, 124.388
8218, 32002, 117, 3, 0, 0.1, 1.02209e+06, 124.387
8219, 30725, 127, 3, 0, 0.1, 1.02222e+06, 124.387
8220, 30980, 137, 2, 0, 0.1, 1.02235e+06, 124.389
8221, 30980, 117, 0, 0, 0.1, 1.02247e+06, 124.388
8222, 28938, 127, 0, 0, 0.1, 1.0226e+06, 124.388
8223, 28938, 137, 0, 0, 0.1, 1.02273e+06, 124.39
8224, 28938, 127, 2, 0, 0.1, 1.02286e+06, 124.39
8225, 28938, 127, 1, 0, 0.1, 1.02299e+06, 124.391
8226, 28938, 117, 3, 1, 0.1, 1.02310e+06, 124.39
8227, 28938, 117, 1, 1, 0.1, 1.02322e+06, 124.389
8228, 29002, 117, 0, 0, 0.1, 1.02334e+06, 124.388
8229, 29002, 127, 0, 0, 0.1, 1.02347e+06, 124.388
8230, 29018, 137, 1, 1, 0.1, 1.0236e+06, 124.39
8231, 29018, 117, 2, 0, 0.1, 1.02372e+06, 124.389
8232, 28954, 77, 2, 0, 0.1, 1.0238e+06, 124.383
8233, 30472, 127, 1, 0, 0.1, 1.02392e+06, 124.383
8234, 29189, 137, 3, 0, 0.1, 1.02406e+06, 124.385
8235, 30472, 127, 2, 0, 0.1, 1.02419e+06, 124.385
8236, 29962, 127, 2, 0, 0.1, 1.02432e+06, 124.386
8237, 32002, 127, 3, 0, 0.1, 1.02444e+06, 124.386
8238, 24581, 137, 1, 0, 0.1, 1.02458e+06, 124.387
8239, 25858, 127, 2, 0, 0.1, 1.02471e+06, 124.388
8240, 29962, 127, 1, 0, 0.1, 1.02483e+06, 124.388
8241, 29962, 117, 1, 0, 0.1, 1.02495e+06, 124.387
8242, 29962, 117, 0, 0, 0.1, 1.02507e+06, 124.386
8243, 25858, 127, 0, 0, 0.1, 1.02519e+06, 124.387
8244, 25866, 127, 0, 0, 0.1, 1.02532e+06, 124.387
8245, 30472, 127, 2, 0, 0.1, 1.02545e+06, 124.387
8246, 25866, 127, 2, 0, 0.1, 1.02558e+06, 124.388
8247, 25858, 127, 0, 0, 0.1, 1.0257e+06, 124.388
8248, 25866, 127, 2, 0, 0.1, 1.02583e+06, 124.388
8249, 25858, 127, 1, 0, 0.1, 1.02596e+06, 124.388
8250, 25858, 117, 0, 0, 0.1, 1.02607e+06, 124.388
8251, 25866, 127, 0, 0, 0.1, 1.0262e+06, 124.388
8252, 30472, 127, 1, 0, 0.1, 1.02633e+06, 124.388
8253, 29189, 127, 0, 0, 0.1, 1.02645e+06, 124.389
8254, 29189, 117, 3, 0, 0.1, 1.02657e+06, 124.388
8255, 30472, 127, 2, 0, 0.1, 1.0267e+06, 124.388
8256, 25866, 127, 2, 0, 0.1, 1.02682e+06, 124.388
8257, 25986, 127, 2, 0, 0.1, 1.02695e+06, 124.389
8258, 29962, 127, 2, 0, 0.1, 1.02708e+06, 124.389
8259, 32512, 127, 2, 0, 0.1, 1.02721e+06, 124.389
8260, 29962, 137, 0, 0, 0.1, 1.02734e+06, 124.391
8261, 32528, 127, 1, 1, 0.1, 1.02747e+06, 124.391
8262, 31237, 127, 1, 0, 0.1, 1.0276e+06, 124.391
8263, 31620, 127, 3, 0, 0.1, 1.02772e+06, 124.392
8264, 31237, 77, 3, 0, 0.1, 1.0278e+06, 124.386
8265, 29962, 117, 2, 0, 0.1, 1.02792e+06, 124.385
8266, 29960, 137, 2, 0, 0.1, 1.02806e+06, 124.387
8267, 29962, 127, 0, 0, 0.1, 1.02818e+06, 124.387
8268, 29960, 127, 2, 0, 0.1, 1.02831e+06, 124.387
8269, 29962, 127, 3, 0, 0.1, 1.02844e+06, 124.388
8270, 29962, 117, 0, 0, 0.1, 1.02855e+06, 124.387
8271, 29960, 127, 0, 0, 0.1, 1.02868e+06, 124.387
8272, 29962, 127, 3, 0, 0.1, 1.02881e+06, 124.387
8273, 29962, 117, 2, 0, 0.1, 1.02892e+06, 124.386
8274, 29960, 127, 2, 0, 0.1, 1.02905e+06, 124.387
8275, 29962, 127, 0, 0, 0.1, 1.02918e+06, 124.387
8276, 29960, 127, 1, 0, 0.1, 1.02930e+06, 124.387
8277, 28677, 127, 3, 0, 0.1, 1.02943e+06, 124.388
8278, 29960, 127, 1, 0, 0.1, 1.02956e+06, 124.388
8279, 28677, 127, 3, 0, 0.1, 1.02969e+06, 124.388
8280, 29960, 127, 1, 0, 0.1, 1.02981e+06, 124.389
8281, 28677, 127, 3, 0, 0.1, 1.02994e+06, 124.389
8282, 29960, 127, 2, 0, 0.1, 1.03007e+06, 124.389
8283, 29962, 127, 3, 0, 0.1, 1.03019e+06, 124.39
8284, 29962, 117, 2, 0, 0.1, 1.03031e+06, 124.389
8285, 32002, 137, 3, 0, 0.1, 1.03045e+06, 124.39
8286, 30725, 127, 1, 0, 0.1, 1.03058e+06, 124.39
8287, 32002, 127, 0, 1, 0.1, 1.0307e+06, 124.391
8288, 29962, 127, 2, 0, 0.1, 1.03083e+06, 124.391
8289, 32002, 127, 0, 0, 0.1, 1.03096e+06, 124.391
8290, 29962, 127, 1, 0, 0.1, 1.03108e+06, 124.392
8291, 29962, 117, 2, 0, 0.1, 1.0312e+06, 124.391
8292, 32002, 127, 0, 0, 0.1, 1.03133e+06, 124.391
8293, 29962, 127, 0, 0, 0.1, 1.03145e+06, 124.391
8294, 29960, 127, 1, 0, 0.1, 1.03158e+06, 124.392
8295, 28677, 127, 3, 0, 0.1, 1.03171e+06, 124.392
8296, 29960, 127, 1, 0, 0.1, 1.03184e+06, 124.392
8297, 28677, 127, 1, 0, 0.1, 1.03196e+06, 124.393
8298, 29954, 127, 3, 0, 0.1, 1.03209e+06, 124.393
8299, 28677, 127, 0, 1, 0.1, 1.03222e+06, 124.393
8300, 28677, 117, 1, 0, 0.1, 1.03233e+06, 124.392
8301, 29954, 127, 3, 0, 0.1, 1.03246e+06, 124.393
8302, 28677, 127, 3, 0, 0.1, 1.03259e+06, 124.393
8303, 29960, 127, 0, 0, 0.1, 1.03271e+06, 124.393
8304, 29962, 127, 0, 0, 0.1, 1.03284e+06, 124.394
8305, 30472, 137, 2, 0, 0.1, 1.03298e+06, 124.395
8306, 29962, 127, 3, 0, 0.1, 1.03310e+06, 124.396
8307, 29962, 117, 0, 0, 0.1, 1.03322e+06, 124.395
8308, 30472, 127, 1, 0, 0.1, 1.03335e+06, 124.395
8309, 28677, 137, 2, 0, 0.1, 1.03349e+06, 124.396
8310, 28677, 117, 1, 0, 0.1, 1.0336e+06, 124.396
8311, 29954, 127, 3, 0, 0.1, 1.03373e+06, 124.396
8312, 28677, 127, 0, 1, 0.1, 1.03386e+06, 124.396
8313, 28677, 117, 3, 0, 0.1, 1.03397e+06, 124.395
8314, 25864, 127, 2, 0, 0.1, 1.0341e+06, 124.396
8315, 17674, 127, 2, 0, 0.1, 1.03423e+06, 124.396
8316, 25864, 127, 1, 0, 0.1, 1.03436e+06, 124.396
8317, 28677, 127, 3, 0, 0.1, 1.03448e+06, 124.397
8318, 25864, 127, 0, 0, 0.1, 1.03461e+06, 124.397
8319, 17674, 127, 0, 0, 0.1, 1.03474e+06, 124.397
8320, 25864, 127, 1, 0, 0.1, 1.03486e+06, 124.398
8321, 28677, 127, 3, 0, 0.1, 1.03499e+06, 124.398
8322, 25880, 127, 2, 0, 0.1, 1.03512e+06, 124.398
8323, 17690, 127, 0, 0, 0.1, 1.03524e+06, 124.398
8324, 25864, 77, 2, 0, 0.1, 1.03532e+06, 124.393
8325, 30472, 127, 1, 0, 0.1, 1.03545e+06, 124.393
8326, 29189, 137, 0, 0, 0.1, 1.03558e+06, 124.395
8327, 29189, 117, 3, 0, 0.1, 1.0357e+06, 124.394
8328, 30472, 127, 0, 0, 0.1, 1.03583e+06, 124.394
8329, 29962, 127, 2, 0, 0.1, 1.03596e+06, 124.394
8330, 30472, 127, 2, 0, 0.1, 1.03608e+06, 124.395
8331, 29962, 137, 0, 0, 0.1, 1.03622e+06, 124.396
8332, 30472, 127, 0, 0, 0.1, 1.03635e+06, 124.396
8333, 29962, 127, 2, 0, 0.1, 1.03647e+06, 124.397
8334, 30472, 127, 2, 0, 0.1, 1.0366e+06, 124.397
8335, 29962, 127, 1, 0, 0.1, 1.03673e+06, 124.397
8336, 29962, 117, 0, 0, 0.1, 1.03684e+06, 124.397
8337, 30472, 127, 2, 0, 0.1, 1.03697e+06, 124.397
8338, 29962, 127, 1, 0, 0.1, 1.0371e+06, 124.397
8339, 29962, 117, 2, 0, 0.1, 1.03722e+06, 124.396
8340, 32002, 127, 2, 0, 0.1, 1.03734e+06, 124.397
8341, 29962, 137, 0, 0, 0.1, 1.03748e+06, 124.398
8342, 32002, 127, 3, 1, 0.1, 1.03761e+06, 124.398
8343, 30725, 137, 3, 0, 0.1, 1.03774e+06, 124.4
8344, 260, 137, 2, 1, 0.1, 1.03788e+06, 124.401
8345, 260, 117, 2, 0, 0.1, 1.038e+06, 124.401
8346, 260, 117, 0, 0, 0.1, 1.03812e+06, 124.4
8347, 16650, 127, 0, 0, 0.1, 1.03824e+06, 124.4
8348, 24858, 127, 2, 0, 0.1, 1.03837e+06, 124.4
8349, 16666, 127, 1, 1, 0.1, 1.0385e+06, 124.401
8350, 16666, 117, 0, 0, 0.1, 1.03861e+06, 124.4
8351, 24858, 127, 2, 0, 0.1, 1.03874e+06, 124.4
8352, 16666, 127, 0, 0, 0.1, 1.03887e+06, 124.4
8353, 24906, 77, 2, 0, 0.1, 1.03894e+06, 124.395
8354, 29960, 127, 1, 0, 0.1, 1.03907e+06, 124.395
8355, 28677, 127, 0, 1, 0.1, 1.0392e+06, 124.395
8356, 28677, 117, 2, 1, 0.1, 1.03932e+06, 124.394
8357, 28677, 117, 3, 0, 0.1, 1.03943e+06, 124.393
8358, 29960, 127, 1, 1, 0.1, 1.03956e+06, 124.394
8359, 28677, 127, 3, 0, 0.1, 1.03969e+06, 124.394
8360, 29960, 127, 0, 0, 0.1, 1.03981e+06, 124.394
8361, 29962, 127, 0, 0, 0.1, 1.03994e+06, 124.395
8362, 30472, 127, 0, 0, 0.1, 1.04007e+06, 124.395
8363, 29962, 127, 2, 0, 0.1, 1.04019e+06, 124.395
8364, 30472, 127, 1, 0, 0.1, 1.04032e+06, 124.396
8365, 29189, 127, 3, 1, 0.1, 1.04045e+06, 124.396
8366, 30472, 127, 0, 0, 0.1, 1.04058e+06, 124.396
8367, 29962, 127, 2, 0, 0.1, 1.0407e+06, 124.397
8368, 30472, 127, 2, 0, 0.1, 1.04083e+06, 124.397
8369, 29962, 127, 2, 0, 0.1, 1.04096e+06, 124.397
8370, 29960, 127, 2, 0, 0.1, 1.04108e+06, 124.398
8371, 29962, 137, 2, 0, 0.1, 1.04122e+06, 124.399
8372, 26882, 137, 0, 0, 0.1, 1.04136e+06, 124.401
8373, 16650, 127, 1, 1, 0.1, 1.04148e+06, 124.401
8374, 16650, 117, 0, 0, 0.1, 1.0416e+06, 124.4
8375, 24840, 127, 0, 0, 0.1, 1.04173e+06, 124.4
8376, 24842, 127, 2, 0, 0.1, 1.04186e+06, 124.401
8377, 24840, 127, 3, 0, 0.1, 1.04198e+06, 124.401
8378, 24840, 117, 2, 0, 0.1, 1.0421e+06, 124.4
8379, 16650, 127, 0, 0, 0.1, 1.04223e+06, 124.4
8380, 24840, 127, 1, 0, 0.1, 1.04235e+06, 124.401
8381, 28677, 127, 3, 0, 0.1, 1.04248e+06, 124.401
8382, 24840, 127, 2, 0, 0.1, 1.04261e+06, 124.401
8383, 16650, 127, 2, 0, 0.1, 1.04273e+06, 124.402
8384, 26882, 127, 2, 0, 0.1, 1.04286e+06, 124.402
8385, 28938, 127, 2, 0, 0.1, 1.04299e+06, 124.402
8386, 31488, 127, 0, 0, 0.1, 1.04312e+06, 124.403
8387, 28938, 127, 0, 0, 0.1, 1.04324e+06, 124.403
8388, 26882, 127, 3, 1, 0.1, 1.04337e+06, 124.403
8389, 30725, 127, 1, 1, 0.1, 1.0435e+06, 124.403
8390, 26882, 127, 2, 0, 0.1, 1.04362e+06, 124.404
8391, 28938, 127, 0, 0, 0.1, 1.04375e+06, 124.404
8392, 26882, 127, 2, 0, 0.1, 1.04388e+06, 124.404
8393, 28938, 127, 2, 0, 0.1, 1.044e+06, 124.405
8394, 31488, 127, 1, 0, 0.1, 1.04413e+06, 124.405
8395, 31237, 127, 3, 0, 0.1, 1.04426e+06, 124.405
8396, 31488, 127, 0, 0, 0.1, 1.04438e+06, 124.406
8397, 28938, 127, 0, 0, 0.1, 1.04451e+06, 124.406
8398, 26882, 127, 0, 1, 0.1, 1.04464e+06, 124.406
8399, 16650, 127, 0, 0, 0.1, 1.04477e+06, 124.407
8400, 24840, 127, 2, 0, 0.1, 1.04489e+06, 124.407
8401, 16650, 127, 0, 0, 0.1, 1.04502e+06, 124.407
8402, 24840, 127, 1, 0, 0.1, 1.04515e+06, 124.407
8403, 28677, 127, 1, 0, 0.1, 1.04527e+06, 124.408
8404, 29954, 127, 3, 0, 0.1, 1.0454e+06, 124.408
8405, 28677, 127, 3, 0, 0.1, 1.04553e+06, 124.408
8406, 24840, 127, 3, 1, 0.1, 1.04566e+06, 124.409
8407, 24840, 117, 2, 0, 0.1, 1.04577e+06, 124.408
8408, 16650, 127, 3, 1, 0.1, 1.0459e+06, 124.408
8409, 16650, 117, 3, 0, 0.1, 1.04602e+06, 124.407
8410, 16650, 117, 3, 0, 0.1, 1.04613e+06, 124.406
8411, 16650, 117, 2, 1, 0.1, 1.04625e+06, 124.405
8412, 26882, 127, 1, 0, 0.1, 1.04638e+06, 124.406
8413, 26882, 117, 3, 0, 0.1, 1.04649e+06, 124.405
8414, 30725, 127, 3, 0, 0.1, 1.04662e+06, 124.405
8415, 30980, 127, 0, 0, 0.1, 1.04675e+06, 124.406
8416, 28938, 137, 0, 0, 0.1, 1.04688e+06, 124.407
8417, 24842, 127, 2, 0, 0.1, 1.04701e+06, 124.407
8418, 28938, 127, 2, 0, 0.1, 1.04714e+06, 124.408
8419, 30980, 127, 2, 1, 0.1, 1.04727e+06, 124.408
8420, 30980, 117, 1, 0, 0.1, 1.04738e+06, 124.407
8421, 30725, 127, 3, 0, 0.1, 1.04751e+06, 124.407
8422, 30980, 127, 0, 0, 0.1, 1.04764e+06, 124.408
8423, 28938, 127, 2, 0, 0.1, 1.04776e+06, 124.408
8424, 30980, 127, 2, 1, 0.1, 1.04789e+06, 124.408
8425, 30980, 117, 3, 0, 0.1, 1.04801e+06, 124.407
8426, 30725, 137, 0, 0, 0.1, 1.04814e+06, 124.409
8427, 30725, 117, 2, 0, 0.1, 1.04826e+06, 124.408
8428, 30725, 117, 3, 0, 0.1, 1.04838e+06, 124.407
8429, 30725, 137, 1, 0, 0.1, 1.04852e+06, 124.409
8430, 26629, 127, 3, 0, 0.1, 1.04864e+06, 124.409
8431, 30725, 127, 2, 0, 0.1, 1.04877e+06, 124.409
8432, 30725, 117, 3, 0, 0.1, 1.04889e+06, 124.408
8433, 30725, 127, 3, 0, 0.1, 1.04901e+06, 124.409
8434, 24844, 137, 2, 0, 0.1, 1.04915e+06, 124.41
8435, 24860, 117, 0, 0, 0.1, 1.04927e+06, 124.409
8436, 28954, 77, 2, 0, 0.1, 1.04934e+06, 124.404
8437, 30472, 137, 0, 0, 0.1, 1.04948e+06, 124.405
8438, 29962, 127, 0, 1, 0.1, 1.04961e+06, 124.405
8439, 30472, 137, 1, 0, 0.1, 1.04975e+06, 124.407
8440, 28677, 137, 3, 0, 0.1, 1.04988e+06, 124.408
8441, 29960, 127, 2, 0, 0.1, 1.05001e+06, 124.409
8442, 29962, 127, 2, 0, 0.1, 1.05014e+06, 124.409
8443, 30472, 127, 0, 0, 0.1, 1.05026e+06, 124.409
8444, 29962, 127, 2, 0, 0.1, 1.05039e+06, 124.41
8445, 30488, 127, 2, 0, 0.1, 1.05052e+06, 124.41
8446, 29978, 127, 2, 0, 0.1, 1.05064e+06, 124.41
8447, 32018, 137, 2, 0, 0.1, 1.05078e+06, 124.412
8448, 29978, 137, 2, 0, 0.1, 1.05092e+06, 124.413
8449, 32528, 127, 1, 0, 0.1, 1.05105e+06, 124.414
8450, 31237, 137, 3, 0, 0.1, 1.05118e+06, 124.415
8451, 32528, 127, 2, 0, 0.1, 1.05131e+06, 124.415
8452, 29978, 127, 2, 0, 0.1, 1.05144e+06, 124.416
8453, 29978, 137, 0, 1, 0.1, 1.05157e+06, 124.417
8454, 29962, 77, 2, 0, 0.1, 1.05165e+06, 124.412
8455, 30472, 137, 1, 0, 0.1, 1.05179e+06, 124.413
8456, 29189, 137, 1, 0, 0.1, 1.05192e+06, 124.415
8457, 29954, 137, 2, 0, 0.1, 1.05206e+06, 124.416
8458, 29962, 127, 0, 0, 0.1, 1.05219e+06, 124.416
8459, 29954, 127, 3, 0, 0.1, 1.05232e+06, 124.417
8460, 28677, 127, 2, 0, 0.1, 1.05244e+06, 124.417
8461, 28677, 117, 3, 0, 0.1, 1.05256e+06, 124.416
8462, 29960, 127, 2, 0, 0.1, 1.05269e+06, 124.416
8463, 29962, 127, 0, 0, 0.1, 1.05281e+06, 124.417
8464, 29960, 127, 2, 0, 0.1, 1.05294e+06, 124.417
8465, 29962, 127, 1, 1, 0.1, 1.05307e+06, 124.417
8466, 29962, 117, 2, 0, 0.1, 1.05318e+06, 124.416
8467, 27906, 137, 3, 0, 0.1, 1.05332e+06, 124.418
8468, 30725, 127, 1, 0, 0.1, 1.05345e+06, 124.418
8469, 27906, 127, 2, 0, 0.1, 1.05358e+06, 124.419
8470, 29962, 127, 2, 0, 0.1, 1.0537e+06, 124.419
8471, 32512, 127, 2, 1, 0.1, 1.05383e+06, 124.419
8472, 28938, 137, 2, 1, 0.1, 1.05397e+06, 124.421
8473, 28938, 127, 0, 0, 0.1, 1.05409e+06, 124.421
8474, 28938, 127, 2, 0, 0.1, 1.05422e+06, 124.421
8475, 28938, 127, 2, 0, 0.1, 1.05435e+06, 124.422
8476, 29452, 127, 1, 0, 0.1, 1.05448e+06, 124.422
8477, 28677, 137, 2, 0, 0.1, 1.05461e+06, 124.423
8478, 28677, 117, 3, 0, 0.1, 1.05473e+06, 124.422
8479, 28940, 127, 3, 0, 0.1, 1.05486e+06, 124.423
8480, 28940, 117, 2, 0, 0.1, 1.05497e+06, 124.422
8481, 28940, 117, 0, 0, 0.1, 1.05509e+06, 124.421
8482, 24842, 127, 0, 0, 0.1, 1.05522e+06, 124.421
8483, 28938, 127, 0, 0, 0.1, 1.05534e+06, 124.422
8484, 31488, 127, 1, 0, 0.1, 1.05547e+06, 124.422
8485, 31237, 137, 0, 0, 0.1, 1.05561e+06, 124.423
8486, 31237, 117, 1, 1, 0.1, 1.05572e+06, 124.423
8487, 31492, 127, 3, 0, 0.1, 1.05585e+06, 124.423
8488, 31237, 127, 3, 0, 0.1, 1.05598e+06, 124.423
8489, 27392, 127, 0, 0, 0.1, 1.05611e+06, 124.423
8490, 16650, 127, 2, 0, 0.1, 1.05623e+06, 124.424
8491, 27392, 127, 1, 0, 0.1, 1.05636e+06, 124.424
8492, 31237, 127, 3, 0, 0.1, 1.05649e+06, 124.424
8493, 27392, 127, 0, 0, 0.1, 1.05661e+06, 124.425
8494, 16650, 127, 2, 0, 0.1, 1.05674e+06, 124.425
8495, 27392, 127, 0, 0, 0.1, 1.05687e+06, 124.425
8496, 16650, 127, 2, 0, 0.1, 1.057e+06, 124.426
8497, 27392, 127, 0, 0, 0.1, 1.05712e+06, 124.426
8498, 16650, 127, 3, 1, 0.1, 1.05725e+06, 124.426
8499, 16650, 117, 0, 0, 0.1, 1.05737e+06, 124.425
8500, 26882, 127, 1, 0, 0.1, 1.05749e+06, 124.426
8501, 26882, 117, 3, 0, 0.1, 1.05761e+06, 124.425
8502, 30725, 127, 1, 0, 0.1, 1.05774e+06, 124.425
8503, 26882, 127, 2, 1, 0.1, 1.05786e+06, 124.425
8504, 16650, 127, 0, 1, 0.1, 1.05799e+06, 124.426
8505, 26882, 127, 0, 0, 0.1, 1.05812e+06, 124.426
8506, 16650, 127, 0, 0, 0.1, 1.05824e+06, 124.426
8507, 24840, 127, 0, 0, 0.1, 1.05837e+06, 124.427
8508, 28938, 127, 0, 0, 0.1, 1.0585e+06, 124.427
8509, 29448, 127, 1, 0, 0.1, 1.05863e+06, 124.427
8510, 28677, 137, 3, 0, 0.1, 1.05876e+06, 124.429
8511, 28936, 127, 3, 0, 0.1, 1.05889e+06, 124.429
8512, 28936, 117, 2, 0, 0.1, 1.05901e+06, 124.428
8513, 28938, 127, 2, 0, 0.1, 1.05913e+06, 124.428
8514, 24840, 127, 0, 0, 0.1, 1.05926e+06, 124.429
8515, 28938, 127, 0, 0, 0.1, 1.05939e+06, 124.429
8516, 28936, 127, 2, 0, 0.1, 1.05952e+06, 124.429
8517, 28938, 127, 2, 0, 0.1, 1.05964e+06, 124.43
8518, 24840, 127, 0, 0, 0.1, 1.05977e+06, 124.43
8519, 28938, 127, 1, 0, 0.1, 1.0599e+06, 124.43
8520, 28938, 117, 0, 0, 0.1, 1.06001e+06, 124.429
8521, 28936, 127, 3, 0, 0.1, 1.06014e+06, 124.43
8522, 28936, 117, 1, 0, 0.1, 1.06026e+06, 124.429
8523, 28677, 127, 1, 1, 0.1, 1.06038e+06, 124.429
8524, 29954, 127, 1, 1, 0.1, 1.06051e+06, 124.429
8525, 29954, 117, 2, 0, 0.1, 1.06063e+06, 124.428
8526, 17674, 137, 1, 0, 0.1, 1.06076e+06, 124.43
8527, 17674, 117, 2, 0, 0.1, 1.06088e+06, 124.429
8528, 25858, 127, 0, 0, 0.1, 1.06101e+06, 124.429
8529, 17674, 127, 2, 0, 0.1, 1.06114e+06, 124.43
8530, 25858, 127, 0, 0, 0.1, 1.06126e+06, 124.43
8531, 17674, 127, 0, 0, 0.1, 1.06139e+06, 124.43
8532, 25858, 127, 0, 0, 0.1, 1.06152e+06, 124.431
8533, 29962, 127, 1, 1, 0.1, 1.06164e+06, 124.431
8534, 29962, 117, 3, 0, 0.1, 1.06176e+06, 124.43
8535, 29962, 117, 2, 0, 0.1, 1.06188e+06, 124.429
8536, 25858, 127, 2, 0, 0.1, 1.06200e+06, 124.429
8537, 17674, 127, 0, 0, 0.1, 1.06213e+06, 124.43
8538, 25858, 127, 2, 0, 0.1, 1.06226e+06, 124.43
8539, 17674, 127, 2, 0, 0.1, 1.06239e+06, 124.43
8540, 25858, 127, 2, 1, 0.1, 1.06251e+06, 124.431
8541, 29962, 127, 2, 0, 0.1, 1.06264e+06, 124.431
8542, 29960, 127, 0, 0, 0.1, 1.06277e+06, 124.431
8543, 29962, 127, 2, 0, 0.1, 1.06289e+06, 124.432
8544, 29960, 127, 0, 0, 0.1, 1.06302e+06, 124.432
8545, 29962, 127, 2, 0, 0.1, 1.06315e+06, 124.432
8546, 29960, 127, 2, 0, 0.1, 1.06328e+06, 124.432
8547, 28938, 137, 2, 0, 0.1, 1.06341e+06, 124.434
8548, 31492, 127, 0, 0, 0.1, 1.06354e+06, 124.434
8549, 28938, 127, 0, 0, 0.1, 1.06367e+06, 124.434
8550, 24840, 127, 2, 0, 0.1, 1.06379e+06, 124.435
8551, 28938, 127, 0, 0, 0.1, 1.06392e+06, 124.435
8552, 24840, 127, 1, 0, 0.1, 1.06405e+06, 124.435
8553, 24581, 127, 1, 0, 0.1, 1.06417e+06, 124.436
8554, 28934, 127, 0, 0, 0.1, 1.0643e+06, 124.436
8555, 28938, 127, 2, 0, 0.1, 1.06443e+06, 124.436
8556, 28934, 127, 2, 0, 0.1, 1.06456e+06, 124.437
8557, 28934, 117, 3, 0, 0.1, 1.06467e+06, 124.436
8558, 24581, 127, 1, 0, 0.1, 1.0648e+06, 124.436
8559, 28934, 127, 0, 0, 0.1, 1.06493e+06, 124.436
8560, 28938, 127, 0, 0, 0.1, 1.06505e+06, 124.437
8561, 29193, 137, 1, 0, 0.1, 1.06519e+06, 124.438
8562, 28677, 137, 1, 0, 0.1, 1.06533e+06, 124.44
8563, 29954, 127, 0, 0, 0.1, 1.06545e+06, 124.44
8564, 29962, 137, 2, 0, 0.1, 1.06559e+06, 124.441
8565, 29954, 127, 2, 0, 0.1, 1.06572e+06, 124.442
8566, 29962, 137, 2, 0, 0.1, 1.06586e+06, 124.443
8567, 29962, 137, 2, 0, 0.1, 1.06599e+06, 124.445
8568, 29962, 137, 2, 0, 0.1, 1.06613e+06, 124.446
8569, 29962, 137, 3, 0, 0.1, 1.06627e+06, 124.447
8570, 29962, 117, 2, 0, 0.1, 1.06638e+06, 124.447
8571, 29962, 137, 2, 0, 0.1, 1.06652e+06, 124.448
8572, 29962, 137, 2, 0, 0.1, 1.06666e+06, 124.45
8573, 30982, 137, 0, 0, 0.1, 1.06679e+06, 124.451
8574, 28938, 127, 0, 0, 0.1, 1.06692e+06, 124.451
8575, 24842, 127, 0, 0, 0.1, 1.06705e+06, 124.452
8576, 16650, 127, 0, 0, 0.1, 1.06718e+06, 124.452
8577, 266, 127, 0, 0, 0.1, 1.0673e+06, 124.452
8578, 16650, 127, 2, 0, 0.1, 1.06743e+06, 124.452
8579, 266, 127, 0, 0, 0.1, 1.06756e+06, 124.453
8580, 16650, 127, 2, 0, 0.1, 1.06768e+06, 124.453
8581, 266, 127, 1, 0, 0.1, 1.06781e+06, 124.453
8582, 266, 117, 0, 0, 0.1, 1.06793e+06, 124.453
8583, 16650, 127, 0, 0, 0.1, 1.06805e+06, 124.453
8584, 24842, 127, 0, 0, 0.1, 1.06818e+06, 124.453
8585, 28930, 127, 0, 0, 0.1, 1.06831e+06, 124.453
8586, 28938, 127, 2, 0, 0.1, 1.06844e+06, 124.454
8587, 28930, 127, 0, 0, 0.1, 1.06856e+06, 124.454
8588, 28938, 127, 0, 1, 0.1, 1.06869e+06, 124.454
8589, 30978, 137, 3, 0, 0.1, 1.06883e+06, 124.456
8590, 30725, 127, 3, 0, 0.1, 1.06895e+06, 124.456
8591, 28940, 137, 0, 0, 0.1, 1.06909e+06, 124.458
8592, 28938, 127, 0, 0, 0.1, 1.06922e+06, 124.458
8593, 30723, 137, 2, 0, 0.1, 1.06935e+06, 124.459
8594, 28682, 127, 1, 1, 0.1, 1.06948e+06, 124.46
8595, 28682, 117, 2, 0, 0.1, 1.0696e+06, 124.459
8596, 24588, 127, 0, 0, 0.1, 1.06972e+06, 124.459
8597, 28682, 127, 2, 1, 0.1, 1.06985e+06, 124.459
8598, 24588, 127, 0, 0, 0.1, 1.06998e+06, 124.46
8599, 28682, 127, 0, 0, 0.1, 1.07011e+06, 124.46
8600, 30723, 127, 0, 0, 0.1, 1.07023e+06, 124.46
8601, 30723, 117, 2, 0, 0.1, 1.07035e+06, 124.459
8602, 28682, 127, 0, 0, 0.1, 1.07048e+06, 124.46
8603, 30723, 127, 3, 0, 0.1, 1.0706e+06, 124.46
8604, 28677, 137, 2, 0, 0.1, 1.07074e+06, 124.461
8605, 28677, 117, 3, 0, 0.1, 1.07086e+06, 124.46
8606, 28936, 127, 2, 0, 0.1, 1.07098e+06, 124.461
8607, 28938, 127, 1, 0, 0.1, 1.07111e+06, 124.461
8608, 28938, 117, 0, 0, 0.1, 1.07123e+06, 124.46
8609, 28936, 127, 0, 0, 0.1, 1.07136e+06, 124.461
8610, 28938, 137, 0, 0, 0.1, 1.07149e+06, 124.462
8611, 31361, 137, 1, 0, 0.1, 1.07163e+06, 124.463
8612, 30853, 137, 0, 0, 0.1, 1.07177e+06, 124.465
8613, 30853, 117, 1, 0, 0.1, 1.07188e+06, 124.464
8614, 31110, 127, 1, 0, 0.1, 1.07201e+06, 124.464
8615, 31110, 117, 0, 0, 0.1, 1.07213e+06, 124.463
8616, 28938, 127, 0, 0, 0.1, 1.07226e+06, 124.464
8617, 28994, 137, 2, 0, 0.1, 1.07239e+06, 124.465
8618, 28938, 77, 3, 0, 0.1, 1.07247e+06, 124.46
8619, 29962, 117, 2, 0, 0.1, 1.07259e+06, 124.459
8620, 30472, 137, 1, 0, 0.1, 1.07272e+06, 124.46
8621, 29189, 127, 3, 1, 0.1, 1.07285e+06, 124.461
8622, 30472, 127, 2, 0, 0.1, 1.07298e+06, 124.461
8623, 29962, 137, 0, 0, 0.1, 1.07311e+06, 124.462
8624, 30472, 127, 1, 0, 0.1, 1.07324e+06, 124.463
8625, 29189, 127, 3, 0, 0.1, 1.07337e+06, 124.463
8626, 30472, 127, 0, 0, 0.1, 1.0735e+06, 124.463
8627, 29962, 127, 0, 0, 0.1, 1.07362e+06, 124.463
8628, 30472, 127, 0, 0, 0.1, 1.07375e+06, 124.464
8629, 29962, 137, 3, 0, 0.1, 1.07389e+06, 124.465
8630, 29962, 117, 3, 0, 0.1, 1.074e+06, 124.464
8631, 29962, 117, 2, 0, 0.1, 1.07412e+06, 124.463
8632, 30472, 127, 2, 0, 0.1, 1.07425e+06, 124.464
8633, 29962, 127, 0, 1, 0.1, 1.07437e+06, 124.464
8634, 30472, 127, 2, 0, 0.1, 1.0745e+06, 124.464
8635, 29962, 127, 0, 0, 0.1, 1.07463e+06, 124.465
8636, 30472, 127, 2, 0, 0.1, 1.07476e+06, 124.465
8637, 29962, 127, 2, 1, 0.1, 1.07488e+06, 124.465
8638, 30472, 127, 1, 0, 0.1, 1.07501e+06, 124.466
8639, 29189, 127, 2, 0, 0.1, 1.07514e+06, 124.466
8640, 29189, 117, 3, 0, 0.1, 1.07525e+06, 124.465
8641, 30472, 127, 2, 0, 0.1, 1.07538e+06, 124.465
8642, 29962, 127, 1, 0, 0.1, 1.07551e+06, 124.466
8643, 29962, 117, 0, 1, 0.1, 1.07562e+06, 124.465
8644, 30472, 127, 2, 0, 0.1, 1.07575e+06, 124.465
8645, 29962, 127, 0, 0, 0.1, 1.07588e+06, 124.465
8646, 30472, 127, 0, 0, 0.1, 1.07600e+06, 124.466
8647, 29962, 127, 0, 0, 0.1, 1.07613e+06, 124.466
8648, 30472, 127, 0, 0, 0.1, 1.07626e+06, 124.466
8649, 29962, 127, 2, 0, 0.1, 1.07639e+06, 124.466
8650, 30472, 127, 2, 0, 0.1, 1.07651e+06, 124.467
8651, 29962, 127, 2, 0, 0.1, 1.07664e+06, 124.467
8652, 30472, 127, 1, 0, 0.1, 1.07677e+06, 124.467
8653, 29189, 127, 0, 0, 0.1, 1.07689e+06, 124.468
8654, 29189, 117, 0, 0, 0.1, 1.07701e+06, 124.467
8655, 29189, 117, 3, 0, 0.1, 1.07713e+06, 124.466
8656, 30472, 127, 0, 0, 0.1, 1.07726e+06, 124.466
8657, 29962, 127, 1, 0, 0.1, 1.07738e+06, 124.466
8658, 29962, 117, 2, 0, 0.1, 1.0775e+06, 124.466
8659, 30472, 127, 0, 0, 0.1, 1.07763e+06, 124.466
8660, 29962, 127, 2, 0, 0.1, 1.07775e+06, 124.466
8661, 30472, 127, 1, 0, 0.1, 1.07788e+06, 124.467
8662, 29189, 127, 3, 0, 0.1, 1.07801e+06, 124.467
8663, 30472, 127, 1, 1, 0.1, 1.07813e+06, 124.467
8664, 29189, 127, 1, 0, 0.1, 1.07826e+06, 124.467
8665, 29954, 137, 2, 0, 0.1, 1.0784e+06, 124.469
8666, 29962, 137, 2, 0, 0.1, 1.07854e+06, 124.47
8667, 30472, 127, 0, 0, 0.1, 1.07866e+06, 124.471
8668, 29962, 127, 2, 0, 0.1, 1.07879e+06, 124.471
8669, 30472, 127, 0, 0, 0.1, 1.07892e+06, 124.471
8670, 29962, 127, 0, 0, 0.1, 1.07904e+06, 124.471
8671, 29954, 127, 3, 0, 0.1, 1.07917e+06, 124.472
8672, 28677, 127, 2, 1, 0.1, 1.0793e+06, 124.472
8673, 28677, 117, 0, 0, 0.1, 1.07941e+06, 124.471
8674, 28677, 117, 1, 0, 0.1, 1.07953e+06, 124.47
8675, 29954, 127, 2, 0, 0.1, 1.07966e+06, 124.471
8676, 29962, 127, 0, 1, 0.1, 1.07978e+06, 124.471
8677, 29954, 127, 2, 0, 0.1, 1.07991e+06, 124.471
8678, 29962, 127, 2, 0, 0.1, 1.08004e+06, 124.471
8679, 30472, 127, 2, 0, 0.1, 1.08017e+06, 124.472
8680, 29962, 137, 3, 0, 0.1, 1.0803e+06, 124.473
8681, 29962, 117, 2, 0, 0.1, 1.08042e+06, 124.472
8682, 30980, 137, 2, 0, 0.1, 1.08056e+06, 124.474
8683, 30980, 117, 0, 0, 0.1, 1.08067e+06, 124.473
8684, 28938, 127, 2, 0, 0.1, 1.0808e+06, 124.473
8685, 30980, 127, 3, 0, 0.1, 1.08093e+06, 124.474
8686, 30725, 137, 3, 0, 0.1, 1.08106e+06, 124.475
8687, 32000, 127, 0, 0, 0.1, 1.08119e+06, 124.475
8688, 29962, 137, 2, 0, 0.1, 1.08133e+06, 124.477
8689, 32000, 127, 3, 0, 0.1, 1.08146e+06, 124.477
8690, 30725, 127, 1, 0, 0.1, 1.08158e+06, 124.477
8691, 32000, 127, 0, 0, 0.1, 1.08171e+06, 124.478
8692, 29962, 127, 0, 0, 0.1, 1.08184e+06, 124.478
8693, 32002, 137, 0, 0, 0.1, 1.08197e+06, 124.479
8694, 25866, 127, 0, 0, 0.1, 1.0821e+06, 124.48
8695, 25864, 127, 1, 0, 0.1, 1.08223e+06, 124.48
8696, 28677, 127, 1, 0, 0.1, 1.08236e+06, 124.48
8697, 28930, 127, 0, 1, 0.1, 1.08248e+06, 124.48
8698, 28938, 137, 2, 0, 0.1, 1.08262e+06, 124.482
8699, 28930, 127, 2, 0, 0.1, 1.08275e+06, 124.482
8700, 24842, 127, 0, 0, 0.1, 1.08287e+06, 124.482
8701, 28930, 127, 0, 0, 0.1, 1.083e+06, 124.483
8702, 28938, 127, 0, 0, 0.1, 1.08313e+06, 124.483
8703, 30978, 137, 2, 0, 0.1, 1.08326e+06, 124.484
8704, 28938, 127, 2, 0, 0.1, 1.08339e+06, 124.485
8705, 24834, 127, 0, 0, 0.1, 1.08352e+06, 124.485
8706, 28938, 127, 0, 0, 0.1, 1.08364e+06, 124.485
8707, 30978, 127, 2, 0, 0.1, 1.08377e+06, 124.486
8708, 28938, 127, 3, 0, 0.1, 1.0839e+06, 124.486
8709, 28938, 117, 0, 0, 0.1, 1.08402e+06, 124.485
8710, 30978, 127, 1, 0, 0.1, 1.08414e+06, 124.485
8711, 30978, 117, 0, 0, 0.1, 1.08426e+06, 124.485
8712, 28938, 137, 2, 0, 0.1, 1.0844e+06, 124.486
8713, 30978, 127, 0, 0, 0.1, 1.08452e+06, 124.486
8714, 28938, 127, 2, 0, 0.1, 1.08465e+06, 124.487
8715, 30978, 127, 3, 0, 0.1, 1.08478e+06, 124.487
8716, 16389, 137, 3, 0, 0.1, 1.08492e+06, 124.488
8717, 25864, 77, 3, 0, 0.1, 1.08499e+06, 124.483
8718, 29962, 117, 2, 0, 0.1, 1.08511e+06, 124.482
8719, 30472, 137, 2, 0, 0.1, 1.08525e+06, 124.483
8720, 29962, 127, 0, 0, 0.1, 1.08537e+06, 124.484
8721, 30472, 127, 0, 0, 0.1, 1.0855e+06, 124.484
8722, 29962, 127, 2, 0, 0.1, 1.08563e+06, 124.484
8723, 30472, 127, 1, 0, 0.1, 1.08575e+06, 124.485
8724, 29189, 127, 2, 0, 0.1, 1.08588e+06, 124.485
8725, 29189, 117, 0, 0, 0.1, 1.086e+06, 124.484
8726, 29189, 117, 3, 0, 0.1, 1.08612e+06, 124.483
8727, 30472, 127, 0, 0, 0.1, 1.08624e+06, 124.483
8728, 29962, 127, 0, 0, 0.1, 1.08637e+06, 124.484
8729, 30472, 137, 2, 0, 0.1, 1.08651e+06, 124.485
8730, 29962, 127, 0, 0, 0.1, 1.08663e+06, 124.485
8731, 30472, 127, 1, 0, 0.1, 1.08676e+06, 124.486
8732, 29189, 137, 3, 0, 0.1, 1.0869e+06, 124.487
8733, 30472, 127, 2, 0, 0.1, 1.08702e+06, 124.487
8734, 29962, 127, 2, 1, 0.1, 1.08715e+06, 124.488
8735, 30472, 127, 1, 0, 0.1, 1.08728e+06, 124.488
8736, 29189, 127, 0, 0, 0.1, 1.08740e+06, 124.488
8737, 29189, 117, 3, 0, 0.1, 1.08752e+06, 124.487
8738, 30472, 127, 1, 0, 0.1, 1.08765e+06, 124.488
8739, 29189, 127, 1, 0, 0.1, 1.08778e+06, 124.488
8740, 29954, 137, 2, 0, 0.1, 1.08791e+06, 124.489
8741, 29962, 127, 0, 0, 0.1, 1.08804e+06, 124.49
8742, 29954, 127, 3, 0, 0.1, 1.08817e+06, 124.49
8743, 28677, 127, 1, 0, 0.1, 1.08829e+06, 124.49
8744, 29954, 127, 0, 0, 0.1, 1.08842e+06, 124.491
8745, 29962, 137, 0, 0, 0.1, 1.08856e+06, 124.492
8746, 29954, 137, 0, 1, 0.1, 1.0887e+06, 124.493
8747, 29962, 137, 2, 0, 0.1, 1.08883e+06, 124.495
8748, 25858, 127, 2, 0, 0.1, 1.08896e+06, 124.495
8749, 25866, 127, 2, 0, 0.1, 1.08909e+06, 124.495
8750, 29954, 127, 2, 0, 0.1, 1.08921e+06, 124.496
8751, 29962, 127, 0, 0, 0.1, 1.08934e+06, 124.496
8752, 29954, 127, 0, 0, 0.1, 1.08947e+06, 124.496
8753, 25866, 127, 2, 0, 0.1, 1.08959e+06, 124.497
8754, 29954, 127, 2, 0, 0.1, 1.08972e+06, 124.497
8755, 29962, 127, 3, 0, 0.1, 1.08985e+06, 124.497
8756, 29978, 117, 0, 0, 0.1, 1.08996e+06, 124.496
8757, 29970, 127, 0, 0, 0.1, 1.09009e+06, 124.497
8758, 25930, 77, 3, 0, 0.1, 1.09017e+06, 124.491
8759, 29962, 117, 2, 0, 0.1, 1.09029e+06, 124.49
8760, 29960, 127, 2, 0, 0.1, 1.09041e+06, 124.491
8761, 29962, 137, 0, 0, 0.1, 1.09055e+06, 124.492
8762, 29960, 127, 2, 0, 0.1, 1.09068e+06, 124.492
8763, 29962, 127, 0, 0, 0.1, 1.0908e+06, 124.493
8764, 29960, 127, 0, 0, 0.1, 1.09093e+06, 124.493
8765, 25866, 127, 2, 0, 0.1, 1.09106e+06, 124.493
8766, 29960, 127, 1, 0, 0.1, 1.09118e+06, 124.493
8767, 28677, 127, 3, 0, 0.1, 1.09131e+06, 124.494
8768, 29960, 127, 0, 0, 0.1, 1.09144e+06, 124.494
8769, 25866, 127, 2, 0, 0.1, 1.09157e+06, 124.494
8770, 29960, 127, 1, 0, 0.1, 1.09169e+06, 124.495
8771, 28677, 127, 3, 0, 0.1, 1.09182e+06, 124.495
8772, 29960, 127, 2, 0, 0.1, 1.09195e+06, 124.495
8773, 29962, 127, 2, 0, 0.1, 1.09207e+06, 124.495
8774, 30978, 137, 3, 0, 0.1, 1.09221e+06, 124.497
8775, 30725, 137, 0, 1, 0.1, 1.09235e+06, 124.498
8776, 30725, 117, 3, 0, 0.1, 1.09246e+06, 124.497
8777, 30980, 127, 2, 0, 0.1, 1.09259e+06, 124.498
8778, 30980, 117, 3, 0, 0.1, 1.09271e+06, 124.497
8779, 30725, 137, 3, 0, 0.1, 1.09285e+06, 124.498
8780, 30725, 127, 1, 0, 0.1, 1.09297e+06, 124.499
8781, 30725, 127, 3, 0, 0.1, 1.0931e+06, 124.499
8782, 30725, 127, 1, 0, 0.1, 1.09323e+06, 124.499
8783, 30725, 127, 0, 0, 0.1, 1.09335e+06, 124.499
8784, 30725, 117, 3, 0, 0.1, 1.09347e+06, 124.499
8785, 30725, 127, 3, 1, 0.1, 1.0936e+06, 124.499
8786, 30725, 137, 3, 0, 0.1, 1.09374e+06, 124.5
8787, 24844, 137, 1, 0, 0.1, 1.09387e+06, 124.502
8788, 16389, 127, 3, 1, 0.1, 1.094e+06, 124.502
8789, 24844, 127, 0, 0, 0.1, 1.09413e+06, 124.502
8790, 28954, 127, 1, 0, 0.1, 1.09425e+06, 124.503
8791, 28954, 67, 3, 0, 0.1, 1.09432e+06, 124.496
8792, 29962, 117, 0, 1, 0.1, 1.09444e+06, 124.495
8793, 25864, 127, 2, 0, 0.1, 1.09456e+06, 124.495
8794, 29962, 127, 2, 0, 0.1, 1.09469e+06, 124.496
8795, 30472, 127, 1, 0, 0.1, 1.09482e+06, 124.496
8796, 28677, 137, 3, 0, 0.1, 1.09496e+06, 124.497
8797, 29960, 127, 1, 0, 0.1, 1.09508e+06, 124.498
8798, 28677, 127, 3, 0, 0.1, 1.09521e+06, 124.498
8799, 29960, 127, 0, 0, 0.1, 1.09534e+06, 124.498
8800, 25866, 127, 0, 0, 0.1, 1.09546e+06, 124.499
8801, 25864, 127, 0, 0, 0.1, 1.09559e+06, 124.499
8802, 29962, 127, 2, 0, 0.1, 1.09572e+06, 124.499
8803, 25864, 127, 1, 0, 0.1, 1.09584e+06, 124.499
8804, 28677, 127, 1, 0, 0.1, 1.09597e+06, 124.5
8805, 29954, 127, 2, 0, 0.1, 1.0961e+06, 124.5
8806, 29962, 137, 0, 0, 0.1, 1.09624e+06, 124.501
8807, 29954, 127, 0, 1, 0.1, 1.09636e+06, 124.502
8808, 29962, 137, 3, 0, 0.1, 1.0965e+06, 124.503
8809, 29962, 117, 2, 0, 0.1, 1.09662e+06, 124.502
8810, 29954, 127, 2, 0, 0.1, 1.09674e+06, 124.503
8811, 25866, 127, 2, 0, 0.1, 1.09687e+06, 124.503
8812, 25858, 127, 0, 0, 0.1, 1.097e+06, 124.503
8813, 25866, 127, 2, 0, 0.1, 1.09712e+06, 124.503
8814, 25858, 127, 0, 0, 0.1, 1.09725e+06, 124.504
8815, 25866, 127, 2, 0, 0.1, 1.09738e+06, 124.504
8816, 25858, 127, 0, 0, 0.1, 1.09750e+06, 124.504
8817, 25866, 127, 0, 0, 0.1, 1.09763e+06, 124.505
8818, 29954, 127, 2, 0, 0.1, 1.09776e+06, 124.505
8819, 25866, 127, 2, 0, 0.1, 1.09789e+06, 124.505
8820, 25858, 127, 0, 0, 0.1, 1.09801e+06, 124.505
8821, 25866, 127, 2, 0, 0.1, 1.09814e+06, 124.506
8822, 25858, 127, 1, 0, 0.1, 1.09827e+06, 124.506
8823, 25858, 117, 0, 0, 0.1, 1.09838e+06, 124.505
8824, 25866, 127, 0, 0, 0.1, 1.09851e+06, 124.505
8825, 29954, 127, 3, 0, 0.1, 1.09864e+06, 124.506
8826, 24581, 127, 0, 1, 0.1, 1.09876e+06, 124.506
8827, 24581, 117, 0, 0, 0.1, 1.09888e+06, 124.505
8828, 24581, 117, 3, 0, 0.1, 1.099e+06, 124.504
8829, 25864, 127, 1, 0, 0.1, 1.09913e+06, 124.505
8830, 24581, 127, 3, 0, 0.1, 1.09925e+06, 124.505
8831, 25864, 127, 0, 0, 0.1, 1.09938e+06, 124.505
8832, 29962, 127, 2, 0, 0.1, 1.09951e+06, 124.505
8833, 25864, 127, 0, 0, 0.1, 1.09963e+06, 124.506
8834, 29962, 127, 0, 0, 0.1, 1.09976e+06, 124.506
8835, 32002, 127, 2, 0, 0.1, 1.09989e+06, 124.506
8836, 29962, 127, 0, 0, 0.1, 1.10002e+06, 124.507
8837, 32002, 127, 0, 0, 0.1, 1.10014e+06, 124.507
8838, 29962, 127, 2, 1, 0.1, 1.10027e+06, 124.507
8839, 32002, 127, 0, 0, 0.1, 1.1004e+06, 124.507
8840, 29962, 127, 2, 0, 0.1, 1.10052e+06, 124.508
8841, 32002, 127, 0, 0, 0.1, 1.10065e+06, 124.508
8842, 29962, 127, 2, 0, 0.1, 1.10078e+06, 124.508
8843, 32002, 127, 3, 0, 0.1, 1.1009e+06, 124.508
8844, 30853, 137, 2, 0, 0.1, 1.10104e+06, 124.51
8845, 30853, 117, 2, 0, 0.1, 1.10116e+06, 124.509
8846, 30853, 117, 3, 0, 0.1, 1.10128e+06, 124.508
8847, 31873, 127, 2, 0, 0.1, 1.1014e+06, 124.508
8848, 29722, 137, 2, 0, 0.1, 1.10154e+06, 124.51
8849, 29722, 137, 3, 0, 0.1, 1.10168e+06, 124.511
8850, 29706, 67, 3, 0, 0.1, 1.10174e+06, 124.505
8851, 29962, 117, 0, 0, 0.1, 1.10186e+06, 124.504
8852, 30472, 137, 1, 0, 0.1, 1.102e+06, 124.505
8853, 29189, 127, 3, 0, 0.1, 1.10212e+06, 124.506
8854, 30472, 127, 0, 0, 0.1, 1.10225e+06, 124.506
8855, 29962, 127, 2, 0, 0.1, 1.10238e+06, 124.506
8856, 30472, 127, 2, 0, 0.1, 1.10250e+06, 124.506
8857, 25866, 127, 2, 0, 0.1, 1.10263e+06, 124.507
8858, 29960, 127, 1, 0, 0.1, 1.10276e+06, 124.507
8859, 28677, 127, 1, 0, 0.1, 1.10289e+06, 124.507
8860, 29954, 127, 0, 0, 0.1, 1.10301e+06, 124.508
8861, 29962, 137, 0, 0, 0.1, 1.10315e+06, 124.509
8862, 29954, 137, 0, 1, 0.1, 1.10329e+06, 124.51
8863, 29962, 127, 0, 0, 0.1, 1.10341e+06, 124.511
8864, 30472, 137, 1, 0, 0.1, 1.10355e+06, 124.512
8865, 28677, 137, 0, 0, 0.1, 1.10369e+06, 124.514
8866, 28677, 117, 3, 0, 0.1, 1.10380e+06, 124.513
8867, 29960, 127, 0, 1, 0.1, 1.10393e+06, 124.513
8868, 29962, 137, 3, 0, 0.1, 1.10407e+06, 124.514
8869, 29962, 117, 0, 0, 0.1, 1.10419e+06, 124.514
8870, 32257, 137, 3, 1, 0.1, 1.10432e+06, 124.515
8871, 31237, 127, 1, 1, 0.1, 1.10445e+06, 124.515
8872, 32257, 127, 2, 0, 0.1, 1.10458e+06, 124.515
8873, 29706, 127, 2, 0, 0.1, 1.1047e+06, 124.516
8874, 25608, 127, 2, 0, 0.1, 1.10483e+06, 124.516
8875, 17418, 127, 0, 0, 0.1, 1.10496e+06, 124.516
8876, 25608, 127, 3, 0, 0.1, 1.10508e+06, 124.517
8877, 25608, 117, 0, 0, 0.1, 1.1052e+06, 124.516
8878, 29706, 127, 2, 0, 0.1, 1.10533e+06, 124.516
8879, 25608, 127, 2, 0, 0.1, 1.10546e+06, 124.516
8880, 17418, 127, 0, 0, 0.1, 1.10558e+06, 124.517
8881, 25608, 127, 2, 0, 0.1, 1.10571e+06, 124.517
8882, 17418, 127, 0, 0, 0.1, 1.10584e+06, 124.517
8883, 25608, 127, 2, 0, 0.1, 1.10596e+06, 124.517
8884, 17418, 127, 0, 0, 0.1, 1.10609e+06, 124.518
8885, 25608, 127, 0, 0, 0.1, 1.10622e+06, 124.518
8886, 29706, 127, 1, 0, 0.1, 1.10634e+06, 124.518
8887, 29706, 117, 2, 0, 0.1, 1.10646e+06, 124.517
8888, 25608, 127, 2, 0, 0.1, 1.10659e+06, 124.518
8889, 17418, 127, 0, 0, 0.1, 1.10672e+06, 124.518
8890, 25608, 127, 3, 0, 0.1, 1.10684e+06, 124.518
8891, 25608, 117, 0, 0, 0.1, 1.10696e+06, 124.517
8892, 29706, 127, 0, 0, 0.1, 1.10709e+06, 124.518
8893, 32257, 127, 2, 0, 0.1, 1.10721e+06, 124.518
8894, 29706, 127, 2, 0, 0.1, 1.10734e+06, 124.518
8895, 25608, 127, 2, 1, 0.1, 1.10747e+06, 124.519
8896, 17418, 127, 1, 1, 0.1, 1.1076e+06, 124.519
8897, 17418, 117, 0, 0, 0.1, 1.10771e+06, 124.518
8898, 25608, 127, 3, 0, 0.1, 1.10784e+06, 124.518
8899, 25608, 117, 0, 0, 0.1, 1.10796e+06, 124.517
8900, 29706, 127, 2, 0, 0.1, 1.10808e+06, 124.518
8901, 25608, 127, 2, 0, 0.1, 1.10821e+06, 124.518
8902, 17418, 127, 0, 0, 0.1, 1.10834e+06, 124.518
8903, 25608, 127, 0, 1, 0.1, 1.10846e+06, 124.519
8904, 29706, 127, 2, 0, 0.1, 1.10859e+06, 124.519
8905, 25608, 127, 1, 0, 0.1, 1.10872e+06, 124.519
8906, 16389, 127, 1, 0, 0.1, 1.10884e+06, 124.519
8907, 24579, 127, 3, 0, 0.1, 1.10897e+06, 124.52
8908, 16389, 127, 3, 0, 0.1, 1.1091e+06, 124.52
8909, 25608, 127, 0, 0, 0.1, 1.10923e+06, 124.52
8910, 29706, 127, 2, 0, 0.1, 1.10935e+06, 124.52
8911, 25624, 127, 0, 0, 0.1, 1.10948e+06, 124.521
8912, 29706, 77, 2, 1, 0.1, 1.10956e+06, 124.515
8913, 30472, 127, 1, 0, 0.1, 1.10968e+06, 124.516
8914, 29189, 137, 3, 0, 0.1, 1.10982e+06, 124.517
8915, 30472, 127, 0, 0, 0.1, 1.10995e+06, 124.517
8916, 29962, 127, 0, 0, 0.1, 1.11008e+06, 124.518
8917, 30472, 127, 0, 0, 0.1, 1.1102e+06, 124.518
8918, 29962, 137, 1, 0, 0.1, 1.11034e+06, 124.519
8919, 29962, 117, 0, 0, 0.1, 1.11046e+06, 124.519
8920, 32002, 137, 0, 1, 0.1, 1.11059e+06, 124.52
8921, 29962, 127, 0, 0, 0.1, 1.11072e+06, 124.52
8922, 32512, 127, 3, 0, 0.1, 1.11085e+06, 124.52
8923, 31237, 137, 1, 0, 0.1, 1.11098e+06, 124.522
8924, 32512, 127, 2, 0, 0.1, 1.11111e+06, 124.522
8925, 29962, 127, 2, 0, 0.1, 1.11124e+06, 124.522
8926, 32002, 127, 2, 0, 0.1, 1.11136e+06, 124.523
8927, 29962, 127, 0, 0, 0.1, 1.11149e+06, 124.523
8928, 32002, 127, 2, 0, 0.1, 1.11162e+06, 124.523
8929, 29962, 127, 2, 0, 0.1, 1.11175e+06, 124.524
8930, 30472, 127, 1, 0, 0.1, 1.11187e+06, 124.524
8931, 29189, 127, 0, 0, 0.1, 1.112e+06, 124.524
8932, 29189, 117, 3, 0, 0.1, 1.11212e+06, 124.523
8933, 30472, 127, 1, 0, 0.1, 1.11224e+06, 124.524
8934, 29189, 127, 1, 0, 0.1, 1.11237e+06, 124.524
8935, 29954, 137, 2, 0, 0.1, 1.11251e+06, 124.525
8936, 29962, 127, 0, 0, 0.1, 1.11264e+06, 124.525
8937, 29954, 127, 2, 0, 0.1, 1.11276e+06, 124.526
8938, 29962, 127, 2, 0, 0.1, 1.11289e+06, 124.526
8939, 29954, 137, 3, 0, 0.1, 1.11303e+06, 124.527
8940, 28677, 127, 3, 0, 0.1, 1.11315e+06, 124.528
8941, 25864, 127, 1, 0, 0.1, 1.11328e+06, 124.528
8942, 28677, 127, 1, 0, 0.1, 1.11341e+06, 124.528
8943, 29954, 127, 2, 0, 0.1, 1.11353e+06, 124.529
8944, 29962, 137, 0, 0, 0.1, 1.11367e+06, 124.53
8945, 29954, 127, 3, 0, 0.1, 1.1138e+06, 124.53
8946, 24581, 127, 3, 0, 0.1, 1.11392e+06, 124.53
8947, 25864, 127, 2, 1, 0.1, 1.11405e+06, 124.531
8948, 29962, 127, 2, 0, 0.1, 1.11418e+06, 124.531
8949, 32002, 127, 2, 0, 0.1, 1.11431e+06, 124.531
8950, 29962, 137, 2, 0, 0.1, 1.11444e+06, 124.533
8951, 32512, 137, 3, 1, 0.1, 1.11458e+06, 124.534
8952, 31237, 127, 2, 0, 0.1, 1.11471e+06, 124.534
8953, 31237, 117, 3, 0, 0.1, 1.11482e+06, 124.534
8954, 27141, 127, 2, 0, 0.1, 1.11495e+06, 124.534
8955, 27141, 117, 1, 0, 0.1, 1.11507e+06, 124.533
8956, 31237, 127, 3, 0, 0.1, 1.1152e+06, 124.533
8957, 27141, 127, 1, 1, 0.1, 1.11532e+06, 124.533
8958, 31237, 127, 3, 0, 0.1, 1.11545e+06, 124.534
8959, 27141, 127, 3, 0, 0.1, 1.11558e+06, 124.534
8960, 18949, 127, 1, 0, 0.1, 1.1157e+06, 124.534
8961, 27141, 127, 1, 0, 0.1, 1.11583e+06, 124.535
8962, 31237, 127, 2, 0, 0.1, 1.11596e+06, 124.535
8963, 31237, 117, 0, 1, 0.1, 1.11607e+06, 124.534
8964, 31237, 117, 3, 0, 0.1, 1.11619e+06, 124.533
8965, 27141, 127, 1, 0, 0.1, 1.11632e+06, 124.533
8966, 31237, 127, 2, 1, 0.1, 1.11644e+06, 124.534
8967, 31269, 117, 3, 0, 0.1, 1.11656e+06, 124.533
8968, 27173, 127, 2, 0, 0.1, 1.11669e+06, 124.533
8969, 27141, 67, 3, 0, 0.1, 1.11676e+06, 124.527
8970, 29962, 117, 2, 0, 0.1, 1.11687e+06, 124.526
8971, 30472, 137, 3, 0, 0.1, 1.11701e+06, 124.527
8972, 30472, 117, 1, 0, 0.1, 1.11713e+06, 124.526
8973, 28677, 137, 3, 0, 0.1, 1.11726e+06, 124.528
8974, 29960, 127, 1, 0, 0.1, 1.11739e+06, 124.528
8975, 28677, 127, 3, 0, 0.1, 1.11752e+06, 124.528
8976, 29960, 127, 0, 0, 0.1, 1.11764e+06, 124.529
8977, 29962, 127, 0, 0, 0.1, 1.11777e+06, 124.529
8978, 29960, 137, 2, 1, 0.1, 1.11791e+06, 124.53
8979, 25866, 127, 2, 1, 0.1, 1.11804e+06, 124.531
8980, 25864, 127, 2, 1, 0.1, 1.11816e+06, 124.531
8981, 29962, 127, 2, 0, 0.1, 1.11829e+06, 124.531
8982, 32002, 127, 2, 1, 0.1, 1.11842e+06, 124.531
8983, 29962, 127, 0, 0, 0.1, 1.11854e+06, 124.532
8984, 32002, 127, 2, 0, 0.1, 1.11867e+06, 124.532
8985, 29962, 127, 0, 0, 0.1, 1.1188e+06, 124.532
8986, 32002, 127, 3, 0, 0.1, 1.11892e+06, 124.533
8987, 30725, 137, 3, 0, 0.1, 1.11906e+06, 124.534
8988, 31124, 127, 3, 0, 0.1, 1.11919e+06, 124.534
8989, 30853, 127, 3, 0, 0.1, 1.11932e+06, 124.534
8990, 30725, 87, 3, 0, 0.1, 1.1194e+06, 124.53
8991, 29962, 117, 3, 0, 0.1, 1.11952e+06, 124.529
8992, 29962, 117, 2, 0, 0.1, 1.11964e+06, 124.529
8993, 30472, 127, 2, 0, 0.1, 1.11976e+06, 124.529
8994, 29962, 137, 3, 0, 0.1, 1.1199e+06, 124.53
8995, 29962, 117, 2, 0, 0.1, 1.12002e+06, 124.529
8996, 29954, 137, 3, 0, 0.1, 1.12016e+06, 124.531
8997, 28677, 127, 3, 0, 0.1, 1.12028e+06, 124.531
8998, 28932, 127, 0, 0, 0.1, 1.12041e+06, 124.531
8999, 28938, 137, 2, 1, 0.1, 1.12055e+06, 124.533
9000, 24836, 127, 1, 0, 0.1, 1.12067e+06, 124.533
9001, 24581, 127, 3, 0, 0.1, 1.1208e+06, 124.533
9002, 24836, 127, 1, 0, 0.1, 1.12093e+06, 124.534
9003, 24581, 127, 3, 0, 0.1, 1.12105e+06, 124.534
9004, 24836, 127, 2, 0, 0.1, 1.12118e+06, 124.534
9005, 24836, 117, 0, 0, 0.1, 1.1213e+06, 124.533
9006, 28938, 127, 2, 0, 0.1, 1.12142e+06, 124.534
9007, 24836, 127, 2, 0, 0.1, 1.12155e+06, 124.534
9008, 24836, 117, 1, 0, 0.1, 1.12167e+06, 124.533
9009, 24581, 127, 2, 0, 0.1, 1.1218e+06, 124.533
9010, 24581, 117, 3, 0, 0.1, 1.12191e+06, 124.532
9011, 24836, 127, 0, 0, 0.1, 1.12204e+06, 124.533
9012, 28938, 127, 3, 0, 0.1, 1.12217e+06, 124.533
9013, 28938, 117, 0, 0, 0.1, 1.12228e+06, 124.532
9014, 28938, 127, 2, 0, 0.1, 1.12241e+06, 124.532
9015, 28938, 127, 2, 0, 0.1, 1.12254e+06, 124.533
9016, 24836, 127, 1, 0, 0.1, 1.12266e+06, 124.533
9017, 24581, 127, 3, 0, 0.1, 1.12279e+06, 124.533
9018, 24836, 127, 1, 0, 0.1, 1.12292e+06, 124.534
9019, 24581, 127, 3, 0, 0.1, 1.12305e+06, 124.534
9020, 24836, 127, 2, 1, 0.1, 1.12317e+06, 124.534
9021, 24836, 117, 3, 0, 0.1, 1.12329e+06, 124.533
9022, 16389, 127, 3, 0, 0.1, 1.12342e+06, 124.534
9023, 5, 127, 1, 1, 0.1, 1.12354e+06, 124.534
9024, 16389, 127, 1, 0, 0.1, 1.12367e+06, 124.534
9025, 24836, 127, 0, 0, 0.1, 1.1238e+06, 124.534
9026, 28938, 127, 2, 1, 0.1, 1.12392e+06, 124.535
9027, 24836, 127, 1, 0, 0.1, 1.12405e+06, 124.535
9028, 24581, 127, 0, 1, 0.1, 1.12418e+06, 124.535
9029, 24581, 117, 0, 1, 0.1, 1.1243e+06, 124.534
9030, 24581, 117, 3, 0, 0.1, 1.12441e+06, 124.534
9031, 24836, 127, 1, 0, 0.1, 1.12454e+06, 124.534
9032, 24581, 127, 1, 1, 0.1, 1.12467e+06, 124.534
9033, 29954, 127, 2, 0, 0.1, 1.12479e+06, 124.534
9034, 29962, 127, 0, 0, 0.1, 1.12492e+06, 124.535
9035, 29954, 127, 3, 0, 0.1, 1.12505e+06, 124.535
9036, 24581, 127, 1, 0, 0.1, 1.12518e+06, 124.535
9037, 29954, 127, 3, 0, 0.1, 1.1253e+06, 124.535
9038, 24581, 127, 3, 0, 0.1, 1.12543e+06, 124.536
9039, 24836, 127, 1, 0, 0.1, 1.12556e+06, 124.536
9040, 24581, 127, 3, 0, 0.1, 1.12568e+06, 124.536
9041, 24836, 127, 1, 0, 0.1, 1.12581e+06, 124.537
9042, 24581, 127, 3, 0, 0.1, 1.12594e+06, 124.537
9043, 24836, 127, 0, 0, 0.1, 1.12606e+06, 124.537
9044, 28938, 127, 3, 0, 0.1, 1.12619e+06, 124.537
9045, 28938, 117, 2, 0, 0.1, 1.12631e+06, 124.536
9046, 24836, 127, 1, 0, 0.1, 1.12644e+06, 124.537
9047, 24581, 127, 3, 0, 0.1, 1.12656e+06, 124.537
9048, 24836, 127, 1, 0, 0.1, 1.12669e+06, 124.537
9049, 24581, 127, 3, 0, 0.1, 1.12682e+06, 124.538
9050, 24836, 127, 2, 0, 0.1, 1.12694e+06, 124.538
9051, 24836, 117, 0, 0, 0.1, 1.12706e+06, 124.537
9052, 28938, 127, 0, 0, 0.1, 1.12719e+06, 124.537
9053, 28938, 127, 0, 0, 0.1, 1.12731e+06, 124.538
9054, 28938, 137, 2, 0, 0.1, 1.12745e+06, 124.539
9055, 28938, 127, 2, 0, 0.1, 1.12758e+06, 124.539
9056, 24842, 127, 2, 0, 0.1, 1.12770e+06, 124.539
9057, 16644, 127, 0, 0, 0.1, 1.12783e+06, 124.54
9058, 24842, 127, 0, 0, 0.1, 1.12796e+06, 124.54
9059, 28938, 127, 2, 0, 0.1, 1.12809e+06, 124.54
9060, 24842, 127, 0, 0, 0.1, 1.12821e+06, 124.541
9061, 28938, 127, 2, 0, 0.1, 1.12834e+06, 124.541
9062, 24842, 127, 0, 0, 0.1, 1.12847e+06, 124.541
9063, 28938, 127, 2, 0, 0.1, 1.12859e+06, 124.541
9064, 24842, 127, 0, 0, 0.1, 1.12872e+06, 124.542
9065, 28938, 127, 2, 0, 0.1, 1.12885e+06, 124.542
9066, 24842, 127, 2, 0, 0.1, 1.12898e+06, 124.542
9067, 16644, 127, 0, 0, 0.1, 1.1291e+06, 124.542
9068, 24842, 127, 2, 0, 0.1, 1.12923e+06, 124.543
9069, 16644, 127, 2, 0, 0.1, 1.12936e+06, 124.543
9070, 16644, 117, 0, 0, 0.1, 1.12947e+06, 124.542
9071, 24842, 127, 2, 1, 0.1, 1.1296e+06, 124.542
9072, 16644, 127, 0, 0, 0.1, 1.12973e+06, 124.543
9073, 24842, 127, 0, 0, 0.1, 1.12985e+06, 124.543
9074, 28938, 127, 0, 0, 0.1, 1.12998e+06, 124.543
9075, 28938, 127, 0, 0, 0.1, 1.13011e+06, 124.544
9076, 28938, 137, 0, 0, 0.1, 1.13024e+06, 124.545
9077, 28938, 137, 2, 0, 0.1, 1.13038e+06, 124.546
9078, 28938, 127, 0, 0, 0.1, 1.13051e+06, 124.547
9079, 28938, 127, 3, 0, 0.1, 1.13064e+06, 124.547
9080, 28938, 117, 3, 0, 0.1, 1.13075e+06, 124.546
9081, 28938, 117, 0, 0, 0.1, 1.13087e+06, 124.545
9082, 30721, 137, 3, 0, 0.1, 1.13101e+06, 124.547
9083, 30725, 137, 2, 0, 0.1, 1.13114e+06, 124.548
9084, 30725, 117, 1, 0, 0.1, 1.13126e+06, 124.547
9085, 30721, 127, 3, 0, 0.1, 1.13139e+06, 124.547
9086, 30725, 127, 1, 0, 0.1, 1.13152e+06, 124.548
9087, 30721, 127, 1, 0, 0.1, 1.13164e+06, 124.548
9088, 30725, 127, 2, 1, 0.1, 1.13177e+06, 124.548
9089, 30725, 117, 3, 0, 0.1, 1.13189e+06, 124.547
9090, 30721, 127, 1, 0, 0.1, 1.13201e+06, 124.548
9091, 30725, 127, 1, 0, 0.1, 1.13214e+06, 124.548
9092, 32002, 127, 3, 0, 0.1, 1.13227e+06, 124.548
9093, 30725, 127, 3, 0, 0.1, 1.13239e+06, 124.548
9094, 30721, 127, 3, 0, 0.1, 1.13252e+06, 124.549
9095, 30725, 127, 3, 0, 0.1, 1.13265e+06, 124.549
9096, 30725, 137, 3, 0, 0.1, 1.13278e+06, 124.55
9097, 30725, 137, 0, 1, 0.1, 1.13292e+06, 124.552
9098, 30725, 117, 1, 0, 0.1, 1.13304e+06, 124.551
9099, 30725, 127, 3, 0, 0.1, 1.13317e+06, 124.551
9100, 30725, 127, 1, 1, 0.1, 1.13329e+06, 124.551
9101, 30853, 127, 1, 0, 0.1, 1.13342e+06, 124.552
9102, 26757, 127, 3, 0, 0.1, 1.13355e+06, 124.552
9103, 30725, 77, 2, 0, 0.1, 1.13362e+06, 124.547
9104, 30472, 137, 2, 0, 0.1, 1.13376e+06, 124.548
9105, 29962, 127, 1, 0, 0.1, 1.13389e+06, 124.548
9106, 29962, 117, 2, 0, 0.1, 1.13400e+06, 124.548
9107, 27906, 127, 0, 0, 0.1, 1.13413e+06, 124.548
9108, 29962, 127, 3, 1, 0.1, 1.13426e+06, 124.548
9109, 29962, 117, 2, 0, 0.1, 1.13438e+06, 124.547
9110, 27906, 127, 2, 0, 0.1, 1.1345e+06, 124.547
9111, 29962, 127, 2, 0, 0.1, 1.13463e+06, 124.548
9112, 32512, 127, 3, 0, 0.1, 1.13476e+06, 124.548
9113, 31237, 137, 1, 0, 0.1, 1.13489e+06, 124.549
9114, 32512, 127, 0, 0, 0.1, 1.13502e+06, 124.55
9115, 29962, 127, 2, 0, 0.1, 1.13515e+06, 124.55
9116, 32512, 127, 0, 1, 0.1, 1.13528e+06, 124.55
9117, 29962, 127, 3, 0, 0.1, 1.1354e+06, 124.55
9118, 29962, 117, 0, 0, 0.1, 1.13552e+06, 124.55
9119, 27906, 127, 3, 1, 0.1, 1.13565e+06, 124.55
9120, 26629, 127, 3, 0, 0.1, 1.13577e+06, 124.55
9121, 30980, 127, 1, 0, 0.1, 1.1359e+06, 124.55
9122, 26757, 127, 3, 0, 0.1, 1.13603e+06, 124.551
9123, 31108, 127, 3, 0, 0.1, 1.13615e+06, 124.551
9124, 30853, 127, 1, 0, 0.1, 1.13628e+06, 124.551
9125, 31108, 127, 1, 0, 0.1, 1.13641e+06, 124.552
9126, 26757, 127, 3, 0, 0.1, 1.13654e+06, 124.552
9127, 31012, 77, 2, 0, 0.1, 1.13661e+06, 124.547
9128, 30472, 127, 1, 0, 0.1, 1.13674e+06, 124.547
9129, 28677, 137, 1, 0, 0.1, 1.13688e+06, 124.548
9130, 29954, 127, 0, 0, 0.1, 1.137e+06, 124.548
9131, 29962, 137, 0, 0, 0.1, 1.13714e+06, 124.55
9132, 32002, 137, 2, 0, 0.1, 1.13728e+06, 124.551
9133, 29962, 127, 1, 0, 0.1, 1.1374e+06, 124.551
9134, 29962, 117, 2, 0, 0.1, 1.13752e+06, 124.551
9135, 29954, 127, 0, 0, 0.1, 1.13765e+06, 124.551
9136, 29962, 127, 2, 0, 0.1, 1.13778e+06, 124.551
9137, 29954, 127, 3, 0, 0.1, 1.1379e+06, 124.551
9138, 28677, 127, 1, 0, 0.1, 1.13803e+06, 124.552
9139, 29954, 127, 3, 0, 0.1, 1.13816e+06, 124.552
9140, 28677, 127, 3, 0, 0.1, 1.13828e+06, 124.552
9141, 29960, 127, 0, 0, 0.1, 1.13841e+06, 124.553
9142, 29962, 127, 2, 0, 0.1, 1.13854e+06, 124.553
9143, 29960, 127, 2, 0, 0.1, 1.13866e+06, 124.553
9144, 29962, 137, 2, 0, 0.1, 1.1388e+06, 124.554
9145, 32002, 127, 2, 0, 0.1, 1.13893e+06, 124.555
9146, 29962, 137, 2, 0, 0.1, 1.13906e+06, 124.556
9147, 32512, 137, 1, 0, 0.1, 1.1392e+06, 124.557
9148, 31237, 137, 0, 0, 0.1, 1.13934e+06, 124.559
9149, 31237, 117, 0, 1, 0.1, 1.13946e+06, 124.558
9150, 31237, 117, 3, 0, 0.1, 1.13957e+06, 124.557
9151, 32512, 127, 0, 0, 0.1, 1.1397e+06, 124.557
9152, 29962, 127, 2, 0, 0.1, 1.13983e+06, 124.558
9153, 32512, 127, 0, 1, 0.1, 1.13995e+06, 124.558
9154, 29962, 127, 0, 0, 0.1, 1.14008e+06, 124.558
9155, 32002, 127, 0, 0, 0.1, 1.14021e+06, 124.558
9156, 25866, 127, 2, 0, 0.1, 1.14034e+06, 124.559
9157, 32002, 127, 2, 0, 0.1, 1.14046e+06, 124.559
9158, 29962, 127, 2, 0, 0.1, 1.14059e+06, 124.559
9159, 32512, 127, 1, 0, 0.1, 1.14072e+06, 124.56
9160, 31237, 127, 0, 0, 0.1, 1.14084e+06, 124.56
9161, 31237, 117, 3, 0, 0.1, 1.14096e+06, 124.559
9162, 32512, 127, 2, 0, 0.1, 1.14109e+06, 124.559
9163, 29962, 137, 3, 0, 0.1, 1.14122e+06, 124.561
9164, 29962, 117, 1, 0, 0.1, 1.14134e+06, 124.56
9165, 29962, 117, 0, 0, 0.1, 1.14146e+06, 124.559
9166, 32512, 127, 0, 1, 0.1, 1.14158e+06, 124.559
9167, 29962, 127, 0, 0, 0.1, 1.14171e+06, 124.559
9168, 32130, 127, 0, 0, 0.1, 1.14184e+06, 124.56
9169, 25866, 127, 0, 0, 0.1, 1.14197e+06, 124.56
9170, 30024, 127, 1, 0, 0.1, 1.14209e+06, 124.56
9171, 28677, 127, 3, 0, 0.1, 1.14222e+06, 124.561
9172, 29960, 77, 2, 0, 0.1, 1.1423e+06, 124.555
9173, 30472, 127, 1, 0, 0.1, 1.14242e+06, 124.556
9174, 29189, 137, 1, 0, 0.1, 1.14256e+06, 124.557
9175, 29954, 137, 0, 0, 0.1, 1.1427e+06, 124.558
9176, 29962, 137, 0, 0, 0.1, 1.14284e+06, 124.56
9177, 29954, 137, 3, 0, 0.1, 1.14297e+06, 124.561
9178, 28677, 127, 1, 0, 0.1, 1.1431e+06, 124.561
9179, 29954, 127, 0, 0, 0.1, 1.14323e+06, 124.562
9180, 29962, 137, 2, 1, 0.1, 1.14336e+06, 124.563
9181, 25858, 127, 1, 1, 0.1, 1.14349e+06, 124.563
9182, 25858, 117, 0, 0, 0.1, 1.14361e+06, 124.562
9183, 29962, 127, 0, 0, 0.1, 1.14373e+06, 124.563
9184, 29960, 127, 1, 0, 0.1, 1.14386e+06, 124.563
9185, 28677, 127, 1, 0, 0.1, 1.14399e+06, 124.563
9186, 29699, 127, 2, 0, 0.1, 1.14412e+06, 124.563
9187, 29706, 127, 0, 0, 0.1, 1.14424e+06, 124.564
9188, 29699, 127, 2, 0, 0.1, 1.14437e+06, 124.564
9189, 29706, 127, 2, 0, 0.1, 1.1445e+06, 124.564
9190, 24588, 137, 3, 0, 0.1, 1.14463e+06, 124.566
9191, 24588, 117, 0, 0, 0.1, 1.14475e+06, 124.565
9192, 16394, 127, 3, 0, 0.1, 1.14488e+06, 124.565
9193, 16394, 117, 2, 0, 0.1, 1.14499e+06, 124.564
9194, 24588, 127, 3, 0, 0.1, 1.14512e+06, 124.564
9195, 24588, 117, 0, 0, 0.1, 1.14524e+06, 124.564
9196, 16394, 127, 3, 1, 0.1, 1.14536e+06, 124.564
9197, 16394, 117, 2, 0, 0.1, 1.14548e+06, 124.563
9198, 24588, 127, 0, 0, 0.1, 1.14561e+06, 124.563
9199, 16394, 127, 2, 0, 0.1, 1.14574e+06, 124.564
9200, 24588, 127, 3, 0, 0.1, 1.14586e+06, 124.564
9201, 24588, 117, 0, 1, 0.1, 1.14598e+06, 124.563
9202, 16394, 127, 2, 0, 0.1, 1.14611e+06, 124.563
9203, 24588, 127, 3, 0, 0.1, 1.14623e+06, 124.564
9204, 24588, 117, 0, 0, 0.1, 1.14635e+06, 124.563
9205, 16394, 127, 0, 0, 0.1, 1.14648e+06, 124.563
9206, 24579, 127, 1, 0, 0.1, 1.14660e+06, 124.563
9207, 24579, 117, 3, 0, 0.1, 1.14672e+06, 124.562
9208, 28677, 127, 1, 0, 0.1, 1.14685e+06, 124.563
9209, 24579, 127, 0, 0, 0.1, 1.14698e+06, 124.563
9210, 24579, 117, 3, 0, 0.1, 1.14709e+06, 124.562
9211, 28677, 127, 1, 1, 0.1, 1.14722e+06, 124.562
9212, 24579, 127, 1, 0, 0.1, 1.14735e+06, 124.563
9213, 24579, 117, 2, 0, 0.1, 1.14746e+06, 124.562
9214, 16394, 127, 1, 1, 0.1, 1.14759e+06, 124.562
9215, 16394, 117, 2, 0, 0.1, 1.14771e+06, 124.561
9216, 24588, 127, 2, 1, 0.1, 1.14784e+06, 124.562
9217, 24588, 117, 0, 0, 0.1, 1.14795e+06, 124.561
9218, 16394, 127, 2, 0, 0.1, 1.14808e+06, 124.561
9219, 24588, 127, 0, 0, 0.1, 1.14821e+06, 124.561
9220, 16394, 127, 1, 0, 0.1, 1.14833e+06, 124.562
9221, 16394, 117, 2, 0, 0.1, 1.14845e+06, 124.561
9222, 24588, 127, 1, 0, 0.1, 1.14858e+06, 124.561
9223, 28677, 127, 3, 0, 0.1, 1.1487e+06, 124.561
9224, 24588, 127, 0, 0, 0.1, 1.14883e+06, 124.562
9225, 16394, 127, 0, 0, 0.1, 1.14896e+06, 124.562
9226, 24579, 127, 1, 1, 0.1, 1.14908e+06, 124.562
9227, 24579, 117, 0, 0, 0.1, 1.1492e+06, 124.561
9228, 24579, 117, 1, 0, 0.1, 1.14932e+06, 124.56
9229, 24579, 117, 1, 0, 0.1, 1.14944e+06, 124.56
9230, 24579, 117, 0, 0, 0.1, 1.14955e+06, 124.559
9231, 24579, 117, 3, 0, 0.1, 1.14967e+06, 124.558
9232, 28677, 127, 3, 0, 0.1, 1.1498e+06, 124.558
9233, 29960, 127, 1, 0, 0.1, 1.14992e+06, 124.558
9234, 28677, 127, 3, 0, 0.1, 1.15005e+06, 124.559
9235, 29960, 127, 1, 0, 0.1, 1.15018e+06, 124.559
9236, 28677, 127, 1, 0, 0.1, 1.15030e+06, 124.559
9237, 24579, 127, 0, 0, 0.1, 1.15043e+06, 124.56
9238, 24579, 117, 3, 0, 0.1, 1.15055e+06, 124.559
9239, 28677, 127, 1, 0, 0.1, 1.15068e+06, 124.559
9240, 24579, 127, 2, 0, 0.1, 1.1508e+06, 124.559
9241, 16394, 127, 0, 0, 0.1, 1.15093e+06, 124.56
9242, 24579, 127, 1, 0, 0.1, 1.15106e+06, 124.56
9243, 24579, 117, 3, 0, 0.1, 1.15117e+06, 124.559
9244, 28677, 127, 1, 0, 0.1, 1.1513e+06, 124.559
9245, 24579, 127, 3, 0, 0.1, 1.15143e+06, 124.559
9246, 28677, 127, 2, 1, 0.1, 1.15156e+06, 124.56
9247, 28677, 117, 3, 0, 0.1, 1.15167e+06, 124.559
9248, 29960, 127, 2, 0, 0.1, 1.1518e+06, 124.559
9249, 29962, 127, 3, 0, 0.1, 1.15193e+06, 124.559
9250, 29962, 117, 1, 0, 0.1, 1.15204e+06, 124.559
9251, 29962, 117, 2, 0, 0.1, 1.15216e+06, 124.558
9252, 25858, 127, 0, 0, 0.1, 1.15229e+06, 124.558
9253, 29962, 127, 0, 0, 0.1, 1.15241e+06, 124.558
9254, 29960, 127, 2, 0, 0.1, 1.15254e+06, 124.559
9255, 29962, 127, 0, 0, 0.1, 1.15267e+06, 124.559
9256, 29960, 127, 1, 0, 0.1, 1.1528e+06, 124.559
9257, 28677, 127, 1, 0, 0.1, 1.15292e+06, 124.559
9258, 24579, 127, 1, 0, 0.1, 1.15305e+06, 124.56
9259, 24579, 117, 1, 0, 0.1, 1.15317e+06, 124.559
9260, 24579, 117, 3, 1, 0.1, 1.15328e+06, 124.558
9261, 28677, 127, 1, 0, 0.1, 1.15341e+06, 124.558
9262, 24579, 127, 2, 0, 0.1, 1.15354e+06, 124.559
9263, 16394, 127, 0, 0, 0.1, 1.15366e+06, 124.559
9264, 24579, 127, 3, 0, 0.1, 1.15379e+06, 124.559
9265, 28677, 127, 3, 0, 0.1, 1.15392e+06, 124.559
9266, 29960, 127, 0, 0, 0.1, 1.15404e+06, 124.56
9267, 29962, 137, 2, 0, 0.1, 1.15418e+06, 124.561
9268, 29960, 127, 2, 0, 0.1, 1.15431e+06, 124.561
9269, 25866, 127, 2, 0, 0.1, 1.15444e+06, 124.562
9270, 17666, 127, 0, 0, 0.1, 1.15456e+06, 124.562
9271, 25866, 127, 0, 0, 0.1, 1.15469e+06, 124.562
9272, 29960, 127, 0, 0, 0.1, 1.15482e+06, 124.562
9273, 29962, 127, 2, 0, 0.1, 1.15494e+06, 124.563
9274, 29960, 127, 0, 0, 0.1, 1.15507e+06, 124.563
9275, 29962, 127, 3, 0, 0.1, 1.1552e+06, 124.563
9276, 29962, 117, 0, 0, 0.1, 1.15532e+06, 124.562
9277, 32257, 137, 3, 1, 0.1, 1.15545e+06, 124.564
9278, 31237, 127, 0, 0, 0.1, 1.15558e+06, 124.564
9279, 31237, 117, 1, 0, 0.1, 1.1557e+06, 124.563
9280, 32257, 127, 2, 0, 0.1, 1.15582e+06, 124.563
9281, 29706, 127, 3, 1, 0.1, 1.15595e+06, 124.564
9282, 29706, 117, 2, 0, 0.1, 1.15607e+06, 124.563
9283, 25608, 127, 1, 0, 0.1, 1.15619e+06, 124.563
9284, 16389, 127, 0, 0, 0.1, 1.15632e+06, 124.563
9285, 16389, 117, 3, 0, 0.1, 1.15644e+06, 124.562
9286, 25608, 127, 1, 0, 0.1, 1.15656e+06, 124.563
9287, 16389, 127, 3, 0, 0.1, 1.15669e+06, 124.563
9288, 25608, 127, 1, 1, 0.1, 1.15682e+06, 124.563
9289, 16389, 127, 3, 0, 0.1, 1.15695e+06, 124.564
9290, 25608, 127, 0, 0, 0.1, 1.15707e+06, 124.564
9291, 29722, 127, 3, 0, 0.1, 1.1572e+06, 124.564
9292, 29706, 67, 2, 0, 0.1, 1.15727e+06, 124.558
9293, 29960, 127, 1, 0, 0.1, 1.15739e+06, 124.558
9294, 28677, 127, 3, 0, 0.1, 1.15752e+06, 124.558
9295, 29960, 127, 0, 0, 0.1, 1.15765e+06, 124.559
9296, 29962, 127, 2, 0, 0.1, 1.15778e+06, 124.559
9297, 29960, 127, 0, 0, 0.1, 1.1579e+06, 124.559
9298, 29962, 127, 0, 0, 0.1, 1.15803e+06, 124.559
9299, 30472, 137, 1, 0, 0.1, 1.15817e+06, 124.561
9300, 29189, 137, 1, 0, 0.1, 1.1583e+06, 124.562
9301, 29954, 137, 3, 0, 0.1, 1.15844e+06, 124.563
9302, 28677, 127, 1, 1, 0.1, 1.15857e+06, 124.564
9303, 29954, 127, 0, 0, 0.1, 1.15869e+06, 124.564
9304, 29962, 127, 2, 0, 0.1, 1.15882e+06, 124.564
9305, 29954, 127, 2, 0, 0.1, 1.15895e+06, 124.564
9306, 25866, 137, 0, 0, 0.1, 1.15908e+06, 124.566
9307, 29954, 127, 3, 0, 0.1, 1.15921e+06, 124.566
9308, 28677, 127, 3, 0, 0.1, 1.15934e+06, 124.566
9309, 29960, 127, 0, 0, 0.1, 1.15947e+06, 124.567
9310, 29962, 137, 1, 0, 0.1, 1.1596e+06, 124.568
9311, 29962, 117, 0, 0, 0.1, 1.15972e+06, 124.567
9312, 32002, 127, 0, 0, 0.1, 1.15985e+06, 124.567
9313, 29962, 137, 2, 0, 0.1, 1.15998e+06, 124.569
9314, 32002, 127, 3, 0, 0.1, 1.16011e+06, 124.569
9315, 30725, 127, 2, 0, 0.1, 1.16024e+06, 124.569
9316, 30853, 117, 2, 0, 0.1, 1.16036e+06, 124.568
9317, 30853, 117, 3, 0, 0.1, 1.16047e+06, 124.568
9318, 31873, 137, 2, 0, 0.1, 1.16061e+06, 124.569
9319, 29706, 137, 2, 0, 0.1, 1.16075e+06, 124.57
9320, 29722, 127, 1, 0, 0.1, 1.16087e+06, 124.571
9321, 29722, 117, 0, 0, 0.1, 1.16099e+06, 124.57
9322, 29770, 77, 2, 0, 0.1, 1.16107e+06, 124.565
9323, 30472, 127, 0, 0, 0.1, 1.16119e+06, 124.565
9324, 29962, 127, 0, 0, 0.1, 1.16132e+06, 124.565
9325, 30472, 137, 1, 0, 0.1, 1.16146e+06, 124.566
9326, 28677, 137, 3, 0, 0.1, 1.1616e+06, 124.568
9327, 25864, 127, 3, 1, 0.1, 1.16172e+06, 124.568
9328, 25864, 117, 0, 0, 0.1, 1.16184e+06, 124.567
9329, 29962, 127, 0, 0, 0.1, 1.16197e+06, 124.568
9330, 32002, 127, 0, 0, 0.1, 1.16209e+06, 124.568
9331, 29962, 137, 0, 0, 0.1, 1.16223e+06, 124.569
9332, 32512, 137, 2, 0, 0.1, 1.16237e+06, 124.57
9333, 29962, 127, 2, 0, 0.1, 1.16249e+06, 124.571
9334, 32002, 127, 2, 0, 0.1, 1.16262e+06, 124.571
9335, 29962, 127, 1, 0, 0.1, 1.16275e+06, 124.571
9336, 29962, 117, 2, 0, 0.1, 1.16286e+06, 124.57
9337, 25864, 127, 2, 0, 0.1, 1.16299e+06, 124.571
9338, 29962, 127, 2, 0, 0.1, 1.16312e+06, 124.571
9339, 30472, 127, 1, 0, 0.1, 1.16325e+06, 124.571
9340, 29189, 127, 1, 0, 0.1, 1.16337e+06, 124.571
9341, 29954, 137, 3, 0, 0.1, 1.16351e+06, 124.573
9342, 28677, 127, 3, 0, 0.1, 1.16364e+06, 124.573
9343, 29960, 127, 2, 0, 0.1, 1.16376e+06, 124.573
9344, 29962, 137, 1, 0, 0.1, 1.1639e+06, 124.575
9345, 29962, 117, 0, 0, 0.1, 1.16402e+06, 124.574
9346, 25864, 127, 0, 0, 0.1, 1.16414e+06, 124.574
9347, 17674, 127, 0, 0, 0.1, 1.16427e+06, 124.574
9348, 25864, 127, 0, 1, 0.1, 1.1644e+06, 124.575
9349, 29962, 127, 0, 0, 0.1, 1.16453e+06, 124.575
9350, 32002, 127, 0, 0, 0.1, 1.16465e+06, 124.575
9351, 29962, 127, 0, 1, 0.1, 1.16478e+06, 124.575
9352, 32512, 127, 2, 0, 0.1, 1.16491e+06, 124.576
9353, 29962, 127, 2, 1, 0.1, 1.16503e+06, 124.576
9354, 32002, 127, 0, 0, 0.1, 1.16516e+06, 124.576
9355, 29962, 127, 2, 0, 0.1, 1.16529e+06, 124.576
9356, 32130, 127, 0, 1, 0.1, 1.16542e+06, 124.577
9357, 29962, 127, 2, 0, 0.1, 1.16554e+06, 124.577
9358, 32130, 127, 3, 0, 0.1, 1.16567e+06, 124.577
9359, 30853, 137, 3, 0, 0.1, 1.16581e+06, 124.579
9360, 31873, 137, 2, 0, 0.1, 1.16594e+06, 124.58
9361, 29722, 137, 0, 0, 0.1, 1.16608e+06, 124.581
9362, 27713, 77, 0, 1, 0.1, 1.16616e+06, 124.576
9363, 30472, 137, 2, 0, 0.1, 1.16629e+06, 124.577
9364, 29962, 127, 0, 0, 0.1, 1.16642e+06, 124.578
9365, 30472, 127, 1, 0, 0.1, 1.16655e+06, 124.578
9366, 29189, 127, 0, 0, 0.1, 1.16668e+06, 124.578
9367, 29189, 117, 1, 0, 0.1, 1.16679e+06, 124.577
9368, 29954, 137, 2, 0, 0.1, 1.16693e+06, 124.579
9369, 29962, 137, 2, 0, 0.1, 1.16707e+06, 124.58
9370, 32002, 137, 3, 0, 0.1, 1.1672e+06, 124.581
9371, 30725, 127, 0, 1, 0.1, 1.16733e+06, 124.582
9372, 30725, 117, 1, 0, 0.1, 1.16745e+06, 124.581
9373, 32002, 127, 0, 0, 0.1, 1.16757e+06, 124.581
9374, 29962, 127, 3, 1, 0.1, 1.1677e+06, 124.581
9375, 29962, 117, 2, 1, 0.1, 1.16782e+06, 124.581
9376, 32002, 127, 3, 0, 0.1, 1.16794e+06, 124.581
9377, 30725, 127, 1, 0, 0.1, 1.16807e+06, 124.581
9378, 32002, 127, 0, 0, 0.1, 1.1682e+06, 124.581
9379, 29962, 127, 2, 0, 0.1, 1.16833e+06, 124.582
9380, 32002, 127, 3, 0, 0.1, 1.16845e+06, 124.582
9381, 30725, 127, 3, 0, 0.1, 1.16858e+06, 124.582
9382, 29960, 137, 1, 0, 0.1, 1.16872e+06, 124.583
9383, 28677, 127, 3, 0, 0.1, 1.16884e+06, 124.584
9384, 29960, 127, 2, 0, 0.1, 1.16897e+06, 124.584
9385, 29962, 137, 2, 0, 0.1, 1.16911e+06, 124.585
9386, 32002, 137, 2, 0, 0.1, 1.16924e+06, 124.587
9387, 29962, 137, 2, 0, 0.1, 1.16938e+06, 124.588
9388, 32512, 137, 2, 0, 0.1, 1.16952e+06, 124.589
9389, 29962, 127, 2, 0, 0.1, 1.16965e+06, 124.589
9390, 29962, 137, 2, 0, 0.1, 1.16978e+06, 124.591
9391, 29452, 137, 2, 1, 0.1, 1.16992e+06, 124.592
9392, 29452, 117, 2, 0, 0.1, 1.17004e+06, 124.591
9393, 29452, 117, 0, 0, 0.1, 1.17015e+06, 124.591
9394, 28938, 127, 2, 0, 0.1, 1.17028e+06, 124.591
9395, 29452, 127, 1, 1, 0.1, 1.17041e+06, 124.591
9396, 28677, 137, 1, 0, 0.1, 1.17054e+06, 124.592
9397, 61702, 137, 2, 0, 0.1, 1.17068e+06, 124.594
9398, 61702, 117, 2, 0, 0.1, 1.1708e+06, 124.593
9399, 61702, 117, 2, 0, 0.1, 1.17092e+06, 124.592
9400, 61702, 117, 0, 0, 0.1, 1.17103e+06, 124.591
9401, 57353, 137, 1, 0, 0.1, 1.17117e+06, 124.593
9402, 61445, 127, 3, 0, 0.1, 1.1713e+06, 124.593
9403, 57353, 127, 0, 0, 0.1, 1.17142e+06, 124.593
9404, 57353, 117, 1, 1, 0.1, 1.17154e+06, 124.592
9405, 61445, 127, 1, 0, 0.1, 1.17167e+06, 124.593
9406, 61698, 127, 0, 0, 0.1, 1.1718e+06, 124.593
9407, 61450, 137, 0, 0, 0.1, 1.17193e+06, 124.594
9408, 63491, 127, 1, 0, 0.1, 1.17206e+06, 124.594
9409, 63491, 117, 1, 0, 0.1, 1.17218e+06, 124.594
9410, 63491, 117, 3, 0, 0.1, 1.17229e+06, 124.593
9411, 63493, 137, 3, 0, 0.1, 1.17243e+06, 124.594
9412, 63764, 137, 1, 0, 0.1, 1.17257e+06, 124.595
9413, 59397, 127, 2, 0, 0.1, 1.17269e+06, 124.596
9414, 59397, 117, 2, 0, 0.1, 1.17281e+06, 124.595
9415, 59397, 117, 3, 0, 0.1, 1.17293e+06, 124.594
9416, 63764, 127, 3, 0, 0.1, 1.17306e+06, 124.594
9417, 63493, 127, 1, 0, 0.1, 1.17318e+06, 124.595
9418, 63748, 127, 1, 0, 0.1, 1.17331e+06, 124.595
9419, 59397, 127, 1, 0, 0.1, 1.17344e+06, 124.595
9420, 51203, 127, 3, 0, 0.1, 1.17356e+06, 124.595
9421, 59397, 127, 3, 0, 0.1, 1.17369e+06, 124.596
9422, 63748, 127, 3, 0, 0.1, 1.17382e+06, 124.596
9423, 63493, 127, 3, 0, 0.1, 1.17394e+06, 124.596
9424, 63744, 127, 3, 0, 0.1, 1.17407e+06, 124.596
9425, 63493, 137, 2, 0, 0.1, 1.17421e+06, 124.598
9426, 63493, 117, 1, 0, 0.1, 1.17432e+06, 124.597
9427, 63760, 127, 3, 0, 0.1, 1.17445e+06, 124.597
9428, 63493, 127, 1, 0, 0.1, 1.17458e+06, 124.597
9429, 63744, 127, 1, 0, 0.1, 1.17471e+06, 124.598
9430, 59397, 127, 3, 0, 0.1, 1.17483e+06, 124.598
9431, 63744, 127, 0, 0, 0.1, 1.17496e+06, 124.598
9432, 61706, 127, 0, 0, 0.1, 1.17509e+06, 124.598
9433, 63746, 127, 2, 1, 0.1, 1.17521e+06, 124.599
9434, 61706, 127, 0, 0, 0.1, 1.17534e+06, 124.599
9435, 63874, 127, 3, 0, 0.1, 1.17547e+06, 124.599
9436, 63493, 137, 1, 1, 0.1, 1.17560e+06, 124.6
9437, 63746, 127, 3, 0, 0.1, 1.17573e+06, 124.601
9438, 63493, 127, 1, 0, 0.1, 1.17586e+06, 124.601
9439, 63746, 127, 1, 0, 0.1, 1.17599e+06, 124.601
9440, 63746, 117, 3, 0, 0.1, 1.1761e+06, 124.6
9441, 63493, 127, 1, 0, 0.1, 1.17623e+06, 124.601
9442, 63746, 127, 0, 0, 0.1, 1.17636e+06, 124.601
9443, 57610, 127, 1, 0, 0.1, 1.17648e+06, 124.601
9444, 57610, 117, 2, 0, 0.1, 1.1766e+06, 124.6
9445, 63746, 127, 1, 0, 0.1, 1.17673e+06, 124.601
9446, 63746, 117, 3, 0, 0.1, 1.17684e+06, 124.6
9447, 63493, 127, 1, 0, 0.1, 1.17697e+06, 124.6
9448, 63746, 127, 0, 0, 0.1, 1.1771e+06, 124.6
9449, 57610, 127, 2, 0, 0.1, 1.17723e+06, 124.601
9450, 63746, 127, 3, 0, 0.1, 1.17735e+06, 124.601
9451, 63493, 127, 1, 0, 0.1, 1.17748e+06, 124.601
9452, 63746, 127, 2, 0, 0.1, 1.17761e+06, 124.601
9453, 57610, 127, 1, 0, 0.1, 1.17773e+06, 124.602
9454, 57610, 117, 0, 0, 0.1, 1.17785e+06, 124.601
9455, 63746, 127, 0, 0, 0.1, 1.17798e+06, 124.601
9456, 57610, 127, 2, 1, 0.1, 1.17810e+06, 124.601
9457, 63746, 127, 3, 0, 0.1, 1.17823e+06, 124.602
9458, 63493, 127, 1, 0, 0.1, 1.17836e+06, 124.602
9459, 63746, 127, 0, 0, 0.1, 1.17849e+06, 124.602
9460, 57610, 127, 0, 0, 0.1, 1.17861e+06, 124.602
9461, 49416, 127, 0, 0, 0.1, 1.17874e+06, 124.603
9462, 57610, 127, 0, 0, 0.1, 1.17887e+06, 124.603
9463, 61704, 127, 0, 0, 0.1, 1.17899e+06, 124.603
9464, 61706, 127, 0, 0, 0.1, 1.17912e+06, 124.603
9465, 63746, 137, 3, 0, 0.1, 1.17926e+06, 124.605
9466, 63493, 137, 2, 0, 0.1, 1.1794e+06, 124.606
9467, 63493, 117, 1, 0, 0.1, 1.17951e+06, 124.605
9468, 63746, 127, 1, 1, 0.1, 1.17964e+06, 124.605
9469, 63746, 117, 1, 0, 0.1, 1.17976e+06, 124.605
9470, 63746, 117, 3, 0, 0.1, 1.17987e+06, 124.604
9471, 63493, 127, 3, 0, 0.1, 1.18e+06, 124.604
9472, 64513, 127, 0, 0, 0.1, 1.18013e+06, 124.604
9473, 64513, 117, 3, 0, 0.1, 1.18024e+06, 124.603
9474, 63493, 137, 3, 0, 0.1, 1.18038e+06, 124.605
9475, 63493, 137, 3, 0, 0.1, 1.18052e+06, 124.606
9476, 63493, 137, 1, 0, 0.1, 1.18066e+06, 124.607
9477, 63493, 127, 0, 0, 0.1, 1.18078e+06, 124.608
9478, 63493, 117, 0, 1, 0.1, 1.1809e+06, 124.607
9479, 63493, 117, 3, 0, 0.1, 1.18102e+06, 124.606
9480, 63493, 127, 1, 0, 0.1, 1.18114e+06, 124.606
9481, 63493, 127, 3, 0, 0.1, 1.18127e+06, 124.607
9482, 63493, 127, 3, 0, 0.1, 1.1814e+06, 124.607
9483, 62537, 137, 1, 0, 0.1, 1.18153e+06, 124.608
9484, 61445, 127, 3, 0, 0.1, 1.18166e+06, 124.608
9485, 62537, 127, 0, 0, 0.1, 1.18179e+06, 124.609
9486, 62537, 117, 0, 0, 0.1, 1.18190e+06, 124.608
9487, 62537, 117, 1, 0, 0.1, 1.18202e+06, 124.607
9488, 61445, 127, 1, 0, 0.1, 1.18215e+06, 124.607
9489, 57349, 127, 2, 0, 0.1, 1.18228e+06, 124.608
9490, 57349, 117, 2, 0, 0.1, 1.18239e+06, 124.607
9491, 57349, 117, 2, 0, 0.1, 1.18251e+06, 124.606
9492, 57349, 117, 0, 0, 0.1, 1.18263e+06, 124.605
9493, 57349, 117, 0, 0, 0.1, 1.18274e+06, 124.604
9494, 57349, 117, 0, 0, 0.1, 1.18286e+06, 124.603
9495, 57349, 117, 2, 1, 0.1, 1.18298e+06, 124.603
9496, 57349, 117, 3, 0, 0.1, 1.1831e+06, 124.602
9497, 28677, 127, 3, 0, 0.1, 1.18322e+06, 124.602
9498, 29705, 127, 1, 0, 0.1, 1.18335e+06, 124.602
9499, 28677, 127, 3, 0, 0.1, 1.18348e+06, 124.603
9500, 29705, 127, 2, 0, 0.1, 1.1836e+06, 124.603
9501, 29706, 137, 2, 0, 0.1, 1.18374e+06, 124.604
9502, 31744, 127, 3, 0, 0.1, 1.18387e+06, 124.604
9503, 28677, 137, 3, 0, 0.1, 1.184e+06, 124.606
9504, 28940, 77, 2, 0, 0.1, 1.18408e+06, 124.601
9505, 30472, 127, 1, 0, 0.1, 1.18421e+06, 124.601
9506, 28677, 137, 3, 0, 0.1, 1.18434e+06, 124.602
9507, 29960, 127, 2, 0, 0.1, 1.18447e+06, 124.603
9508, 29962, 137, 3, 0, 0.1, 1.18461e+06, 124.604
9509, 29962, 117, 0, 0, 0.1, 1.18473e+06, 124.603
9510, 25864, 127, 0, 0, 0.1, 1.18485e+06, 124.603
9511, 25866, 127, 2, 0, 0.1, 1.18498e+06, 124.604
9512, 25864, 127, 1, 0, 0.1, 1.18511e+06, 124.604
9513, 28677, 127, 1, 0, 0.1, 1.18523e+06, 124.604
9514, 29954, 127, 2, 0, 0.1, 1.18536e+06, 124.604
9515, 29962, 137, 1, 0, 0.1, 1.1855e+06, 124.606
9516, 29962, 117, 0, 0, 0.1, 1.18562e+06, 124.605
9517, 29954, 127, 2, 0, 0.1, 1.18574e+06, 124.605
9518, 29962, 127, 2, 0, 0.1, 1.18587e+06, 124.605
9519, 30472, 137, 2, 0, 0.1, 1.18601e+06, 124.607
9520, 29962, 137, 2, 0, 0.1, 1.18614e+06, 124.608
9521, 31492, 137, 2, 1, 0.1, 1.18628e+06, 124.609
9522, 31492, 117, 0, 0, 0.1, 1.1864e+06, 124.608
9523, 28938, 127, 0, 0, 0.1, 1.18652e+06, 124.609
9524, 29448, 127, 1, 0, 0.1, 1.18665e+06, 124.609
9525, 28677, 137, 1, 0, 0.1, 1.18679e+06, 124.61
9526, 28934, 127, 2, 0, 0.1, 1.18692e+06, 124.61
9527, 28934, 117, 3, 0, 0.1, 1.18703e+06, 124.61
9528, 28677, 127, 1, 1, 0.1, 1.18716e+06, 124.61
9529, 28934, 127, 0, 0, 0.1, 1.18729e+06, 124.61
9530, 28938, 137, 0, 0, 0.1, 1.18742e+06, 124.612
9531, 29193, 137, 3, 0, 0.1, 1.18756e+06, 124.613
9532, 29193, 117, 0, 0, 0.1, 1.18768e+06, 124.612
9533, 29193, 117, 2, 0, 0.1, 1.18779e+06, 124.611
9534, 28682, 127, 2, 1, 0.1, 1.18792e+06, 124.611
9535, 24582, 127, 3, 0, 0.1, 1.18805e+06, 124.612
9536, 16389, 127, 3, 0, 0.1, 1.18818e+06, 124.612
9537, 24840, 127, 0, 0, 0.1, 1.1883e+06, 124.612
9538, 28938, 127, 2, 0, 0.1, 1.18843e+06, 124.612
9539, 24840, 127, 3, 0, 0.1, 1.18856e+06, 124.613
9540, 24840, 117, 0, 0, 0.1, 1.18867e+06, 124.612
9541, 28938, 127, 2, 0, 0.1, 1.1888e+06, 124.612
9542, 24840, 127, 0, 1, 0.1, 1.18893e+06, 124.612
9543, 28938, 127, 0, 0, 0.1, 1.18905e+06, 124.613
9544, 28930, 127, 0, 0, 0.1, 1.18918e+06, 124.613
9545, 28938, 137, 2, 0, 0.1, 1.18932e+06, 124.614
9546, 28930, 127, 3, 0, 0.1, 1.18944e+06, 124.614
9547, 24581, 127, 1, 0, 0.1, 1.18957e+06, 124.615
9548, 28930, 127, 1, 0, 0.1, 1.1897e+06, 124.615
9549, 28930, 117, 0, 0, 0.1, 1.18982e+06, 124.614
9550, 28938, 127, 0, 0, 0.1, 1.18994e+06, 124.614
9551, 24834, 137, 3, 0, 0.1, 1.19008e+06, 124.616
9552, 16389, 127, 3, 0, 0.1, 1.19021e+06, 124.616
9553, 25864, 127, 2, 0, 0.1, 1.19033e+06, 124.616
9554, 17674, 127, 2, 0, 0.1, 1.19046e+06, 124.616
9555, 25864, 127, 2, 0, 0.1, 1.19059e+06, 124.617
9556, 29962, 127, 2, 0, 0.1, 1.19072e+06, 124.617
9557, 32002, 127, 2, 1, 0.1, 1.19084e+06, 124.617
9558, 29962, 137, 2, 0, 0.1, 1.19098e+06, 124.618
9559, 32512, 137, 1, 0, 0.1, 1.19112e+06, 124.62
9560, 31237, 137, 3, 0, 0.1, 1.19125e+06, 124.621
9561, 32512, 127, 2, 0, 0.1, 1.19138e+06, 124.621
9562, 29962, 127, 2, 0, 0.1, 1.19151e+06, 124.622
9563, 29962, 127, 2, 0, 0.1, 1.19163e+06, 124.622
9564, 28940, 137, 2, 0, 0.1, 1.19177e+06, 124.623
9565, 28940, 117, 2, 0, 0.1, 1.19189e+06, 124.622
9566, 28940, 117, 0, 0, 0.1, 1.19200e+06, 124.622
9567, 24842, 127, 2, 0, 0.1, 1.19213e+06, 124.622
9568, 28940, 127, 0, 0, 0.1, 1.19226e+06, 124.622
9569, 24842, 127, 0, 0, 0.1, 1.19239e+06, 124.622
9570, 24842, 127, 2, 0, 0.1, 1.19251e+06, 124.623
9571, 24842, 127, 0, 0, 0.1, 1.19264e+06, 124.623
9572, 24842, 127, 2, 0, 0.1, 1.19277e+06, 124.623
9573, 24842, 127, 0, 0, 0.1, 1.19289e+06, 124.623
9574, 24842, 127, 0, 0, 0.1, 1.19302e+06, 124.624
9575, 31488, 127, 2, 0, 0.1, 1.19315e+06, 124.624
9576, 24842, 127, 2, 0, 0.1, 1.19328e+06, 124.624
9577, 24842, 127, 2, 0, 0.1, 1.1934e+06, 124.624
9578, 28940, 127, 3, 0, 0.1, 1.19353e+06, 124.625
9579, 28940, 117, 0, 0, 0.1, 1.19365e+06, 124.624
9580, 24842, 127, 2, 0, 0.1, 1.19377e+06, 124.624
9581, 28940, 127, 3, 0, 0.1, 1.1939e+06, 124.624
9582, 28940, 117, 2, 0, 0.1, 1.19402e+06, 124.623
9583, 28940, 117, 0, 0, 0.1, 1.19413e+06, 124.623
9584, 24842, 127, 0, 0, 0.1, 1.19426e+06, 124.623
9585, 24842, 127, 0, 0, 0.1, 1.19439e+06, 124.623
9586, 31488, 127, 1, 0, 0.1, 1.19452e+06, 124.623
9587, 31237, 127, 1, 1, 0.1, 1.19464e+06, 124.624
9588, 31492, 127, 0, 0, 0.1, 1.19477e+06, 124.624
9589, 28938, 127, 0, 0, 0.1, 1.1949e+06, 124.624
9590, 24840, 127, 1, 0, 0.1, 1.19502e+06, 124.624
9591, 16389, 127, 2, 0, 0.1, 1.19515e+06, 124.625
9592, 16389, 117, 3, 0, 0.1, 1.19527e+06, 124.624
9593, 24840, 127, 0, 0, 0.1, 1.19539e+06, 124.624
9594, 16650, 127, 0, 0, 0.1, 1.19552e+06, 124.624
9595, 258, 127, 2, 0, 0.1, 1.19565e+06, 124.625
9596, 16650, 127, 2, 0, 0.1, 1.19578e+06, 124.625
9597, 24840, 127, 1, 0, 0.1, 1.1959e+06, 124.625
9598, 16389, 127, 0, 0, 0.1, 1.19603e+06, 124.625
9599, 16389, 117, 0, 0, 0.1, 1.19615e+06, 124.625
9600, 16389, 117, 3, 0, 0.1, 1.19626e+06, 124.624
9601, 24840, 127, 2, 0, 0.1, 1.19639e+06, 124.624
9602, 28938, 127, 0, 0, 0.1, 1.19652e+06, 124.624
9603, 24840, 127, 0, 0, 0.1, 1.19664e+06, 124.624
9604, 16650, 127, 2, 0, 0.1, 1.19677e+06, 124.625
9605, 24840, 127, 2, 0, 0.1, 1.1969e+06, 124.625
9606, 28938, 127, 0, 0, 0.1, 1.19702e+06, 124.625
9607, 24840, 127, 1, 0, 0.1, 1.19715e+06, 124.625
9608, 16389, 127, 0, 0, 0.1, 1.19728e+06, 124.626
9609, 16389, 117, 2, 0, 0.1, 1.1974e+06, 124.625
9610, 16389, 117, 3, 0, 0.1, 1.19751e+06, 124.624
9611, 24840, 127, 1, 0, 0.1, 1.19764e+06, 124.624
9612, 16389, 127, 3, 0, 0.1, 1.19777e+06, 124.625
9613, 24840, 127, 0, 0, 0.1, 1.19789e+06, 124.625
9614, 16650, 127, 0, 0, 0.1, 1.19802e+06, 124.625
9615, 258, 127, 1, 0, 0.1, 1.19815e+06, 124.625
9616, 258, 117, 2, 1, 0.1, 1.19826e+06, 124.625
9617, 16650, 127, 1, 0, 0.1, 1.19839e+06, 124.625
9618, 16650, 117, 0, 0, 0.1, 1.19851e+06, 124.624
9619, 258, 127, 1, 0, 0.1, 1.19864e+06, 124.624
9620, 258, 117, 0, 0, 0.1, 1.19875e+06, 124.623
9621, 16650, 127, 3, 1, 0.1, 1.19888e+06, 124.624
9622, 16650, 117, 1, 0, 0.1, 1.199e+06, 124.623
9623, 16650, 117, 2, 0, 0.1, 1.19911e+06, 124.622
9624, 258, 127, 0, 0, 0.1, 1.19924e+06, 124.622
9625, 16650, 127, 0, 0, 0.1, 1.19937e+06, 124.623
9626, 24834, 127, 0, 0, 0.1, 1.1995e+06, 124.623
9627, 28938, 127, 2, 0, 0.1, 1.19962e+06, 124.623
9628, 24834, 127, 0, 0, 0.1, 1.19975e+06, 124.623
9629, 28938, 127, 0, 0, 0.1, 1.19988e+06, 124.624
9630, 29448, 127, 1, 0, 0.1, 1.2e+06, 124.624
9631, 28677, 137, 1, 0, 0.1, 1.20014e+06, 124.625
9632, 29699, 127, 2, 0, 0.1, 1.20027e+06, 124.625
9633, 16394, 137, 3, 0, 0.1, 1.2004e+06, 124.627
9634, 16394, 117, 2, 0, 0.1, 1.20052e+06, 124.626
9635, 24588, 127, 2, 0, 0.1, 1.20065e+06, 124.626
9636, 24588, 117, 0, 0, 0.1, 1.20076e+06, 124.625
9637, 16394, 127, 0, 0, 0.1, 1.20089e+06, 124.626
9638, 16387, 127, 3, 0, 0.1, 1.20102e+06, 124.626
9639, 24581, 127, 3, 0, 0.1, 1.20115e+06, 124.626
9640, 28936, 127, 2, 0, 0.1, 1.20127e+06, 124.626
9641, 24842, 127, 2, 0, 0.1, 1.2014e+06, 124.627
9642, 16642, 127, 3, 1, 0.1, 1.20153e+06, 124.627
9643, 16389, 127, 3, 0, 0.1, 1.20165e+06, 124.627
9644, 24840, 127, 0, 0, 0.1, 1.20178e+06, 124.627
9645, 28938, 127, 2, 0, 0.1, 1.20191e+06, 124.628
9646, 24840, 127, 1, 0, 0.1, 1.20204e+06, 124.628
9647, 16389, 127, 0, 0, 0.1, 1.20216e+06, 124.628
9648, 16389, 117, 3, 0, 0.1, 1.20228e+06, 124.627
9649, 24840, 127, 3, 0, 0.1, 1.20241e+06, 124.627
9650, 24840, 117, 2, 0, 0.1, 1.20252e+06, 124.627
9651, 16650, 127, 0, 0, 0.1, 1.20265e+06, 124.627
9652, 24840, 127, 1, 0, 0.1, 1.20278e+06, 124.627
9653, 16389, 127, 1, 0, 0.1, 1.2029e+06, 124.627
9654, 16642, 127, 0, 0, 0.1, 1.20303e+06, 124.628
9655, 24842, 127, 2, 0, 0.1, 1.20316e+06, 124.628
9656, 16642, 127, 0, 0, 0.1, 1.20328e+06, 124.628
9657, 24842, 127, 0, 0, 0.1, 1.20341e+06, 124.628
9658, 28936, 127, 0, 0, 0.1, 1.20354e+06, 124.629
9659, 28938, 127, 2, 0, 0.1, 1.20367e+06, 124.629
9660, 28936, 127, 0, 0, 0.1, 1.20379e+06, 124.629
9661, 28938, 127, 0, 0, 0.1, 1.20392e+06, 124.629
9662, 30849, 137, 0, 0, 0.1, 1.20406e+06, 124.631
9663, 30721, 117, 0, 0, 0.1, 1.20417e+06, 124.63
9664, 30849, 117, 3, 0, 0.1, 1.20429e+06, 124.629
9665, 26629, 137, 1, 0, 0.1, 1.20443e+06, 124.63
9666, 18561, 127, 3, 0, 0.1, 1.20456e+06, 124.631
9667, 26629, 127, 1, 0, 0.1, 1.20468e+06, 124.631
9668, 18561, 127, 1, 0, 0.1, 1.20481e+06, 124.631
9669, 26629, 127, 3, 0, 0.1, 1.20494e+06, 124.631
9670, 18561, 127, 1, 0, 0.1, 1.20506e+06, 124.632
9671, 26629, 127, 0, 0, 0.1, 1.20519e+06, 124.632
9672, 26629, 117, 3, 0, 0.1, 1.20531e+06, 124.631
9673, 18433, 127, 0, 0, 0.1, 1.20543e+06, 124.631
9674, 18433, 117, 0, 0, 0.1, 1.20555e+06, 124.631
9675, 18433, 117, 3, 0, 0.1, 1.20567e+06, 124.63
9676, 26629, 127, 0, 1, 0.1, 1.2058e+06, 124.63
9677, 26629, 117, 2, 0, 0.1, 1.20591e+06, 124.629
9678, 26629, 117, 1, 1, 0.1, 1.20603e+06, 124.628
9679, 18433, 127, 0, 0, 0.1, 1.20616e+06, 124.629
9680, 18433, 117, 1, 0, 0.1, 1.20627e+06, 124.628
9681, 26629, 127, 1, 0, 0.1, 1.2064e+06, 124.628
9682, 30982, 127, 2, 0, 0.1, 1.20653e+06, 124.628
9683, 30982, 117, 0, 0, 0.1, 1.20664e+06, 124.628
9684, 28938, 127, 0, 0, 0.1, 1.20677e+06, 124.628
9685, 24578, 137, 3, 0, 0.1, 1.20691e+06, 124.629
9686, 28677, 127, 2, 0, 0.1, 1.20704e+06, 124.629
9687, 28677, 117, 3, 0, 0.1, 1.20715e+06, 124.629
9688, 28684, 127, 1, 0, 0.1, 1.20728e+06, 124.629
9689, 28677, 127, 1, 0, 0.1, 1.20741e+06, 124.629
9690, 24578, 127, 2, 0, 0.1, 1.20753e+06, 124.629
9691, 16394, 127, 3, 0, 0.1, 1.20766e+06, 124.63
9692, 16394, 117, 0, 0, 0.1, 1.20778e+06, 124.629
9693, 24578, 127, 2, 0, 0.1, 1.2079e+06, 124.629
9694, 16394, 127, 0, 0, 0.1, 1.20803e+06, 124.629
9695, 24578, 127, 2, 0, 0.1, 1.20816e+06, 124.629
9696, 16394, 127, 2, 0, 0.1, 1.20828e+06, 124.63
9697, 2054, 127, 2, 0, 0.1, 1.20841e+06, 124.63
9698, 2054, 117, 0, 0, 0.1, 1.20853e+06, 124.629
9699, 16394, 127, 2, 0, 0.1, 1.20866e+06, 124.629
9700, 2054, 127, 2, 0, 0.1, 1.20878e+06, 124.63
9701, 2054, 117, 0, 0, 0.1, 1.2089e+06, 124.629
9702, 16394, 127, 2, 0, 0.1, 1.20903e+06, 124.629
9703, 2054, 127, 1, 0, 0.1, 1.20915e+06, 124.629
9704, 2054, 117, 2, 0, 0.1, 1.20927e+06, 124.629
9705, 2054, 117, 2, 0, 0.1, 1.20939e+06, 124.628
9706, 2054, 117, 0, 0, 0.1, 1.20950e+06, 124.627
9707, 16394, 127, 1, 0, 0.1, 1.20963e+06, 124.627
9708, 16394, 117, 0, 0, 0.1, 1.20975e+06, 124.626
9709, 24578, 127, 2, 0, 0.1, 1.20988e+06, 124.627
9710, 16394, 127, 2, 0, 0.1, 1.21e+06, 124.627
9711, 2054, 127, 1, 0, 0.1, 1.21013e+06, 124.627
9712, 2054, 117, 0, 0, 0.1, 1.21025e+06, 124.626
9713, 16394, 127, 2, 0, 0.1, 1.21037e+06, 124.627
9714, 2054, 127, 3, 0, 0.1, 1.2105e+06, 124.627
9715, 2053, 127, 2, 0, 0.1, 1.21063e+06, 124.627
9716, 2053, 117, 2, 0, 0.1, 1.21074e+06, 124.626
9717, 2053, 117, 0, 0, 0.1, 1.21086e+06, 124.626
9718, 2053, 117, 2, 0, 0.1, 1.21098e+06, 124.625
9719, 2053, 117, 1, 0, 0.1, 1.2111e+06, 124.624
9720, 2054, 127, 1, 0, 0.1, 1.21122e+06, 124.624
9721, 2054, 117, 0, 0, 0.1, 1.21134e+06, 124.623
9722, 16394, 127, 2, 0, 0.1, 1.21147e+06, 124.624
9723, 2054, 127, 3, 1, 0.1, 1.21159e+06, 124.624
9724, 2053, 127, 0, 0, 0.1, 1.21172e+06, 124.624
9725, 2181, 117, 2, 0, 0.1, 1.21184e+06, 124.623
9726, 2181, 117, 3, 1, 0.1, 1.21196e+06, 124.623
9727, 18625, 127, 3, 0, 0.1, 1.21208e+06, 124.623
9728, 26757, 127, 1, 0, 0.1, 1.21221e+06, 124.623
9729, 18625, 127, 0, 1, 0.1, 1.21234e+06, 124.623
9730, 18625, 117, 1, 0, 0.1, 1.21245e+06, 124.623
9731, 2181, 127, 3, 1, 0.1, 1.21258e+06, 124.623
9732, 18593, 77, 1, 0, 0.1, 1.21266e+06, 124.618
9733, 29962, 117, 2, 1, 0.1, 1.21277e+06, 124.617
9734, 30472, 127, 1, 0, 0.1, 1.2129e+06, 124.617
9735, 29189, 127, 3, 0, 0.1, 1.21303e+06, 124.618
9736, 30472, 127, 1, 0, 0.1, 1.21316e+06, 124.618
9737, 29189, 127, 3, 0, 0.1, 1.21328e+06, 124.618
9738, 30472, 127, 2, 0, 0.1, 1.21341e+06, 124.618
9739, 29962, 137, 2, 0, 0.1, 1.21355e+06, 124.62
9740, 32002, 137, 3, 1, 0.1, 1.21368e+06, 124.621
9741, 30725, 127, 2, 1, 0.1, 1.21381e+06, 124.621
9742, 30725, 117, 3, 1, 0.1, 1.21393e+06, 124.62
9743, 31108, 137, 2, 0, 0.1, 1.21406e+06, 124.622
9744, 31108, 117, 0, 0, 0.1, 1.21418e+06, 124.621
9745, 24842, 137, 1, 0, 0.1, 1.21432e+06, 124.622
9746, 24842, 117, 0, 0, 0.1, 1.21444e+06, 124.621
9747, 29002, 127, 1, 0, 0.1, 1.21456e+06, 124.622
9748, 29002, 117, 0, 0, 0.1, 1.21468e+06, 124.621
9749, 29002, 127, 3, 0, 0.1, 1.21481e+06, 124.621
9750, 28938, 67, 3, 0, 0.1, 1.21487e+06, 124.615
9751, 29962, 117, 2, 0, 0.1, 1.21499e+06, 124.614
9752, 29960, 127, 0, 0, 0.1, 1.21512e+06, 124.615
9753, 29962, 127, 2, 0, 0.1, 1.21524e+06, 124.615
9754, 29960, 127, 2, 0, 0.1, 1.21537e+06, 124.615
9755, 29962, 127, 2, 0, 0.1, 1.2155e+06, 124.615
9756, 32002, 137, 1, 1, 0.1, 1.21564e+06, 124.617
9757, 32002, 117, 2, 0, 0.1, 1.21575e+06, 124.616
9758, 29962, 137, 0, 0, 0.1, 1.21589e+06, 124.617
9759, 32002, 127, 0, 0, 0.1, 1.21602e+06, 124.617
9760, 29962, 127, 1, 0, 0.1, 1.21614e+06, 124.618
9761, 29962, 117, 2, 0, 0.1, 1.21626e+06, 124.617
9762, 32002, 127, 0, 0, 0.1, 1.21639e+06, 124.617
9763, 29962, 127, 2, 0, 0.1, 1.21651e+06, 124.617
9764, 32002, 127, 3, 0, 0.1, 1.21664e+06, 124.618
9765, 30725, 137, 1, 0, 0.1, 1.21678e+06, 124.619
9766, 32002, 127, 3, 0, 0.1, 1.21690e+06, 124.619
9767, 30725, 127, 1, 0, 0.1, 1.21703e+06, 124.619
9768, 32002, 127, 2, 0, 0.1, 1.21716e+06, 124.62
9769, 29962, 127, 2, 0, 0.1, 1.21729e+06, 124.62
9770, 32512, 137, 2, 0, 0.1, 1.21742e+06, 124.621
9771, 29962, 127, 0, 0, 0.1, 1.21755e+06, 124.621
9772, 32512, 127, 2, 0, 0.1, 1.21768e+06, 124.622
9773, 29962, 127, 2, 0, 0.1, 1.2178e+06, 124.622
9774, 29962, 137, 2, 0, 0.1, 1.21794e+06, 124.623
9775, 28940, 137, 0, 0, 0.1, 1.21808e+06, 124.624
9776, 24842, 127, 2, 0, 0.1, 1.21820e+06, 124.625
9777, 28940, 127, 0, 0, 0.1, 1.21833e+06, 124.625
9778, 24842, 127, 2, 0, 0.1, 1.21846e+06, 124.625
9779, 28940, 127, 2, 0, 0.1, 1.21859e+06, 124.625
9780, 28940, 117, 0, 0, 0.1, 1.2187e+06, 124.625
9781, 24842, 127, 0, 0, 0.1, 1.21883e+06, 124.625
9782, 28938, 127, 0, 0, 0.1, 1.21896e+06, 124.625
9783, 31488, 127, 2, 0, 0.1, 1.21908e+06, 124.625
9784, 28938, 127, 1, 1, 0.1, 1.21921e+06, 124.625
9785, 28938, 117, 0, 0, 0.1, 1.21933e+06, 124.625
9786, 31488, 127, 1, 0, 0.1, 1.21946e+06, 124.625
9787, 31237, 127, 0, 0, 0.1, 1.21958e+06, 124.625
9788, 31237, 117, 3, 0, 0.1, 1.2197e+06, 124.624
9789, 31488, 127, 1, 0, 0.1, 1.21983e+06, 124.625
9790, 31237, 127, 3, 0, 0.1, 1.21995e+06, 124.625
9791, 31488, 127, 0, 0, 0.1, 1.22008e+06, 124.625
9792, 28938, 127, 2, 0, 0.1, 1.22021e+06, 124.625
9793, 31488, 127, 0, 0, 0.1, 1.22033e+06, 124.626
9794, 28938, 127, 0, 1, 0.1, 1.22046e+06, 124.626
9795, 30978, 127, 0, 0, 0.1, 1.22059e+06, 124.626
9796, 24842, 127, 0, 0, 0.1, 1.22072e+06, 124.626
9797, 24840, 127, 1, 0, 0.1, 1.22084e+06, 124.627
9798, 28677, 127, 1, 0, 0.1, 1.22097e+06, 124.627
9799, 29954, 127, 2, 0, 0.1, 1.2211e+06, 124.627
9800, 29962, 127, 2, 0, 0.1, 1.22122e+06, 124.627
9801, 30472, 127, 0, 0, 0.1, 1.22135e+06, 124.628
9802, 29962, 127, 0, 0, 0.1, 1.22148e+06, 124.628
9803, 29954, 127, 2, 0, 0.1, 1.2216e+06, 124.628
9804, 29962, 127, 2, 0, 0.1, 1.22173e+06, 124.628
9805, 30472, 127, 1, 0, 0.1, 1.22186e+06, 124.629
9806, 29189, 127, 1, 0, 0.1, 1.22198e+06, 124.629
9807, 28934, 137, 3, 0, 0.1, 1.22212e+06, 124.63
9808, 28677, 127, 0, 1, 0.1, 1.22225e+06, 124.63
9809, 28677, 117, 3, 0, 0.1, 1.22237e+06, 124.629
9810, 29960, 127, 0, 0, 0.1, 1.22249e+06, 124.63
9811, 29962, 127, 1, 1, 0.1, 1.22262e+06, 124.63
9812, 29962, 117, 0, 0, 0.1, 1.22274e+06, 124.629
9813, 29954, 127, 3, 0, 0.1, 1.22286e+06, 124.629
9814, 28677, 127, 3, 0, 0.1, 1.22299e+06, 124.63
9815, 24840, 127, 1, 0, 0.1, 1.22312e+06, 124.63
9816, 28677, 127, 3, 0, 0.1, 1.22324e+06, 124.63
9817, 24840, 127, 1, 1, 0.1, 1.22337e+06, 124.63
9818, 28677, 127, 1, 0, 0.1, 1.2235e+06, 124.631
9819, 29954, 127, 2, 0, 0.1, 1.22363e+06, 124.631
9820, 29962, 127, 1, 1, 0.1, 1.22375e+06, 124.631
9821, 29962, 117, 0, 1, 0.1, 1.22387e+06, 124.63
9822, 29954, 127, 0, 0, 0.1, 1.224e+06, 124.631
9823, 29962, 137, 3, 0, 0.1, 1.22413e+06, 124.632
9824, 29962, 117, 2, 0, 0.1, 1.22425e+06, 124.631
9825, 25858, 127, 0, 0, 0.1, 1.22438e+06, 124.631
9826, 29962, 127, 0, 0, 0.1, 1.22450e+06, 124.632
9827, 32002, 127, 0, 0, 0.1, 1.22463e+06, 124.632
9828, 29962, 127, 0, 0, 0.1, 1.22476e+06, 124.632
9829, 29960, 137, 0, 0, 0.1, 1.2249e+06, 124.633
9830, 25610, 137, 0, 0, 0.1, 1.22503e+06, 124.635
9831, 31745, 127, 1, 0, 0.1, 1.22516e+06, 124.635
9832, 26629, 127, 3, 0, 0.1, 1.22529e+06, 124.635
9833, 31873, 127, 2, 0, 0.1, 1.22541e+06, 124.635
9834, 25610, 127, 0, 0, 0.1, 1.22554e+06, 124.636
9835, 31873, 77, 3, 0, 0.1, 1.22562e+06, 124.631
9836, 29962, 117, 2, 0, 0.1, 1.22574e+06, 124.63
9837, 30472, 137, 1, 0, 0.1, 1.22587e+06, 124.631
9838, 29189, 127, 1, 0, 0.1, 1.226e+06, 124.631
9839, 29954, 137, 0, 0, 0.1, 1.22614e+06, 124.633
9840, 29962, 127, 0, 0, 0.1, 1.22626e+06, 124.633
9841, 32002, 127, 0, 0, 0.1, 1.22639e+06, 124.633
9842, 25866, 127, 2, 1, 0.1, 1.22652e+06, 124.633
9843, 32002, 127, 0, 0, 0.1, 1.22664e+06, 124.634
9844, 25866, 127, 0, 0, 0.1, 1.22677e+06, 124.634
9845, 29960, 127, 0, 0, 0.1, 1.2269e+06, 124.634
9846, 29962, 127, 2, 0, 0.1, 1.22702e+06, 124.634
9847, 29960, 127, 2, 0, 0.1, 1.22715e+06, 124.635
9848, 25866, 127, 0, 0, 0.1, 1.22728e+06, 124.635
9849, 29960, 127, 2, 0, 0.1, 1.22741e+06, 124.635
9850, 25866, 127, 2, 1, 0.1, 1.22753e+06, 124.635
9851, 32002, 127, 0, 0, 0.1, 1.22766e+06, 124.636
9852, 25866, 127, 2, 0, 0.1, 1.22779e+06, 124.636
9853, 32002, 127, 0, 0, 0.1, 1.22791e+06, 124.636
9854, 25866, 127, 0, 0, 0.1, 1.22804e+06, 124.636
9855, 29960, 127, 2, 0, 0.1, 1.22817e+06, 124.636
9856, 25866, 127, 0, 0, 0.1, 1.2283e+06, 124.637
9857, 29960, 127, 2, 0, 0.1, 1.22842e+06, 124.637
9858, 25866, 127, 2, 0, 0.1, 1.22855e+06, 124.637
9859, 32002, 127, 0, 0, 0.1, 1.22868e+06, 124.637
9860, 25866, 127, 0, 0, 0.1, 1.2288e+06, 124.638
9861, 29960, 127, 2, 0, 0.1, 1.22893e+06, 124.638
9862, 25866, 127, 1, 1, 0.1, 1.22906e+06, 124.638
9863, 25866, 117, 2, 0, 0.1, 1.22917e+06, 124.637
9864, 32002, 127, 3, 0, 0.1, 1.2293e+06, 124.638
9865, 30725, 127, 3, 0, 0.1, 1.22943e+06, 124.638
9866, 29960, 87, 3, 0, 0.1, 1.22952e+06, 124.634
9867, 29962, 117, 2, 0, 0.1, 1.22963e+06, 124.633
9868, 29960, 137, 1, 0, 0.1, 1.22977e+06, 124.635
9869, 28677, 127, 3, 0, 0.1, 1.2299e+06, 124.635
9870, 29960, 127, 2, 0, 0.1, 1.23002e+06, 124.635
9871, 29962, 137, 2, 0, 0.1, 1.23016e+06, 124.636
9872, 32002, 127, 0, 0, 0.1, 1.23029e+06, 124.637
9873, 29962, 127, 2, 0, 0.1, 1.23041e+06, 124.637
9874, 32002, 127, 2, 0, 0.1, 1.23054e+06, 124.637
9875, 29962, 127, 0, 0, 0.1, 1.23067e+06, 124.637
9876, 32002, 127, 0, 0, 0.1, 1.2308e+06, 124.637
9877, 29962, 127, 0, 0, 0.1, 1.23092e+06, 124.638
9878, 25864, 127, 0, 0, 0.1, 1.23105e+06, 124.638
9879, 29962, 127, 2, 0, 0.1, 1.23118e+06, 124.638
9880, 25864, 127, 1, 0, 0.1, 1.2313e+06, 124.638
9881, 16389, 127, 0, 0, 0.1, 1.23143e+06, 124.639
9882, 16389, 117, 3, 0, 0.1, 1.23155e+06, 124.638
9883, 25864, 127, 0, 0, 0.1, 1.23167e+06, 124.638
9884, 29962, 127, 0, 0, 0.1, 1.2318e+06, 124.638
9885, 30472, 127, 1, 0, 0.1, 1.23193e+06, 124.639
9886, 28677, 137, 3, 0, 0.1, 1.23206e+06, 124.64
9887, 25864, 127, 2, 0, 0.1, 1.23219e+06, 124.64
9888, 17674, 127, 0, 0, 0.1, 1.23232e+06, 124.64
9889, 25864, 127, 2, 0, 0.1, 1.23245e+06, 124.641
9890, 17674, 127, 2, 0, 0.1, 1.23257e+06, 124.641
9891, 25864, 127, 2, 0, 0.1, 1.2327e+06, 124.641
9892, 29962, 127, 2, 0, 0.1, 1.23283e+06, 124.641
9893, 32130, 127, 0, 0, 0.1, 1.23295e+06, 124.642
9894, 29962, 127, 0, 0, 0.1, 1.23308e+06, 124.642
9895, 25864, 127, 1, 0, 0.1, 1.23321e+06, 124.642
9896, 16389, 127, 3, 0, 0.1, 1.23334e+06, 124.642
9897, 25864, 127, 2, 0, 0.1, 1.23346e+06, 124.642
9898, 29962, 127, 3, 0, 0.1, 1.23359e+06, 124.643
9899, 29962, 117, 3, 0, 0.1, 1.23371e+06, 124.642
9900, 29962, 117, 2, 1, 0.1, 1.23382e+06, 124.641
9901, 32002, 127, 2, 1, 0.1, 1.23395e+06, 124.641
9902, 29962, 127, 1, 1, 0.1, 1.23408e+06, 124.642
9903, 29962, 117, 0, 0, 0.1, 1.23419e+06, 124.641
9904, 32130, 127, 3, 0, 0.1, 1.23432e+06, 124.641
9905, 30757, 87, 3, 0, 0.1, 1.23441e+06, 124.637
9906, 29962, 117, 0, 0, 0.1, 1.23452e+06, 124.637
9907, 30472, 127, 0, 0, 0.1, 1.23465e+06, 124.637
9908, 29962, 127, 0, 0, 0.1, 1.23478e+06, 124.637
9909, 29954, 137, 2, 0, 0.1, 1.23492e+06, 124.638
9910, 29962, 127, 2, 0, 0.1, 1.23504e+06, 124.639
9911, 30472, 127, 2, 0, 0.1, 1.23517e+06, 124.639
9912, 29962, 127, 0, 0, 0.1, 1.2353e+06, 124.639
9913, 30472, 127, 2, 1, 0.1, 1.23542e+06, 124.639
9914, 29962, 127, 2, 0, 0.1, 1.23555e+06, 124.639
9915, 30472, 137, 1, 0, 0.1, 1.23569e+06, 124.641
9916, 28677, 137, 0, 0, 0.1, 1.23582e+06, 124.642
9917, 28677, 117, 1, 0, 0.1, 1.23594e+06, 124.641
9918, 28930, 127, 2, 0, 0.1, 1.23607e+06, 124.641
9919, 28938, 127, 2, 0, 0.1, 1.2362e+06, 124.642
9920, 29448, 127, 1, 0, 0.1, 1.23632e+06, 124.642
9921, 16389, 137, 1, 0, 0.1, 1.23646e+06, 124.643
9922, 24582, 127, 3, 0, 0.1, 1.23659e+06, 124.643
9923, 16389, 127, 3, 0, 0.1, 1.23671e+06, 124.644
9924, 24840, 127, 0, 0, 0.1, 1.23684e+06, 124.644
9925, 28938, 127, 0, 0, 0.1, 1.23697e+06, 124.644
9926, 28930, 127, 3, 0, 0.1, 1.2371e+06, 124.644
9927, 28677, 127, 0, 0, 0.1, 1.23722e+06, 124.645
9928, 28677, 117, 0, 0, 0.1, 1.23734e+06, 124.644
9929, 28677, 117, 1, 0, 0.1, 1.23746e+06, 124.643
9930, 28930, 127, 3, 0, 0.1, 1.23758e+06, 124.643
9931, 28677, 127, 1, 0, 0.1, 1.23771e+06, 124.644
9932, 28930, 127, 0, 0, 0.1, 1.23784e+06, 124.644
9933, 28938, 137, 3, 0, 0.1, 1.23797e+06, 124.645
9934, 28938, 117, 2, 0, 0.1, 1.23809e+06, 124.644
9935, 28930, 127, 2, 0, 0.1, 1.23822e+06, 124.644
9936, 24842, 127, 0, 0, 0.1, 1.23834e+06, 124.645
9937, 28930, 127, 2, 0, 0.1, 1.23847e+06, 124.645
9938, 24842, 127, 2, 0, 0.1, 1.2386e+06, 124.645
9939, 24840, 127, 2, 1, 0.1, 1.23873e+06, 124.645
9940, 28938, 127, 0, 0, 0.1, 1.23885e+06, 124.646
9941, 24840, 127, 2, 0, 0.1, 1.23898e+06, 124.646
9942, 28938, 127, 0, 0, 0.1, 1.23911e+06, 124.646
9943, 24840, 127, 1, 0, 0.1, 1.23923e+06, 124.646
9944, 16389, 127, 3, 0, 0.1, 1.23936e+06, 124.647
9945, 24840, 127, 0, 0, 0.1, 1.23949e+06, 124.647
9946, 24842, 127, 2, 0, 0.1, 1.23962e+06, 124.647
9947, 24840, 127, 1, 0, 0.1, 1.23974e+06, 124.647
9948, 16389, 127, 3, 0, 0.1, 1.23987e+06, 124.648
9949, 24840, 127, 2, 0, 0.1, 1.24e+06, 124.648
9950, 28938, 127, 0, 0, 0.1, 1.24012e+06, 124.648
9951, 24840, 127, 1, 0, 0.1, 1.24025e+06, 124.648
9952, 16389, 127, 1, 0, 0.1, 1.24038e+06, 124.648
9953, 24582, 127, 0, 0, 0.1, 1.2405e+06, 124.649
9954, 28682, 127, 3, 0, 0.1, 1.24063e+06, 124.649
9955, 28682, 117, 0, 0, 0.1, 1.24075e+06, 124.648
9956, 29193, 127, 1, 0, 0.1, 1.24088e+06, 124.648
9957, 28677, 137, 1, 0, 0.1, 1.24101e+06, 124.65
9958, 29954, 127, 3, 0, 0.1, 1.24114e+06, 124.65
9959, 28677, 127, 3, 0, 0.1, 1.24127e+06, 124.65
9960, 24585, 127, 3, 0, 0.1, 1.24139e+06, 124.65
9961, 24585, 117, 3, 0, 0.1, 1.24151e+06, 124.65
9962, 24585, 117, 3, 0, 0.1, 1.24163e+06, 124.649
9963, 24585, 117, 2, 0, 0.1, 1.24174e+06, 124.648
9964, 16394, 127, 2, 0, 0.1, 1.24187e+06, 124.648
9965, 6, 127, 1, 0, 0.1, 1.242e+06, 124.649
9966, 6, 117, 2, 1, 0.1, 1.24212e+06, 124.648
9967, 6, 117, 2, 0, 0.1, 1.24223e+06, 124.647
9968, 6, 117, 1, 0, 0.1, 1.24235e+06, 124.646
9969, 6, 117, 3, 0, 0.1, 1.24247e+06, 124.645
9970, 16389, 127, 3, 0, 0.1, 1.24259e+06, 124.646
9971, 24840, 127, 1, 0, 0.1, 1.24272e+06, 124.646
9972, 16389, 127, 1, 0, 0.1, 1.24285e+06, 124.646
9973, 6, 127, 1, 0, 0.1, 1.24297e+06, 124.646
9974, 6, 117, 2, 0, 0.1, 1.24309e+06, 124.646
9975, 6, 117, 2, 0, 0.1, 1.24321e+06, 124.645
9976, 6, 117, 2, 0, 0.1, 1.24332e+06, 124.644
9977, 6, 117, 0, 1, 0.1, 1.24344e+06, 124.643
9978, 16394, 127, 0, 0, 0.1, 1.24357e+06, 124.644
9979, 24585, 127, 0, 0, 0.1, 1.2437e+06, 124.644
9980, 24585, 117, 0, 0, 0.1, 1.24381e+06, 124.643
9981, 24585, 117, 3, 1, 0.1, 1.24393e+06, 124.642
9982, 24585, 117, 3, 0, 0.1, 1.24405e+06, 124.642
9983, 24585, 117, 2, 0, 0.1, 1.24416e+06, 124.641
9984, 16394, 127, 0, 0, 0.1, 1.24429e+06, 124.641
9985, 24585, 127, 0, 0, 0.1, 1.24442e+06, 124.641
9986, 24585, 117, 2, 0, 0.1, 1.24454e+06, 124.64
9987, 16394, 127, 0, 0, 0.1, 1.24466e+06, 124.641
9988, 24585, 127, 1, 0, 0.1, 1.24479e+06, 124.641
9989, 28677, 127, 3, 0, 0.1, 1.24492e+06, 124.641
9990, 24585, 127, 3, 0, 0.1, 1.24504e+06, 124.641
9991, 24585, 117, 2, 0, 0.1, 1.24516e+06, 124.641
9992, 16394, 127, 0, 0, 0.1, 1.24529e+06, 124.641
9993, 24585, 127, 1, 0, 0.1, 1.24541e+06, 124.641
9994, 28677, 127, 1, 0, 0.1, 1.24554e+06, 124.641
9995, 29954, 127, 3, 0, 0.1, 1.24567e+06, 124.642
9996, 28677, 127, 1, 1, 0.1, 1.2458e+06, 124.642
9997, 29954, 127, 2, 0, 0.1, 1.24592e+06, 124.642
9998, 25866, 137, 3, 0, 0.1, 1.24606e+06, 124.643
9999, 25866, 117, 0, 1, 0.1, 1.24618e+06, 124.643
10000, 29954, 127, 3, 0, 0.1, 1.2463e+06, 124.643
10001, 24581, 127, 1, 0, 0.1, 1.24643e+06, 124.643
10002, 29954, 127, 0, 0, 0.1, 1.24656e+06, 124.643
10003, 29962, 127, 2, 0, 0.1, 1.24668e+06, 124.643
10004, 29954, 127, 3, 0, 0.1, 1.24681e+06, 124.644
10005, 24581, 127, 0, 1, 0.1, 1.24694e+06, 124.644
10006, 24581, 117, 1, 0, 0.1, 1.24706e+06, 124.643
10007, 29954, 127, 1, 1, 0.1, 1.24718e+06, 124.643
10008, 29954, 117, 2, 0, 0.1, 1.2473e+06, 124.643
10009, 25866, 127, 1, 1, 0.1, 1.24743e+06, 124.643
10010, 25866, 117, 0, 0, 0.1, 1.24754e+06, 124.642
10011, 29954, 127, 3, 0, 0.1, 1.24767e+06, 124.642
10012, 24581, 127, 1, 0, 0.1, 1.2478e+06, 124.643
10013, 29954, 127, 0, 0, 0.1, 1.24792e+06, 124.643
10014, 29962, 127, 2, 0, 0.1, 1.24805e+06, 124.643
10015, 29954, 127, 3, 0, 0.1, 1.24818e+06, 124.643
10016, 24581, 127, 3, 0, 0.1, 1.24830e+06, 124.644
10017, 16393, 127, 1, 0, 0.1, 1.24843e+06, 124.644
10018, 24581, 127, 3, 0, 0.1, 1.24856e+06, 124.644
10019, 16393, 127, 1, 0, 0.1, 1.24869e+06, 124.644
10020, 24581, 127, 1, 0, 0.1, 1.24881e+06, 124.644
10021, 29954, 127, 0, 0, 0.1, 1.24894e+06, 124.645
10022, 29962, 127, 2, 0, 0.1, 1.24907e+06, 124.645
10023, 29954, 127, 2, 0, 0.1, 1.24919e+06, 124.645
10024, 25866, 127, 2, 0, 0.1, 1.24932e+06, 124.645
10025, 29962, 127, 0, 0, 0.1, 1.24945e+06, 124.646
10026, 25866, 127, 2, 0, 0.1, 1.24958e+06, 124.646
10027, 29962, 127, 2, 0, 0.1, 1.2497e+06, 124.646
10028, 29962, 127, 0, 0, 0.1, 1.24983e+06, 124.646
10029, 29962, 127, 0, 0, 0.1, 1.24996e+06, 124.647
10030, 25866, 127, 2, 0, 0.1, 1.25008e+06, 124.647
10031, 29962, 127, 3, 0, 0.1, 1.25021e+06, 124.647
10032, 29962, 117, 0, 0, 0.1, 1.25033e+06, 124.646
10033, 25866, 127, 0, 0, 0.1, 1.25045e+06, 124.647
10034, 29954, 127, 2, 0, 0.1, 1.25058e+06, 124.647
10035, 25866, 127, 0, 0, 0.1, 1.25071e+06, 124.647
10036, 29954, 127, 0, 0, 0.1, 1.25084e+06, 124.647
10037, 29962, 127, 1, 0, 0.1, 1.25096e+06, 124.647
10038, 29962, 117, 2, 0, 0.1, 1.25108e+06, 124.647
10039, 29954, 127, 3, 0, 0.1, 1.25121e+06, 124.647
10040, 24581, 127, 3, 0, 0.1, 1.25133e+06, 124.647
10041, 16393, 127, 0, 0, 0.1, 1.25146e+06, 124.647
10042, 16393, 117, 1, 0, 0.1, 1.25158e+06, 124.647
10043, 24581, 127, 1, 0, 0.1, 1.2517e+06, 124.647
10044, 29954, 127, 3, 0, 0.1, 1.25183e+06, 124.647
10045, 24581, 127, 1, 0, 0.1, 1.25196e+06, 124.647
10046, 29954, 127, 2, 0, 0.1, 1.25208e+06, 124.648
10047, 25866, 127, 2, 0, 0.1, 1.25221e+06, 124.648
10048, 29962, 127, 0, 0, 0.1, 1.25234e+06, 124.648
10049, 25866, 127, 2, 0, 0.1, 1.25247e+06, 124.648
10050, 29962, 127, 2, 0, 0.1, 1.25259e+06, 124.649
10051, 29962, 127, 2, 0, 0.1, 1.25272e+06, 124.649
10052, 29962, 137, 2, 0, 0.1, 1.25286e+06, 124.65
10053, 29962, 137, 1, 0, 0.1, 1.25299e+06, 124.651
10054, 29962, 117, 2, 0, 0.1, 1.25311e+06, 124.65
10055, 29962, 137, 0, 0, 0.1, 1.25325e+06, 124.652
10056, 29962, 127, 2, 0, 0.1, 1.25338e+06, 124.652
10057, 29962, 127, 0, 0, 0.1, 1.2535e+06, 124.652
10058, 29962, 127, 2, 0, 0.1, 1.25363e+06, 124.652
10059, 29962, 127, 2, 0, 0.1, 1.25376e+06, 124.653
10060, 16646, 137, 3, 0, 0.1, 1.25389e+06, 124.654
10061, 24581, 127, 3, 0, 0.1, 1.25402e+06, 124.654
10062, 28940, 127, 3, 0, 0.1, 1.25415e+06, 124.654
10063, 28940, 117, 2, 0, 0.1, 1.25426e+06, 124.654
10064, 28940, 117, 0, 0, 0.1, 1.25438e+06, 124.653
10065, 30978, 127, 0, 1, 0.1, 1.25451e+06, 124.653
10066, 28938, 127, 2, 0, 0.1, 1.25464e+06, 124.653
10067, 30978, 127, 0, 0, 0.1, 1.25476e+06, 124.653
10068, 28938, 127, 3, 0, 0.1, 1.25489e+06, 124.654
10069, 28938, 117, 2, 0, 0.1, 1.25501e+06, 124.653
10070, 30978, 127, 0, 0, 0.1, 1.25513e+06, 124.653
10071, 28938, 127, 2, 0, 0.1, 1.25526e+06, 124.653
10072, 30978, 127, 0, 1, 0.1, 1.25539e+06, 124.654
10073, 28938, 127, 2, 1, 0.1, 1.25551e+06, 124.654
10074, 30978, 127, 0, 0, 0.1, 1.25564e+06, 124.654
10075, 28938, 127, 0, 0, 0.1, 1.25577e+06, 124.654
10076, 26627, 137, 2, 0, 0.1, 1.25590e+06, 124.656
10077, 28682, 127, 2, 0, 0.1, 1.25603e+06, 124.656
10078, 30722, 127, 1, 0, 0.1, 1.25616e+06, 124.656
10079, 30722, 117, 3, 0, 0.1, 1.25628e+06, 124.655
10080, 28677, 137, 3, 0, 0.1, 1.25641e+06, 124.657
10081, 28681, 127, 2, 0, 0.1, 1.25654e+06, 124.657
10082, 49158, 137, 3, 0, 0.1, 1.25668e+06, 124.658
10083, 57349, 127, 3, 0, 0.1, 1.2568e+06, 124.658
10084, 61708, 127, 1, 0, 0.1, 1.25693e+06, 124.658
10085, 57349, 127, 0, 0, 0.1, 1.25706e+06, 124.659
10086, 57349, 117, 0, 0, 0.1, 1.25718e+06, 124.658
10087, 57349, 117, 1, 0, 0.1, 1.25729e+06, 124.657
10088, 49158, 127, 0, 0, 0.1, 1.25742e+06, 124.657
10089, 32777, 127, 0, 0, 0.1, 1.25755e+06, 124.658
10090, 32777, 117, 3, 0, 0.1, 1.25766e+06, 124.657
10091, 32777, 117, 1, 1, 0.1, 1.25778e+06, 124.656
10092, 32773, 127, 0, 0, 0.1, 1.25791e+06, 124.656
10093, 32773, 117, 1, 0, 0.1, 1.25802e+06, 124.656
10094, 32770, 127, 0, 0, 0.1, 1.25815e+06, 124.656
10095, 49162, 127, 1, 0, 0.1, 1.25828e+06, 124.656
10096, 49162, 117, 3, 0, 0.1, 1.2584e+06, 124.655
10097, 49162, 117, 3, 0, 0.1, 1.25851e+06, 124.655
10098, 49162, 117, 2, 0, 0.1, 1.25863e+06, 124.654
10099, 32770, 127, 3, 0, 0.1, 1.25876e+06, 124.654
10100, 32773, 127, 2, 0, 0.1, 1.25888e+06, 124.654
10101, 32773, 117, 1, 0, 0.1, 1.259e+06, 124.653
10102, 32770, 127, 2, 0, 0.1, 1.25913e+06, 124.654
10103, 32780, 127, 1, 0, 0.1, 1.25925e+06, 124.654
10104, 32773, 127, 0, 0, 0.1, 1.25938e+06, 124.654
10105, 32773, 117, 1, 0, 0.1, 1.2595e+06, 124.653
10106, 33030, 127, 0, 1, 0.1, 1.25962e+06, 124.654
10107, 33034, 127, 1, 1, 0.1, 1.25975e+06, 124.654
10108, 33034, 117, 0, 0, 0.1, 1.25987e+06, 124.653
10109, 33034, 127, 1, 0, 0.1, 1.26e+06, 124.653
10110, 33034, 117, 0, 0, 0.1, 1.26011e+06, 124.653
10111, 33034, 127, 0, 0, 0.1, 1.26024e+06, 124.653
10112, 33034, 127, 1, 0, 0.1, 1.26037e+06, 124.653
10113, 33034, 117, 0, 0, 0.1, 1.26048e+06, 124.652
10114, 49418, 127, 0, 0, 0.1, 1.26061e+06, 124.653
10115, 57610, 127, 0, 1, 0.1, 1.26074e+06, 124.653
10116, 61698, 127, 2, 0, 0.1, 1.26086e+06, 124.653
10117, 57610, 127, 0, 0, 0.1, 1.26099e+06, 124.653
10118, 61698, 127, 0, 0, 0.1, 1.26112e+06, 124.653
10119, 61706, 127, 0, 0, 0.1, 1.26125e+06, 124.654
10120, 63746, 137, 2, 0, 0.1, 1.26138e+06, 124.655
10121, 61706, 127, 2, 0, 0.1, 1.26151e+06, 124.655
10122, 57602, 127, 0, 0, 0.1, 1.26164e+06, 124.655
10123, 61706, 127, 0, 0, 0.1, 1.26176e+06, 124.656
10124, 63746, 127, 0, 0, 0.1, 1.26189e+06, 124.656
10125, 61706, 137, 2, 0, 0.1, 1.26203e+06, 124.657
10126, 63746, 127, 2, 0, 0.1, 1.26216e+06, 124.657
10127, 57610, 127, 2, 0, 0.1, 1.26228e+06, 124.658
10128, 49410, 127, 3, 0, 0.1, 1.26241e+06, 124.658
10129, 32773, 127, 3, 0, 0.1, 1.26254e+06, 124.658
10130, 32777, 127, 3, 0, 0.1, 1.26266e+06, 124.658
10131, 32777, 117, 2, 0, 0.1, 1.26278e+06, 124.657
10132, 32778, 127, 1, 0, 0.1, 1.26291e+06, 124.658
10133, 32778, 117, 3, 0, 0.1, 1.26302e+06, 124.657
10134, 32778, 117, 0, 0, 0.1, 1.26314e+06, 124.656
10135, 32777, 127, 1, 0, 0.1, 1.26327e+06, 124.656
10136, 32773, 127, 1, 0, 0.1, 1.2634e+06, 124.657
10137, 49410, 127, 0, 0, 0.1, 1.26352e+06, 124.657
10138, 57610, 127, 1, 0, 0.1, 1.26365e+06, 124.657
10139, 57610, 117, 0, 0, 0.1, 1.26377e+06, 124.656
10140, 63746, 127, 3, 0, 0.1, 1.26389e+06, 124.657
10141, 63493, 127, 3, 0, 0.1, 1.26402e+06, 124.657
10142, 61708, 137, 3, 1, 0.1, 1.26416e+06, 124.658
10143, 61708, 117, 2, 1, 0.1, 1.26427e+06, 124.657
10144, 61708, 117, 2, 0, 0.1, 1.26439e+06, 124.657
10145, 61708, 117, 1, 0, 0.1, 1.26451e+06, 124.656
10146, 57349, 127, 2, 0, 0.1, 1.26464e+06, 124.656
10147, 57349, 117, 3, 0, 0.1, 1.26475e+06, 124.655
10148, 61708, 127, 3, 0, 0.1, 1.26488e+06, 124.655
10149, 61708, 117, 0, 0, 0.1, 1.265e+06, 124.655
10150, 61706, 127, 3, 0, 0.1, 1.26512e+06, 124.655
10151, 61706, 117, 0, 0, 0.1, 1.26524e+06, 124.654
10152, 63491, 137, 0, 0, 0.1, 1.26538e+06, 124.655
10153, 63491, 117, 3, 0, 0.1, 1.26549e+06, 124.655
10154, 61445, 137, 0, 1, 0.1, 1.26563e+06, 124.656
10155, 61445, 117, 1, 0, 0.1, 1.26575e+06, 124.655
10156, 57347, 127, 0, 1, 0.1, 1.26588e+06, 124.655
10157, 57347, 117, 0, 0, 0.1, 1.26599e+06, 124.655
10158, 57347, 117, 3, 0, 0.1, 1.26611e+06, 124.654
10159, 61445, 127, 3, 0, 0.1, 1.26624e+06, 124.654
10160, 62472, 127, 0, 0, 0.1, 1.26636e+06, 124.654
10161, 62474, 127, 2, 0, 0.1, 1.26649e+06, 124.655
10162, 62472, 127, 0, 0, 0.1, 1.26662e+06, 124.655
10163, 62474, 127, 2, 0, 0.1, 1.26674e+06, 124.655
10164, 62472, 127, 2, 0, 0.1, 1.26687e+06, 124.655
10165, 62474, 137, 1, 0, 0.1, 1.26701e+06, 124.656
10166, 62474, 117, 0, 1, 0.1, 1.26712e+06, 124.656
10167, 62472, 127, 0, 0, 0.1, 1.26725e+06, 124.656
10168, 62474, 127, 2, 1, 0.1, 1.26738e+06, 124.656
10169, 62472, 127, 0, 0, 0.1, 1.26751e+06, 124.656
10170, 62474, 127, 2, 0, 0.1, 1.26763e+06, 124.657
10171, 62472, 127, 2, 0, 0.1, 1.26776e+06, 124.657
10172, 62474, 127, 0, 0, 0.1, 1.26789e+06, 124.657
10173, 62472, 127, 0, 0, 0.1, 1.26801e+06, 124.657
10174, 62474, 127, 0, 1, 0.1, 1.26814e+06, 124.658
10175, 65025, 127, 1, 1, 0.1, 1.26827e+06, 124.658
10176, 64133, 137, 2, 0, 0.1, 1.26840e+06, 124.659
10177, 64133, 117, 1, 0, 0.1, 1.26852e+06, 124.658
10178, 63878, 137, 2, 1, 0.1, 1.26866e+06, 124.659
10179, 63750, 117, 2, 0, 0.1, 1.26878e+06, 124.659
10180, 63750, 117, 3, 0, 0.1, 1.26889e+06, 124.658
10181, 63493, 127, 0, 1, 0.1, 1.26902e+06, 124.658
10182, 30725, 117, 1, 0, 0.1, 1.26914e+06, 124.657
10183, 30982, 127, 3, 0, 0.1, 1.26926e+06, 124.658
10184, 30853, 127, 0, 0, 0.1, 1.26939e+06, 124.658
10185, 30725, 117, 1, 0, 0.1, 1.26951e+06, 124.657
10186, 31110, 127, 0, 0, 0.1, 1.26964e+06, 124.657
10187, 24586, 137, 0, 0, 0.1, 1.26977e+06, 124.659
10188, 30722, 127, 3, 0, 0.1, 1.2699e+06, 124.659
10189, 30725, 127, 3, 0, 0.1, 1.27003e+06, 124.659
10190, 28684, 137, 3, 0, 0.1, 1.27016e+06, 124.66
10191, 28684, 117, 2, 1, 0.1, 1.27028e+06, 124.659
10192, 28684, 117, 2, 0, 0.1, 1.2704e+06, 124.659
10193, 28684, 117, 1, 0, 0.1, 1.27051e+06, 124.658
10194, 28677, 127, 1, 0, 0.1, 1.27064e+06, 124.658
10195, 28802, 127, 3, 0, 0.1, 1.27077e+06, 124.658
10196, 28677, 77, 2, 0, 0.1, 1.27084e+06, 124.654
10197, 30472, 137, 1, 0, 0.1, 1.27098e+06, 124.655
10198, 29189, 127, 3, 0, 0.1, 1.27111e+06, 124.655
10199, 30472, 127, 1, 0, 0.1, 1.27124e+06, 124.655
10200, 29189, 127, 1, 0, 0.1, 1.27136e+06, 124.656
10201, 29954, 137, 3, 0, 0.1, 1.2715e+06, 124.657
10202, 28677, 127, 1, 0, 0.1, 1.27163e+06, 124.657
10203, 29954, 127, 0, 0, 0.1, 1.27175e+06, 124.657
10204, 29962, 127, 2, 0, 0.1, 1.27188e+06, 124.658
10205, 29954, 127, 2, 0, 0.1, 1.27201e+06, 124.658
10206, 29962, 137, 2, 0, 0.1, 1.27214e+06, 124.659
10207, 30472, 127, 0, 0, 0.1, 1.27227e+06, 124.659
10208, 29962, 127, 1, 0, 0.1, 1.2724e+06, 124.659
10209, 29962, 117, 0, 0, 0.1, 1.27252e+06, 124.659
10210, 25858, 127, 0, 0, 0.1, 1.27264e+06, 124.659
10211, 29962, 127, 2, 0, 0.1, 1.27277e+06, 124.659
10212, 25858, 127, 0, 0, 0.1, 1.2729e+06, 124.659
10213, 29962, 127, 3, 1, 0.1, 1.27302e+06, 124.66
10214, 29962, 117, 2, 0, 0.1, 1.27314e+06, 124.659
10215, 25858, 127, 0, 0, 0.1, 1.27327e+06, 124.659
10216, 29962, 127, 2, 0, 0.1, 1.2734e+06, 124.659
10217, 25858, 127, 1, 0, 0.1, 1.27352e+06, 124.66
10218, 25858, 117, 3, 0, 0.1, 1.27364e+06, 124.659
10219, 28677, 127, 1, 0, 0.1, 1.27377e+06, 124.659
10220, 25858, 127, 1, 1, 0.1, 1.27389e+06, 124.659
10221, 25858, 117, 1, 0, 0.1, 1.27401e+06, 124.659
10222, 25858, 117, 0, 0, 0.1, 1.27413e+06, 124.658
10223, 29962, 127, 2, 0, 0.1, 1.27425e+06, 124.658
10224, 25874, 127, 0, 0, 0.1, 1.27438e+06, 124.658
10225, 29962, 77, 2, 0, 0.1, 1.27446e+06, 124.654
10226, 30472, 127, 2, 0, 0.1, 1.27458e+06, 124.654
10227, 29962, 127, 3, 0, 0.1, 1.27471e+06, 124.654
10228, 29962, 117, 0, 0, 0.1, 1.27483e+06, 124.653
10229, 30472, 127, 2, 0, 0.1, 1.27496e+06, 124.654
10230, 29962, 127, 1, 0, 0.1, 1.27508e+06, 124.654
10231, 29962, 117, 0, 0, 0.1, 1.2752e+06, 124.653
10232, 30472, 127, 0, 1, 0.1, 1.27533e+06, 124.653
10233, 29962, 127, 2, 1, 0.1, 1.27545e+06, 124.653
10234, 30472, 127, 1, 0, 0.1, 1.27558e+06, 124.654
10235, 29189, 127, 3, 0, 0.1, 1.27571e+06, 124.654
10236, 30472, 127, 1, 0, 0.1, 1.27584e+06, 124.654
10237, 29189, 127, 1, 0, 0.1, 1.27596e+06, 124.654
10238, 29954, 137, 2, 0, 0.1, 1.2761e+06, 124.656
10239, 29962, 127, 2, 0, 0.1, 1.27623e+06, 124.656
10240, 30472, 137, 1, 0, 0.1, 1.27636e+06, 124.657
10241, 29189, 127, 2, 1, 0.1, 1.27649e+06, 124.657
10242, 29189, 117, 3, 0, 0.1, 1.27661e+06, 124.656
10243, 30472, 127, 1, 0, 0.1, 1.27673e+06, 124.657
10244, 29189, 127, 3, 0, 0.1, 1.27686e+06, 124.657
10245, 30472, 127, 0, 1, 0.1, 1.27699e+06, 124.657
10246, 25866, 127, 2, 0, 0.1, 1.27712e+06, 124.657
10247, 30472, 127, 2, 0, 0.1, 1.27724e+06, 124.658
10248, 29962, 127, 2, 0, 0.1, 1.27737e+06, 124.658
10249, 31492, 137, 2, 0, 0.1, 1.27751e+06, 124.659
10250, 31492, 117, 2, 0, 0.1, 1.27762e+06, 124.658
10251, 31492, 117, 2, 0, 0.1, 1.27774e+06, 124.658
10252, 31492, 117, 0, 0, 0.1, 1.27786e+06, 124.657
10253, 28938, 127, 2, 0, 0.1, 1.27798e+06, 124.657
10254, 31492, 127, 2, 0, 0.1, 1.27811e+06, 124.657
10255, 31492, 117, 3, 0, 0.1, 1.27823e+06, 124.657
10256, 31237, 127, 3, 0, 0.1, 1.27836e+06, 124.657
10257, 32512, 137, 2, 0, 0.1, 1.27849e+06, 124.658
10258, 29962, 127, 0, 1, 0.1, 1.27862e+06, 124.658
10259, 32512, 127, 3, 0, 0.1, 1.27875e+06, 124.658
10260, 31237, 137, 2, 0, 0.1, 1.27888e+06, 124.66
10261, 31237, 117, 0, 1, 0.1, 1.279e+06, 124.659
10262, 31237, 117, 1, 0, 0.1, 1.27912e+06, 124.658
10263, 32528, 127, 3, 0, 0.1, 1.27924e+06, 124.658
10264, 31237, 127, 3, 0, 0.1, 1.27937e+06, 124.659
10265, 31269, 127, 3, 0, 0.1, 1.2795e+06, 124.659
10266, 31269, 137, 1, 0, 0.1, 1.27964e+06, 124.66
10267, 31237, 77, 2, 0, 0.1, 1.27971e+06, 124.655
10268, 30472, 137, 1, 0, 0.1, 1.27985e+06, 124.657
10269, 29189, 127, 3, 0, 0.1, 1.27998e+06, 124.657
10270, 30472, 127, 1, 0, 0.1, 1.2801e+06, 124.657
10271, 29189, 127, 1, 0, 0.1, 1.28023e+06, 124.657
10272, 29954, 137, 2, 0, 0.1, 1.28037e+06, 124.658
10273, 29962, 127, 2, 0, 0.1, 1.28049e+06, 124.659
10274, 30472, 127, 0, 0, 0.1, 1.28062e+06, 124.659
10275, 29962, 127, 0, 0, 0.1, 1.28075e+06, 124.659
10276, 29954, 127, 0, 0, 0.1, 1.28088e+06, 124.659
10277, 29962, 137, 0, 1, 0.1, 1.28101e+06, 124.661
10278, 32002, 137, 0, 0, 0.1, 1.28115e+06, 124.662
10279, 25866, 137, 0, 1, 0.1, 1.28129e+06, 124.663
10280, 29960, 127, 2, 0, 0.1, 1.28141e+06, 124.663
10281, 25866, 127, 0, 0, 0.1, 1.28154e+06, 124.663
10282, 29960, 127, 0, 0, 0.1, 1.28167e+06, 124.664
10283, 29962, 127, 0, 0, 0.1, 1.28179e+06, 124.664
10284, 32257, 137, 2, 0, 0.1, 1.28193e+06, 124.665
10285, 29706, 127, 2, 0, 0.1, 1.28206e+06, 124.665
10286, 25608, 127, 0, 0, 0.1, 1.28218e+06, 124.666
10287, 29706, 127, 2, 0, 0.1, 1.28231e+06, 124.666
10288, 25624, 127, 2, 0, 0.1, 1.28244e+06, 124.666
10289, 25626, 127, 2, 0, 0.1, 1.28257e+06, 124.666
10290, 31762, 127, 3, 1, 0.1, 1.28269e+06, 124.666
10291, 30725, 127, 0, 0, 0.1, 1.28282e+06, 124.667
10292, 30885, 117, 1, 0, 0.1, 1.28294e+06, 124.666
10293, 31874, 77, 2, 1, 0.1, 1.28301e+06, 124.661
10294, 29960, 137, 2, 0, 0.1, 1.28315e+06, 124.662
10295, 29962, 137, 2, 0, 0.1, 1.28329e+06, 124.664
10296, 32002, 127, 0, 0, 0.1, 1.28342e+06, 124.664
10297, 29962, 127, 0, 0, 0.1, 1.28354e+06, 124.664
10298, 25864, 127, 1, 0, 0.1, 1.28367e+06, 124.664
10299, 28677, 127, 3, 0, 0.1, 1.2838e+06, 124.665
10300, 25864, 127, 2, 0, 0.1, 1.28392e+06, 124.665
10301, 29962, 127, 2, 0, 0.1, 1.28405e+06, 124.665
10302, 32002, 127, 0, 0, 0.1, 1.28418e+06, 124.665
10303, 29962, 127, 0, 0, 0.1, 1.2843e+06, 124.666
10304, 25864, 127, 0, 0, 0.1, 1.28443e+06, 124.666
10305, 29962, 127, 2, 0, 0.1, 1.28456e+06, 124.666
10306, 25864, 127, 0, 0, 0.1, 1.28468e+06, 124.666
10307, 29962, 127, 0, 0, 0.1, 1.28481e+06, 124.666
10308, 30472, 127, 1, 0, 0.1, 1.28494e+06, 124.667
10309, 28677, 137, 1, 0, 0.1, 1.28508e+06, 124.668
10310, 29954, 127, 3, 0, 0.1, 1.2852e+06, 124.668
10311, 28677, 127, 1, 0, 0.1, 1.28533e+06, 124.668
10312, 29954, 127, 0, 0, 0.1, 1.28546e+06, 124.669
10313, 29962, 137, 3, 1, 0.1, 1.28559e+06, 124.67
10314, 29962, 117, 2, 0, 0.1, 1.28571e+06, 124.669
10315, 29954, 127, 2, 0, 0.1, 1.28584e+06, 124.669
10316, 29962, 127, 2, 0, 0.1, 1.28596e+06, 124.669
10317, 29954, 127, 2, 0, 0.1, 1.28609e+06, 124.67
10318, 25866, 137, 1, 0, 0.1, 1.28623e+06, 124.671
10319, 25866, 117, 2, 0, 0.1, 1.28635e+06, 124.67
10320, 29960, 127, 0, 0, 0.1, 1.28647e+06, 124.67
10321, 25866, 127, 0, 0, 0.1, 1.2866e+06, 124.671
10322, 17666, 127, 0, 0, 0.1, 1.28673e+06, 124.671
10323, 25866, 127, 2, 0, 0.1, 1.28685e+06, 124.671
10324, 17666, 127, 2, 0, 0.1, 1.28698e+06, 124.671
10325, 25866, 127, 2, 0, 0.1, 1.28711e+06, 124.671
10326, 29960, 127, 0, 0, 0.1, 1.28724e+06, 124.672
10327, 25866, 127, 0, 0, 0.1, 1.28736e+06, 124.672
10328, 17666, 127, 2, 0, 0.1, 1.28749e+06, 124.672
10329, 25866, 127, 2, 0, 0.1, 1.28762e+06, 124.672
10330, 29960, 127, 2, 0, 0.1, 1.28774e+06, 124.673
10331, 29962, 127, 3, 0, 0.1, 1.28787e+06, 124.673
10332, 29962, 117, 2, 0, 0.1, 1.28799e+06, 124.672
10333, 31492, 137, 3, 0, 0.1, 1.28812e+06, 124.673
10334, 31237, 137, 3, 0, 0.1, 1.28826e+06, 124.674
10335, 32512, 127, 2, 0, 0.1, 1.28839e+06, 124.675
10336, 29962, 137, 0, 0, 0.1, 1.28852e+06, 124.676
10337, 32512, 127, 2, 0, 0.1, 1.28865e+06, 124.676
10338, 29962, 127, 2, 0, 0.1, 1.28878e+06, 124.676
10339, 29962, 137, 0, 0, 0.1, 1.28892e+06, 124.678
10340, 29962, 127, 2, 0, 0.1, 1.28904e+06, 124.678
10341, 29962, 127, 1, 1, 0.1, 1.28917e+06, 124.678
10342, 29962, 117, 2, 0, 0.1, 1.28929e+06, 124.677
10343, 28940, 137, 1, 0, 0.1, 1.28942e+06, 124.678
10344, 28677, 127, 3, 0, 0.1, 1.28955e+06, 124.679
10345, 28940, 127, 0, 0, 0.1, 1.28968e+06, 124.679
10346, 24842, 127, 0, 0, 0.1, 1.28980e+06, 124.679
10347, 28938, 127, 0, 0, 0.1, 1.28993e+06, 124.679
10348, 31488, 127, 3, 0, 0.1, 1.29006e+06, 124.68
10349, 31237, 127, 0, 0, 0.1, 1.29019e+06, 124.68
10350, 31237, 117, 3, 0, 0.1, 1.2903e+06, 124.679
10351, 31237, 127, 2, 0, 0.1, 1.29043e+06, 124.679
10352, 31237, 117, 3, 0, 0.1, 1.29055e+06, 124.678
10353, 31237, 137, 0, 1, 0.1, 1.29068e+06, 124.68
10354, 31237, 117, 2, 0, 0.1, 1.2908e+06, 124.679
10355, 31237, 117, 0, 0, 0.1, 1.29092e+06, 124.678
10356, 31237, 117, 3, 0, 0.1, 1.29104e+06, 124.677
10357, 32257, 127, 3, 0, 0.1, 1.29116e+06, 124.678
10358, 31237, 137, 0, 0, 0.1, 1.2913e+06, 124.679
10359, 31237, 117, 3, 0, 0.1, 1.29142e+06, 124.678
10360, 31237, 127, 3, 0, 0.1, 1.29154e+06, 124.678
10361, 31237, 137, 1, 0, 0.1, 1.29168e+06, 124.68
10362, 27141, 127, 3, 0, 0.1, 1.29181e+06, 124.68
10363, 31237, 127, 1, 0, 0.1, 1.29193e+06, 124.68
10364, 27141, 127, 2, 0, 0.1, 1.29206e+06, 124.68
10365, 27141, 117, 0, 0, 0.1, 1.29218e+06, 124.679
10366, 27141, 117, 0, 0, 0.1, 1.2923e+06, 124.679
10367, 27141, 117, 2, 0, 0.1, 1.29241e+06, 124.678
10368, 27141, 117, 3, 0, 0.1, 1.29253e+06, 124.677
10369, 31237, 127, 2, 0, 0.1, 1.29266e+06, 124.677
10370, 31237, 117, 2, 0, 0.1, 1.29277e+06, 124.677
10371, 31237, 117, 3, 0, 0.1, 1.29289e+06, 124.676
10372, 32257, 127, 2, 0, 0.1, 1.29302e+06, 124.676
10373, 29706, 127, 0, 1, 0.1, 1.29314e+06, 124.676
10374, 32257, 127, 2, 0, 0.1, 1.29327e+06, 124.677
10375, 29706, 127, 2, 0, 0.1, 1.2934e+06, 124.677
10376, 28682, 137, 1, 0, 0.1, 1.29354e+06, 124.678
10377, 28682, 117, 3, 0, 0.1, 1.29365e+06, 124.677
10378, 28682, 117, 2, 0, 0.1, 1.29377e+06, 124.677
10379, 30726, 127, 0, 0, 0.1, 1.2939e+06, 124.677
10380, 28682, 127, 2, 0, 0.1, 1.29402e+06, 124.677
10381, 30726, 127, 0, 0, 0.1, 1.29415e+06, 124.677
10382, 28682, 127, 0, 0, 0.1, 1.29428e+06, 124.677
10383, 28682, 127, 0, 0, 0.1, 1.2944e+06, 124.678
10384, 31233, 127, 3, 0, 0.1, 1.29453e+06, 124.678
10385, 31237, 137, 1, 0, 0.1, 1.29467e+06, 124.679
10386, 27137, 127, 1, 0, 0.1, 1.2948e+06, 124.679
10387, 18949, 127, 3, 0, 0.1, 1.29492e+06, 124.68
10388, 27137, 127, 3, 0, 0.1, 1.29505e+06, 124.68
10389, 31237, 127, 2, 1, 0.1, 1.29518e+06, 124.68
10390, 31237, 117, 1, 0, 0.1, 1.29529e+06, 124.679
10391, 27137, 127, 1, 0, 0.1, 1.29542e+06, 124.679
10392, 18949, 127, 2, 0, 0.1, 1.29555e+06, 124.68
10393, 18949, 117, 2, 0, 0.1, 1.29566e+06, 124.679
10394, 18949, 117, 0, 0, 0.1, 1.29578e+06, 124.678
10395, 18949, 117, 1, 0, 0.1, 1.2959e+06, 124.678
10396, 27141, 127, 1, 0, 0.1, 1.29602e+06, 124.678
10397, 31237, 127, 1, 0, 0.1, 1.29615e+06, 124.678
10398, 32257, 127, 0, 1, 0.1, 1.29628e+06, 124.678
10399, 32257, 117, 2, 0, 0.1, 1.2964e+06, 124.677
10400, 25674, 137, 2, 0, 0.1, 1.29653e+06, 124.679
10401, 29706, 127, 0, 0, 0.1, 1.29666e+06, 124.679
10402, 25610, 127, 0, 0, 0.1, 1.29679e+06, 124.679
10403, 19969, 127, 1, 0, 0.1, 1.29691e+06, 124.679
10404, 18949, 127, 0, 0, 0.1, 1.29704e+06, 124.68
10405, 18949, 117, 0, 0, 0.1, 1.29716e+06, 124.679
10406, 18949, 117, 2, 0, 0.1, 1.29728e+06, 124.678
10407, 18949, 117, 1, 0, 0.1, 1.29739e+06, 124.677
10408, 27141, 127, 3, 0, 0.1, 1.29752e+06, 124.678
10409, 18949, 127, 3, 0, 0.1, 1.29765e+06, 124.678
10410, 19969, 127, 3, 0, 0.1, 1.29777e+06, 124.678
10411, 2565, 127, 3, 0, 0.1, 1.2979e+06, 124.678
10412, 2565, 127, 1, 0, 0.1, 1.29803e+06, 124.678
10413, 2565, 127, 1, 0, 0.1, 1.29815e+06, 124.679
10414, 19969, 127, 3, 0, 0.1, 1.29828e+06, 124.679
10415, 2565, 127, 0, 0, 0.1, 1.29841e+06, 124.679
10416, 2565, 117, 2, 0, 0.1, 1.29852e+06, 124.678
10417, 2565, 117, 1, 1, 0.1, 1.29864e+06, 124.678
10418, 19969, 127, 3, 0, 0.1, 1.29877e+06, 124.678
10419, 2565, 127, 2, 0, 0.1, 1.2989e+06, 124.678
10420, 2565, 117, 2, 0, 0.1, 1.29901e+06, 124.677
10421, 2565, 117, 0, 0, 0.1, 1.29913e+06, 124.677
10422, 2565, 117, 2, 0, 0.1, 1.29925e+06, 124.676
10423, 2565, 117, 0, 0, 0.1, 1.29936e+06, 124.675
10424, 2565, 117, 1, 0, 0.1, 1.29948e+06, 124.674
10425, 19969, 127, 3, 0, 0.1, 1.29961e+06, 124.675
10426, 2565, 127, 3, 0, 0.1, 1.29974e+06, 124.675
10427, 2565, 127, 1, 0, 0.1, 1.29986e+06, 124.675
10428, 2565, 127, 1, 0, 0.1, 1.29999e+06, 124.675
10429, 19969, 127, 1, 0, 0.1, 1.30012e+06, 124.675
10430, 18949, 127, 3, 0, 0.1, 1.30024e+06, 124.676
10431, 19969, 127, 1, 0, 0.1, 1.30037e+06, 124.676
10432, 18949, 127, 2, 1, 0.1, 1.3005e+06, 124.676
10433, 18949, 117, 1, 0, 0.1, 1.30061e+06, 124.675
10434, 27173, 127, 3, 0, 0.1, 1.30074e+06, 124.676
10435, 18981, 127, 1, 0, 0.1, 1.30087e+06, 124.676
10436, 27173, 127, 1, 0, 0.1, 1.301e+06, 124.676
10437, 31237, 77, 1, 0, 0.1, 1.30107e+06, 124.672
10438, 29962, 117, 0, 0, 0.1, 1.30119e+06, 124.671
10439, 30472, 137, 3, 1, 0.1, 1.30133e+06, 124.672
10440, 30472, 117, 1, 0, 0.1, 1.30144e+06, 124.671
10441, 29189, 137, 1, 0, 0.1, 1.30158e+06, 124.672
10442, 29954, 137, 2, 0, 0.1, 1.30172e+06, 124.674
10443, 29962, 127, 2, 0, 0.1, 1.30184e+06, 124.674
10444, 32002, 137, 2, 0, 0.1, 1.30198e+06, 124.675
10445, 29962, 127, 0, 0, 0.1, 1.30211e+06, 124.675
10446, 32002, 127, 2, 0, 0.1, 1.30224e+06, 124.675
10447, 29962, 127, 0, 0, 0.1, 1.30236e+06, 124.676
10448, 32002, 127, 2, 0, 0.1, 1.30249e+06, 124.676
10449, 29962, 127, 0, 0, 0.1, 1.30262e+06, 124.676
10450, 32002, 127, 0, 0, 0.1, 1.30274e+06, 124.676
10451, 29962, 127, 0, 0, 0.1, 1.30287e+06, 124.677
10452, 29954, 127, 2, 1, 0.1, 1.303e+06, 124.677
10453, 29962, 127, 1, 0, 0.1, 1.30312e+06, 124.677
10454, 29962, 117, 0, 0, 0.1, 1.30324e+06, 124.676
10455, 29954, 127, 2, 1, 0.1, 1.30337e+06, 124.676
10456, 29962, 127, 1, 1, 0.1, 1.3035e+06, 124.677
10457, 29962, 117, 0, 0, 0.1, 1.30361e+06, 124.676
10458, 29954, 127, 2, 1, 0.1, 1.30374e+06, 124.676
10459, 29962, 127, 2, 0, 0.1, 1.30387e+06, 124.676
10460, 32002, 127, 0, 0, 0.1, 1.30399e+06, 124.677
10461, 29962, 127, 0, 0, 0.1, 1.30412e+06, 124.677
10462, 29954, 127, 0, 1, 0.1, 1.30425e+06, 124.677
10463, 29962, 137, 0, 0, 0.1, 1.30438e+06, 124.678
10464, 30472, 137, 2, 0, 0.1, 1.30452e+06, 124.679
10465, 29962, 127, 2, 0, 0.1, 1.30465e+06, 124.68
10466, 25858, 127, 0, 0, 0.1, 1.30478e+06, 124.68
10467, 29962, 127, 2, 1, 0.1, 1.3049e+06, 124.68
10468, 25858, 127, 2, 0, 0.1, 1.30503e+06, 124.68
10469, 25866, 127, 3, 0, 0.1, 1.30516e+06, 124.681
10470, 25866, 117, 2, 0, 0.1, 1.30527e+06, 124.68
10471, 32002, 127, 2, 0, 0.1, 1.3054e+06, 124.68
10472, 29962, 127, 2, 0, 0.1, 1.30553e+06, 124.68
10473, 30472, 137, 2, 0, 0.1, 1.30566e+06, 124.681
10474, 29962, 137, 2, 0, 0.1, 1.3058e+06, 124.683
10475, 31492, 137, 2, 0, 0.1, 1.30594e+06, 124.684
10476, 31492, 117, 0, 0, 0.1, 1.30606e+06, 124.683
10477, 28938, 127, 0, 0, 0.1, 1.30618e+06, 124.683
10478, 29448, 127, 2, 1, 0.1, 1.30631e+06, 124.683
10479, 28938, 127, 0, 0, 0.1, 1.30644e+06, 124.684
10480, 29448, 127, 1, 0, 0.1, 1.30656e+06, 124.684
10481, 29189, 137, 3, 0, 0.1, 1.3067e+06, 124.685
10482, 29448, 127, 0, 0, 0.1, 1.30683e+06, 124.685
10483, 24842, 127, 2, 0, 0.1, 1.30695e+06, 124.686
10484, 29448, 127, 2, 1, 0.1, 1.30708e+06, 124.686
10485, 28938, 127, 0, 0, 0.1, 1.30721e+06, 124.686
10486, 29464, 127, 1, 0, 0.1, 1.30734e+06, 124.686
10487, 29189, 127, 3, 0, 0.1, 1.30746e+06, 124.686
10488, 29448, 77, 2, 0, 0.1, 1.30754e+06, 124.682
10489, 30472, 137, 1, 0, 0.1, 1.30768e+06, 124.683
10490, 28677, 137, 1, 0, 0.1, 1.30781e+06, 124.684
10491, 29954, 127, 3, 0, 0.1, 1.30794e+06, 124.684
10492, 28677, 127, 1, 0, 0.1, 1.30807e+06, 124.685
10493, 29954, 127, 2, 1, 0.1, 1.30819e+06, 124.685
10494, 29962, 137, 0, 0, 0.1, 1.30833e+06, 124.686
10495, 29954, 127, 3, 1, 0.1, 1.30846e+06, 124.686
10496, 28677, 127, 3, 0, 0.1, 1.30858e+06, 124.687
10497, 29960, 127, 1, 0, 0.1, 1.30871e+06, 124.687
10498, 28677, 127, 3, 0, 0.1, 1.30884e+06, 124.687
10499, 29960, 127, 2, 0, 0.1, 1.30897e+06, 124.687
10500, 29962, 137, 3, 0, 0.1, 1.3091e+06, 124.688
10501, 29962, 117, 2, 1, 0.1, 1.30922e+06, 124.688
10502, 32002, 137, 3, 0, 0.1, 1.30936e+06, 124.689
10503, 30725, 137, 3, 0, 0.1, 1.30949e+06, 124.69
10504, 30980, 127, 0, 0, 0.1, 1.30962e+06, 124.69
10505, 28938, 127, 2, 0, 0.1, 1.30975e+06, 124.69
10506, 30980, 127, 0, 0, 0.1, 1.30988e+06, 124.691
10507, 28938, 127, 2, 0, 0.1, 1.31e+06, 124.691
10508, 30980, 127, 0, 0, 0.1, 1.31013e+06, 124.691
10509, 28938, 127, 2, 0, 0.1, 1.31026e+06, 124.691
10510, 30980, 127, 0, 0, 0.1, 1.31038e+06, 124.692
10511, 28938, 127, 0, 0, 0.1, 1.31051e+06, 124.692
10512, 28938, 127, 2, 0, 0.1, 1.31064e+06, 124.692
10513, 28938, 127, 2, 0, 0.1, 1.31076e+06, 124.692
10514, 30980, 127, 0, 0, 0.1, 1.31089e+06, 124.692
10515, 28938, 127, 2, 0, 0.1, 1.31102e+06, 124.693
10516, 30980, 127, 3, 0, 0.1, 1.31114e+06, 124.693
10517, 30725, 137, 3, 0, 0.1, 1.31128e+06, 124.694
10518, 30725, 137, 1, 0, 0.1, 1.31142e+06, 124.695
10519, 30725, 127, 1, 0, 0.1, 1.31155e+06, 124.695
10520, 26884, 127, 0, 0, 0.1, 1.31167e+06, 124.696
10521, 24842, 127, 0, 0, 0.1, 1.3118e+06, 124.696
10522, 28938, 127, 0, 0, 0.1, 1.31193e+06, 124.696
10523, 28938, 127, 3, 1, 0.1, 1.31205e+06, 124.696
10524, 28938, 117, 0, 0, 0.1, 1.31217e+06, 124.696
10525, 28954, 137, 1, 0, 0.1, 1.31231e+06, 124.697
10526, 28954, 117, 3, 0, 0.1, 1.31242e+06, 124.696
10527, 28938, 67, 2, 0, 0.1, 1.31249e+06, 124.69
10528, 30472, 127, 1, 0, 0.1, 1.31262e+06, 124.691
10529, 29189, 137, 2, 0, 0.1, 1.31276e+06, 124.692
10530, 29189, 117, 3, 0, 0.1, 1.31287e+06, 124.691
10531, 30472, 127, 1, 1, 0.1, 1.313e+06, 124.691
10532, 29189, 127, 3, 0, 0.1, 1.31313e+06, 124.692
10533, 30472, 127, 0, 0, 0.1, 1.31325e+06, 124.692
10534, 29962, 127, 0, 0, 0.1, 1.31338e+06, 124.692
10535, 30472, 127, 1, 0, 0.1, 1.31351e+06, 124.692
10536, 28677, 137, 3, 1, 0.1, 1.31364e+06, 124.693
10537, 25864, 127, 2, 0, 0.1, 1.31377e+06, 124.694
10538, 29962, 127, 0, 0, 0.1, 1.3139e+06, 124.694
10539, 25864, 127, 2, 0, 0.1, 1.31403e+06, 124.694
10540, 29962, 127, 0, 0, 0.1, 1.31415e+06, 124.694
10541, 25864, 127, 0, 0, 0.1, 1.31428e+06, 124.694
10542, 25866, 127, 2, 0, 0.1, 1.31441e+06, 124.695
10543, 25864, 127, 2, 1, 0.1, 1.31453e+06, 124.695
10544, 29962, 127, 2, 0, 0.1, 1.31466e+06, 124.695
10545, 30472, 127, 1, 0, 0.1, 1.31479e+06, 124.695
10546, 29189, 127, 3, 0, 0.1, 1.31492e+06, 124.696
10547, 30472, 127, 1, 0, 0.1, 1.31504e+06, 124.696
10548, 29189, 127, 3, 0, 0.1, 1.31517e+06, 124.696
10549, 30472, 127, 0, 0, 0.1, 1.3153e+06, 124.696
10550, 29962, 127, 2, 0, 0.1, 1.31542e+06, 124.696
10551, 30472, 127, 1, 0, 0.1, 1.31555e+06, 124.697
10552, 29189, 127, 1, 0, 0.1, 1.31568e+06, 124.697
10553, 29954, 137, 3, 0, 0.1, 1.31581e+06, 124.698
10554, 28677, 127, 3, 0, 0.1, 1.31594e+06, 124.698
10555, 29960, 127, 1, 0, 0.1, 1.31607e+06, 124.699
10556, 28677, 127, 1, 0, 0.1, 1.3162e+06, 124.699
10557, 29954, 127, 3, 0, 0.1, 1.31632e+06, 124.699
10558, 28677, 127, 3, 0, 0.1, 1.31645e+06, 124.699
10559, 29960, 127, 0, 0, 0.1, 1.31658e+06, 124.699
10560, 29962, 127, 2, 0, 0.1, 1.3167e+06, 124.7
10561, 29960, 127, 1, 0, 0.1, 1.31683e+06, 124.7
10562, 28677, 127, 3, 1, 0.1, 1.31696e+06, 124.7
10563, 29960, 127, 2, 0, 0.1, 1.31708e+06, 124.7
10564, 29962, 137, 2, 0, 0.1, 1.31722e+06, 124.701
10565, 32002, 127, 3, 1, 0.1, 1.31735e+06, 124.702
10566, 30725, 137, 1, 0, 0.1, 1.31748e+06, 124.703
10567, 32002, 127, 0, 0, 0.1, 1.31761e+06, 124.703
10568, 29962, 127, 0, 0, 0.1, 1.31774e+06, 124.703
10569, 25864, 127, 1, 0, 0.1, 1.31787e+06, 124.703
10570, 28677, 127, 1, 0, 0.1, 1.31799e+06, 124.704
10571, 29954, 127, 3, 0, 0.1, 1.31812e+06, 124.704
10572, 28677, 127, 3, 0, 0.1, 1.31825e+06, 124.704
10573, 25864, 127, 0, 0, 0.1, 1.31837e+06, 124.704
10574, 17674, 127, 2, 0, 0.1, 1.3185e+06, 124.705
10575, 25864, 127, 1, 0, 0.1, 1.31863e+06, 124.705
10576, 28677, 127, 3, 0, 0.1, 1.31876e+06, 124.705
10577, 25864, 127, 2, 0, 0.1, 1.31888e+06, 124.705
10578, 29962, 127, 2, 0, 0.1, 1.31901e+06, 124.705
10579, 32002, 127, 2, 0, 0.1, 1.31914e+06, 124.706
10580, 29962, 137, 2, 1, 0.1, 1.31927e+06, 124.707
10581, 32512, 127, 2, 0, 0.1, 1.3194e+06, 124.707
10582, 29962, 137, 0, 0, 0.1, 1.31954e+06, 124.708
10583, 32512, 127, 2, 0, 0.1, 1.31966e+06, 124.708
10584, 29962, 127, 0, 0, 0.1, 1.31979e+06, 124.709
10585, 32512, 127, 2, 0, 0.1, 1.31992e+06, 124.709
10586, 29962, 127, 2, 0, 0.1, 1.32004e+06, 124.709
10587, 29962, 127, 0, 0, 0.1, 1.32017e+06, 124.709
10588, 29962, 127, 0, 0, 0.1, 1.3203e+06, 124.709
10589, 32512, 127, 1, 0, 0.1, 1.32043e+06, 124.71
10590, 31237, 127, 3, 0, 0.1, 1.32055e+06, 124.71
10591, 32512, 127, 0, 0, 0.1, 1.32068e+06, 124.71
10592, 29962, 127, 0, 0, 0.1, 1.32081e+06, 124.71
10593, 27906, 127, 3, 0, 0.1, 1.32093e+06, 124.711
10594, 30725, 127, 1, 0, 0.1, 1.32106e+06, 124.711
10595, 27906, 127, 3, 0, 0.1, 1.32119e+06, 124.711
10596, 30725, 127, 3, 0, 0.1, 1.32132e+06, 124.711
10597, 30980, 127, 0, 0, 0.1, 1.32144e+06, 124.711
10598, 28938, 137, 1, 0, 0.1, 1.32158e+06, 124.713
10599, 28938, 117, 2, 0, 0.1, 1.3217e+06, 124.712
10600, 30980, 127, 0, 0, 0.1, 1.32182e+06, 124.712
10601, 28938, 127, 2, 0, 0.1, 1.32195e+06, 124.712
10602, 30996, 127, 3, 0, 0.1, 1.32208e+06, 124.712
10603, 30725, 137, 3, 0, 0.1, 1.32221e+06, 124.714
10604, 30725, 137, 1, 0, 0.1, 1.32235e+06, 124.715
10605, 26629, 127, 3, 0, 0.1, 1.32248e+06, 124.715
10606, 30725, 127, 1, 0, 0.1, 1.32260e+06, 124.715
10607, 26629, 127, 3, 0, 0.1, 1.32273e+06, 124.715
10608, 30725, 127, 3, 0, 0.1, 1.32286e+06, 124.716
10609, 30725, 127, 1, 0, 0.1, 1.32299e+06, 124.716
10610, 30725, 127, 3, 0, 0.1, 1.32311e+06, 124.716
10611, 30725, 127, 3, 0, 0.1, 1.32324e+06, 124.716
10612, 24844, 137, 2, 0, 0.1, 1.32338e+06, 124.717
10613, 24860, 117, 3, 0, 0.1, 1.32349e+06, 124.717
10614, 24860, 117, 2, 0, 0.1, 1.32361e+06, 124.716
10615, 24844, 67, 1, 1, 0.1, 1.32368e+06, 124.711
10616, 29962, 117, 0, 0, 0.1, 1.3238e+06, 124.71
10617, 30472, 137, 2, 0, 0.1, 1.32393e+06, 124.711
10618, 29962, 127, 2, 0, 0.1, 1.32406e+06, 124.711
10619, 30472, 127, 1, 0, 0.1, 1.32419e+06, 124.711
10620, 29189, 137, 3, 0, 0.1, 1.32432e+06, 124.713
10621, 30472, 127, 2, 0, 0.1, 1.32445e+06, 124.713
10622, 29962, 127, 0, 0, 0.1, 1.32458e+06, 124.713
10623, 30472, 127, 1, 0, 0.1, 1.3247e+06, 124.713
10624, 29189, 127, 1, 0, 0.1, 1.32483e+06, 124.713
10625, 28930, 137, 2, 0, 0.1, 1.32497e+06, 124.715
10626, 28938, 127, 0, 0, 0.1, 1.3251e+06, 124.715
10627, 28930, 127, 0, 0, 0.1, 1.32522e+06, 124.715
10628, 28938, 137, 0, 0, 0.1, 1.32536e+06, 124.716
10629, 28930, 137, 3, 0, 0.1, 1.3255e+06, 124.717
10630, 28677, 127, 0, 1, 0.1, 1.32562e+06, 124.718
10631, 28677, 117, 3, 0, 0.1, 1.32574e+06, 124.717
10632, 29960, 127, 1, 0, 0.1, 1.32587e+06, 124.717
10633, 28677, 127, 3, 0, 0.1, 1.32599e+06, 124.717
10634, 29960, 127, 0, 0, 0.1, 1.32612e+06, 124.717
10635, 29962, 127, 2, 0, 0.1, 1.32625e+06, 124.718
10636, 29960, 127, 2, 0, 0.1, 1.32638e+06, 124.718
10637, 25866, 127, 2, 0, 0.1, 1.3265e+06, 124.718
10638, 29960, 127, 2, 0, 0.1, 1.32663e+06, 124.718
10639, 29962, 127, 0, 0, 0.1, 1.32676e+06, 124.719
10640, 29960, 127, 1, 0, 0.1, 1.32688e+06, 124.719
10641, 24581, 127, 3, 0, 0.1, 1.32701e+06, 124.719
10642, 29960, 127, 0, 0, 0.1, 1.32714e+06, 124.719
10643, 25866, 127, 2, 0, 0.1, 1.32726e+06, 124.719
10644, 29960, 127, 0, 0, 0.1, 1.32739e+06, 124.72
10645, 25866, 127, 3, 0, 0.1, 1.32752e+06, 124.72
10646, 25866, 117, 2, 0, 0.1, 1.32764e+06, 124.719
10647, 29960, 127, 2, 0, 0.1, 1.32776e+06, 124.719
10648, 29962, 127, 3, 1, 0.1, 1.32789e+06, 124.72
10649, 29962, 117, 2, 0, 0.1, 1.32801e+06, 124.719
10650, 32002, 137, 3, 0, 0.1, 1.32814e+06, 124.72
10651, 30725, 137, 1, 0, 0.1, 1.32828e+06, 124.721
10652, 28034, 127, 2, 1, 0.1, 1.32841e+06, 124.721
10653, 29962, 127, 0, 0, 0.1, 1.32853e+06, 124.722
10654, 27906, 77, 2, 0, 0.1, 1.32861e+06, 124.717
10655, 30472, 127, 0, 1, 0.1, 1.32874e+06, 124.717
10656, 29962, 127, 0, 0, 0.1, 1.32886e+06, 124.718
10657, 30472, 127, 1, 1, 0.1, 1.32899e+06, 124.718
10658, 28677, 137, 0, 0, 0.1, 1.32913e+06, 124.719
10659, 28677, 117, 3, 0, 0.1, 1.32925e+06, 124.718
10660, 25864, 127, 2, 0, 0.1, 1.32937e+06, 124.718
10661, 29962, 127, 3, 0, 0.1, 1.3295e+06, 124.719
10662, 29962, 117, 2, 0, 0.1, 1.32962e+06, 124.718
10663, 30472, 127, 1, 0, 0.1, 1.32974e+06, 124.718
10664, 29189, 137, 3, 0, 0.1, 1.32988e+06, 124.719
10665, 30472, 127, 1, 0, 0.1, 1.33001e+06, 124.719
10666, 29189, 127, 1, 0, 0.1, 1.33014e+06, 124.72
10667, 25858, 137, 2, 0, 0.1, 1.33027e+06, 124.721
10668, 25866, 127, 2, 0, 0.1, 1.3304e+06, 124.721
10669, 30472, 127, 1, 0, 0.1, 1.33053e+06, 124.721
10670, 29189, 127, 1, 0, 0.1, 1.33065e+06, 124.721
10671, 24582, 137, 0, 0, 0.1, 1.33079e+06, 124.723
10672, 28682, 127, 2, 0, 0.1, 1.33092e+06, 124.723
10673, 24582, 127, 3, 0, 0.1, 1.33104e+06, 124.723
10674, 24581, 127, 3, 0, 0.1, 1.33117e+06, 124.723
10675, 29960, 127, 0, 0, 0.1, 1.3313e+06, 124.723
10676, 25866, 127, 2, 0, 0.1, 1.33142e+06, 124.724
10677, 29960, 127, 2, 1, 0.1, 1.33155e+06, 124.724
10678, 29962, 127, 2, 0, 0.1, 1.33168e+06, 124.724
10679, 31492, 137, 0, 0, 0.1, 1.33182e+06, 124.725
10680, 28938, 127, 1, 0, 0.1, 1.33194e+06, 124.725
10681, 28938, 117, 0, 0, 0.1, 1.33206e+06, 124.725
10682, 24840, 127, 1, 0, 0.1, 1.33219e+06, 124.725
10683, 16389, 127, 3, 0, 0.1, 1.33231e+06, 124.725
10684, 24840, 127, 1, 0, 0.1, 1.33244e+06, 124.725
10685, 16389, 127, 0, 0, 0.1, 1.33257e+06, 124.726
10686, 16389, 117, 3, 0, 0.1, 1.33268e+06, 124.725
10687, 24840, 127, 1, 0, 0.1, 1.33281e+06, 124.725
10688, 16389, 127, 2, 0, 0.1, 1.33294e+06, 124.725
10689, 16389, 117, 3, 0, 0.1, 1.33306e+06, 124.725
10690, 24840, 127, 0, 0, 0.1, 1.33318e+06, 124.725
10691, 16650, 127, 2, 0, 0.1, 1.33331e+06, 124.725
10692, 24840, 127, 1, 0, 0.1, 1.33344e+06, 124.725
10693, 16389, 127, 3, 0, 0.1, 1.33356e+06, 124.725
10694, 24840, 127, 0, 0, 0.1, 1.33369e+06, 124.726
10695, 16650, 127, 2, 0, 0.1, 1.33382e+06, 124.726
10696, 24840, 127, 2, 0, 0.1, 1.33394e+06, 124.726
10697, 28938, 127, 1, 0, 0.1, 1.33407e+06, 124.726
10698, 28938, 117, 2, 0, 0.1, 1.33419e+06, 124.726
10699, 31620, 127, 0, 0, 0.1, 1.33432e+06, 124.726
10700, 28938, 127, 2, 0, 0.1, 1.33444e+06, 124.726
10701, 31620, 127, 0, 0, 0.1, 1.33457e+06, 124.726
10702, 28938, 127, 2, 0, 0.1, 1.3347e+06, 124.726
10703, 31620, 127, 2, 0, 0.1, 1.33482e+06, 124.727
10704, 31620, 117, 2, 0, 0.1, 1.33494e+06, 124.726
10705, 31620, 117, 2, 1, 0.1, 1.33506e+06, 124.725
10706, 31620, 117, 2, 0, 0.1, 1.33518e+06, 124.724
10707, 31492, 67, 3, 0, 0.1, 1.33524e+06, 124.719
10708, 29962, 117, 2, 0, 0.1, 1.33536e+06, 124.718
10709, 30472, 127, 2, 0, 0.1, 1.33549e+06, 124.719
10710, 29962, 137, 3, 0, 0.1, 1.33562e+06, 124.72
10711, 29962, 117, 2, 0, 0.1, 1.33574e+06, 124.719
10712, 32002, 137, 2, 0, 0.1, 1.33588e+06, 124.72
10713, 29962, 137, 2, 0, 0.1, 1.33601e+06, 124.721
10714, 32512, 137, 0, 0, 0.1, 1.33615e+06, 124.722
10715, 29962, 127, 2, 0, 0.1, 1.33628e+06, 124.723
10716, 32512, 127, 2, 0, 0.1, 1.33640e+06, 124.723
10717, 29962, 137, 0, 1, 0.1, 1.33654e+06, 124.724
10718, 32512, 127, 0, 0, 0.1, 1.33667e+06, 124.724
10719, 25866, 127, 0, 0, 0.1, 1.3368e+06, 124.724
10720, 28034, 127, 3, 1, 0.1, 1.33692e+06, 124.725
10721, 30853, 127, 1, 0, 0.1, 1.33705e+06, 124.725
10722, 28034, 127, 0, 1, 0.1, 1.33718e+06, 124.725
10723, 29962, 127, 2, 0, 0.1, 1.3373e+06, 124.725
10724, 28034, 127, 3, 0, 0.1, 1.33743e+06, 124.725
10725, 30725, 77, 2, 0, 0.1, 1.33751e+06, 124.721
10726, 30472, 127, 1, 1, 0.1, 1.33764e+06, 124.721
10727, 29189, 137, 3, 0, 0.1, 1.33777e+06, 124.722
10728, 30472, 127, 1, 0, 0.1, 1.3379e+06, 124.723
10729, 29189, 127, 1, 0, 0.1, 1.33803e+06, 124.723
10730, 28930, 137, 2, 0, 0.1, 1.33816e+06, 124.724
10731, 28938, 127, 1, 0, 0.1, 1.33829e+06, 124.724
10732, 28938, 117, 0, 0, 0.1, 1.33841e+06, 124.723
10733, 28930, 127, 2, 0, 0.1, 1.33853e+06, 124.724
10734, 28938, 127, 0, 0, 0.1, 1.33866e+06, 124.724
10735, 28930, 127, 1, 0, 0.1, 1.33879e+06, 124.724
10736, 28930, 117, 3, 0, 0.1, 1.33890e+06, 124.723
10737, 28677, 127, 1, 1, 0.1, 1.33903e+06, 124.724
10738, 28930, 127, 3, 1, 0.1, 1.33916e+06, 124.724
10739, 28677, 127, 1, 0, 0.1, 1.33929e+06, 124.724
10740, 28930, 127, 2, 0, 0.1, 1.33941e+06, 124.724
10741, 28938, 127, 0, 0, 0.1, 1.33954e+06, 124.724
10742, 28930, 127, 0, 0, 0.1, 1.33967e+06, 124.725
10743, 28938, 137, 3, 0, 0.1, 1.3398e+06, 124.726
10744, 28938, 117, 2, 0, 0.1, 1.33992e+06, 124.725
10745, 24834, 127, 0, 0, 0.1, 1.34005e+06, 124.725
10746, 28938, 127, 1, 1, 0.1, 1.34018e+06, 124.725
10747, 28938, 117, 0, 0, 0.1, 1.34029e+06, 124.725
10748, 30978, 127, 0, 0, 0.1, 1.34042e+06, 124.725
10749, 28938, 137, 0, 0, 0.1, 1.34056e+06, 124.726
10750, 24584, 137, 3, 0, 0.1, 1.34069e+06, 124.727
10751, 24584, 117, 1, 0, 0.1, 1.34081e+06, 124.727
10752, 28677, 127, 3, 0, 0.1, 1.34094e+06, 124.727
10753, 24584, 127, 1, 0, 0.1, 1.34106e+06, 124.727
10754, 28677, 127, 3, 0, 0.1, 1.34119e+06, 124.727
10755, 24584, 127, 0, 0, 0.1, 1.34132e+06, 124.727
10756, 28682, 127, 2, 0, 0.1, 1.34144e+06, 124.728
10757, 24584, 127, 0, 0, 0.1, 1.34157e+06, 124.728
10758, 28682, 127, 2, 0, 0.1, 1.3417e+06, 124.728
10759, 24584, 127, 0, 0, 0.1, 1.34183e+06, 124.728
10760, 28682, 127, 0, 0, 0.1, 1.34195e+06, 124.728
10761, 31233, 127, 1, 0, 0.1, 1.34208e+06, 124.729
10762, 31237, 127, 1, 0, 0.1, 1.34221e+06, 124.729
10763, 30982, 137, 2, 1, 0.1, 1.34234e+06, 124.73
10764, 30982, 117, 0, 0, 0.1, 1.34246e+06, 124.729
10765, 28938, 137, 2, 0, 0.1, 1.3426e+06, 124.73
10766, 26886, 127, 1, 0, 0.1, 1.34272e+06, 124.731
10767, 26886, 117, 3, 1, 0.1, 1.34284e+06, 124.73
10768, 30725, 127, 3, 0, 0.1, 1.34297e+06, 124.73
10769, 30721, 127, 0, 0, 0.1, 1.3431e+06, 124.73
10770, 30721, 117, 1, 1, 0.1, 1.34321e+06, 124.73
10771, 30725, 127, 3, 0, 0.1, 1.34334e+06, 124.73
10772, 30721, 127, 3, 0, 0.1, 1.34347e+06, 124.73
10773, 30725, 137, 2, 0, 0.1, 1.3436e+06, 124.731
10774, 30725, 117, 1, 0, 0.1, 1.34372e+06, 124.73
10775, 30721, 127, 3, 0, 0.1, 1.34385e+06, 124.731
10776, 30725, 127, 3, 0, 0.1, 1.34398e+06, 124.731
10777, 32000, 137, 3, 0, 0.1, 1.34411e+06, 124.732
10778, 30725, 137, 1, 0, 0.1, 1.34425e+06, 124.733
10779, 32000, 127, 2, 0, 0.1, 1.34438e+06, 124.733
10780, 30026, 137, 1, 0, 0.1, 1.34451e+06, 124.734
10781, 29962, 67, 3, 0, 0.1, 1.34458e+06, 124.729
10782, 29962, 117, 2, 0, 0.1, 1.3447e+06, 124.728
10783, 25864, 137, 2, 0, 0.1, 1.34483e+06, 124.73
10784, 29962, 127, 1, 0, 0.1, 1.34496e+06, 124.73
10785, 29962, 117, 2, 0, 0.1, 1.34508e+06, 124.729
10786, 32002, 127, 2, 0, 0.1, 1.34520e+06, 124.729
10787, 29962, 137, 2, 0, 0.1, 1.34534e+06, 124.73
10788, 32512, 137, 0, 1, 0.1, 1.34548e+06, 124.732
10789, 29962, 127, 2, 0, 0.1, 1.34561e+06, 124.732
10790, 32512, 127, 3, 0, 0.1, 1.34573e+06, 124.732
10791, 31237, 137, 0, 0, 0.1, 1.34587e+06, 124.733
10792, 31237, 117, 3, 0, 0.1, 1.34599e+06, 124.732
10793, 31237, 137, 0, 0, 0.1, 1.34612e+06, 124.734
10794, 31237, 117, 2, 0, 0.1, 1.34624e+06, 124.733
10795, 31237, 117, 3, 0, 0.1, 1.34636e+06, 124.732
10796, 31237, 127, 1, 0, 0.1, 1.34648e+06, 124.732
10797, 31237, 127, 1, 0, 0.1, 1.34661e+06, 124.732
10798, 31237, 127, 3, 0, 0.1, 1.34674e+06, 124.733
10799, 31237, 127, 1, 0, 0.1, 1.34687e+06, 124.733
10800, 31237, 127, 0, 0, 0.1, 1.34699e+06, 124.733
10801, 31237, 117, 3, 0, 0.1, 1.34711e+06, 124.732
10802, 31237, 127, 1, 0, 0.1, 1.34724e+06, 124.733
10803, 31237, 127, 3, 0, 0.1, 1.34736e+06, 124.733
10804, 31269, 127, 0, 0, 0.1, 1.34749e+06, 124.733
10805, 31269, 117, 3, 0, 0.1, 1.34761e+06, 124.732
10806, 31269, 127, 3, 0, 0.1, 1.34774e+06, 124.733
10807, 32289, 137, 1, 0, 0.1, 1.34787e+06, 124.734
10808, 31365, 77, 2, 0, 0.1, 1.34795e+06, 124.729
10809, 30472, 137, 2, 0, 0.1, 1.34809e+06, 124.73
10810, 29962, 127, 3, 0, 0.1, 1.34821e+06, 124.731
10811, 29962, 117, 0, 0, 0.1, 1.34833e+06, 124.73
10812, 30472, 127, 1, 0, 0.1, 1.34846e+06, 124.73
10813, 28677, 137, 1, 0, 0.1, 1.34859e+06, 124.731
10814, 29954, 127, 3, 0, 0.1, 1.34872e+06, 124.731
10815, 28677, 127, 3, 0, 0.1, 1.34885e+06, 124.732
10816, 25864, 127, 0, 0, 0.1, 1.34898e+06, 124.732
10817, 17674, 127, 2, 0, 0.1, 1.3491e+06, 124.732
10818, 25864, 127, 2, 0, 0.1, 1.34923e+06, 124.732
10819, 29962, 127, 0, 0, 0.1, 1.34936e+06, 124.732
10820, 25864, 127, 3, 1, 0.1, 1.34948e+06, 124.733
10821, 25864, 117, 0, 0, 0.1, 1.3496e+06, 124.732
10822, 17674, 127, 0, 0, 0.1, 1.34973e+06, 124.732
10823, 25864, 127, 1, 0, 0.1, 1.34985e+06, 124.732
10824, 28677, 127, 3, 0, 0.1, 1.34998e+06, 124.733
10825, 25864, 127, 0, 0, 0.1, 1.35011e+06, 124.733
10826, 29962, 127, 0, 1, 0.1, 1.35024e+06, 124.733
10827, 32002, 127, 2, 0, 0.1, 1.35036e+06, 124.733
10828, 29962, 127, 1, 0, 0.1, 1.35049e+06, 124.733
10829, 29962, 117, 1, 0, 0.1, 1.35061e+06, 124.733
10830, 29962, 117, 2, 0, 0.1, 1.35072e+06, 124.732
10831, 25864, 127, 0, 0, 0.1, 1.35085e+06, 124.732
10832, 29962, 127, 2, 0, 0.1, 1.35098e+06, 124.732
10833, 25864, 127, 0, 0, 0.1, 1.3511e+06, 124.733
10834, 29962, 127, 2, 0, 0.1, 1.35123e+06, 124.733
10835, 25864, 127, 0, 0, 0.1, 1.35136e+06, 124.733
10836, 29962, 127, 0, 0, 0.1, 1.35148e+06, 124.733
10837, 32002, 127, 2, 0, 0.1, 1.35161e+06, 124.733
10838, 29962, 127, 2, 0, 0.1, 1.35174e+06, 124.734
10839, 25864, 127, 2, 0, 0.1, 1.35187e+06, 124.734
10840, 17674, 127, 0, 0, 0.1, 1.35199e+06, 124.734
10841, 25864, 127, 1, 0, 0.1, 1.35212e+06, 124.734
10842, 28677, 127, 1, 0, 0.1, 1.35225e+06, 124.735
10843, 29954, 127, 2, 0, 0.1, 1.35237e+06, 124.735
10844, 29962, 137, 3, 0, 0.1, 1.35251e+06, 124.736
10845, 29962, 117, 0, 0, 0.1, 1.35263e+06, 124.735
10846, 29954, 127, 2, 0, 0.1, 1.35276e+06, 124.735
10847, 29962, 127, 2, 0, 0.1, 1.35288e+06, 124.736
10848, 29954, 127, 0, 0, 0.1, 1.35301e+06, 124.736
10849, 29962, 127, 2, 0, 0.1, 1.35314e+06, 124.736
10850, 29954, 127, 0, 0, 0.1, 1.35326e+06, 124.736
10851, 29962, 127, 0, 0, 0.1, 1.35339e+06, 124.736
10852, 29954, 127, 0, 0, 0.1, 1.35352e+06, 124.737
10853, 29962, 127, 2, 0, 0.1, 1.35364e+06, 124.737
10854, 29954, 127, 3, 0, 0.1, 1.35377e+06, 124.737
10855, 24581, 127, 3, 0, 0.1, 1.3539e+06, 124.737
10856, 25864, 127, 1, 0, 0.1, 1.35402e+06, 124.737
10857, 24581, 127, 1, 0, 0.1, 1.35415e+06, 124.738
10858, 29954, 127, 0, 0, 0.1, 1.35428e+06, 124.738
10859, 29962, 127, 0, 1, 0.1, 1.35441e+06, 124.738
10860, 30472, 137, 2, 0, 0.1, 1.35454e+06, 124.739
10861, 29962, 127, 0, 1, 0.1, 1.35467e+06, 124.739
10862, 30472, 127, 0, 0, 0.1, 1.3548e+06, 124.74
10863, 29962, 137, 0, 0, 0.1, 1.35493e+06, 124.741
10864, 32257, 137, 2, 0, 0.1, 1.35507e+06, 124.742
10865, 29706, 127, 2, 0, 0.1, 1.3552e+06, 124.742
10866, 30216, 127, 1, 0, 0.1, 1.35532e+06, 124.742
10867, 29189, 137, 3, 0, 0.1, 1.35546e+06, 124.743
10868, 30216, 127, 1, 0, 0.1, 1.35559e+06, 124.744
10869, 29189, 127, 1, 0, 0.1, 1.35572e+06, 124.744
10870, 29699, 137, 2, 1, 0.1, 1.35585e+06, 124.745
10871, 28682, 137, 1, 1, 0.1, 1.35599e+06, 124.746
10872, 28682, 117, 2, 0, 0.1, 1.35611e+06, 124.745
10873, 29196, 127, 3, 0, 0.1, 1.35623e+06, 124.746
10874, 29196, 117, 2, 1, 0.1, 1.35635e+06, 124.745
10875, 29196, 117, 2, 0, 0.1, 1.35647e+06, 124.744
10876, 29196, 117, 1, 0, 0.1, 1.35658e+06, 124.743
10877, 29189, 137, 2, 0, 0.1, 1.35672e+06, 124.745
10878, 29189, 117, 3, 0, 0.1, 1.35684e+06, 124.744
10879, 29196, 127, 1, 0, 0.1, 1.35697e+06, 124.744
10880, 29189, 127, 1, 0, 0.1, 1.35709e+06, 124.744
10881, 29954, 137, 3, 0, 0.1, 1.35723e+06, 124.745
10882, 28677, 127, 1, 0, 0.1, 1.35736e+06, 124.746
10883, 29954, 127, 3, 0, 0.1, 1.35748e+06, 124.746
10884, 28677, 127, 1, 0, 0.1, 1.35761e+06, 124.746
10885, 29954, 127, 3, 1, 0.1, 1.35774e+06, 124.746
10886, 28677, 127, 3, 0, 0.1, 1.35786e+06, 124.746
10887, 24588, 127, 2, 0, 0.1, 1.35799e+06, 124.747
10888, 24588, 117, 3, 1, 0.1, 1.35811e+06, 124.746
10889, 24588, 117, 0, 0, 0.1, 1.35823e+06, 124.745
10890, 16394, 127, 0, 0, 0.1, 1.35835e+06, 124.745
10891, 3, 127, 0, 0, 0.1, 1.35848e+06, 124.746
10892, 3, 117, 3, 0, 0.1, 1.3586e+06, 124.745
10893, 16389, 127, 3, 0, 0.1, 1.35872e+06, 124.745
10894, 25608, 127, 2, 1, 0.1, 1.35885e+06, 124.745
10895, 17418, 127, 0, 0, 0.1, 1.35898e+06, 124.746
10896, 25608, 127, 1, 0, 0.1, 1.35910e+06, 124.746
10897, 16389, 127, 3, 0, 0.1, 1.35923e+06, 124.746
10898, 25608, 127, 1, 0, 0.1, 1.35936e+06, 124.746
10899, 16389, 127, 2, 1, 0.1, 1.35949e+06, 124.746
10900, 16389, 117, 2, 0, 0.1, 1.3596e+06, 124.746
10901, 16389, 117, 3, 0, 0.1, 1.35972e+06, 124.745
10902, 25608, 127, 2, 0, 0.1, 1.35985e+06, 124.745
10903, 17418, 127, 2, 0, 0.1, 1.35997e+06, 124.745
10904, 25602, 127, 2, 0, 0.1, 1.3601e+06, 124.746
10905, 29706, 127, 2, 0, 0.1, 1.36023e+06, 124.746
10906, 29698, 127, 3, 0, 0.1, 1.36036e+06, 124.746
10907, 28677, 127, 3, 0, 0.1, 1.36048e+06, 124.746
10908, 25864, 127, 0, 0, 0.1, 1.36061e+06, 124.746
10909, 17674, 127, 2, 0, 0.1, 1.36074e+06, 124.747
10910, 25864, 127, 2, 0, 0.1, 1.36086e+06, 124.747
10911, 29962, 127, 2, 0, 0.1, 1.36099e+06, 124.747
10912, 32002, 127, 2, 0, 0.1, 1.36112e+06, 124.747
10913, 29962, 127, 0, 0, 0.1, 1.36124e+06, 124.747
10914, 32002, 127, 0, 0, 0.1, 1.36137e+06, 124.748
10915, 29962, 127, 0, 0, 0.1, 1.3615e+06, 124.748
10916, 25896, 127, 0, 0, 0.1, 1.36162e+06, 124.748
10917, 17674, 127, 0, 0, 0.1, 1.36175e+06, 124.748
10918, 25928, 127, 1, 0, 0.1, 1.36188e+06, 124.748
10919, 16389, 127, 3, 0, 0.1, 1.36201e+06, 124.749
10920, 25864, 77, 2, 0, 0.1, 1.36208e+06, 124.744
10921, 30472, 127, 2, 0, 0.1, 1.36221e+06, 124.745
10922, 29962, 127, 2, 1, 0.1, 1.36234e+06, 124.745
10923, 32002, 127, 2, 0, 0.1, 1.36246e+06, 124.745
10924, 29962, 127, 2, 0, 0.1, 1.36259e+06, 124.745
10925, 32512, 127, 3, 0, 0.1, 1.36272e+06, 124.745
10926, 31237, 137, 2, 0, 0.1, 1.36286e+06, 124.746
10927, 31237, 117, 3, 0, 0.1, 1.36297e+06, 124.746
10928, 31237, 137, 2, 0, 0.1, 1.36311e+06, 124.747
10929, 31237, 117, 3, 0, 0.1, 1.36323e+06, 124.746
10930, 31237, 137, 1, 0, 0.1, 1.36336e+06, 124.747
10931, 31237, 127, 3, 0, 0.1, 1.36349e+06, 124.747
10932, 31237, 127, 1, 0, 0.1, 1.36362e+06, 124.748
10933, 31237, 127, 2, 0, 0.1, 1.36374e+06, 124.748
10934, 31237, 117, 1, 0, 0.1, 1.36386e+06, 124.747
10935, 31237, 127, 3, 0, 0.1, 1.36399e+06, 124.747
10936, 31237, 127, 1, 1, 0.1, 1.36412e+06, 124.748
10937, 31237, 127, 1, 0, 0.1, 1.36424e+06, 124.748
10938, 32512, 127, 3, 0, 0.1, 1.36437e+06, 124.748
10939, 31237, 127, 3, 0, 0.1, 1.3645e+06, 124.748
10940, 31237, 127, 3, 0, 0.1, 1.36462e+06, 124.748
10941, 31237, 127, 1, 0, 0.1, 1.36475e+06, 124.749
10942, 31237, 127, 2, 0, 0.1, 1.36488e+06, 124.749
10943, 31237, 117, 3, 0, 0.1, 1.36499e+06, 124.748
10944, 31237, 127, 3, 0, 0.1, 1.36512e+06, 124.748
10945, 32257, 137, 3, 0, 0.1, 1.36526e+06, 124.749
10946, 31237, 137, 1, 0, 0.1, 1.3654e+06, 124.751
10947, 32257, 127, 2, 0, 0.1, 1.36552e+06, 124.751
10948, 29706, 127, 1, 0, 0.1, 1.36565e+06, 124.751
10949, 29706, 117, 2, 0, 0.1, 1.36577e+06, 124.75
10950, 29706, 137, 3, 0, 0.1, 1.3659e+06, 124.751
10951, 29706, 117, 2, 1, 0.1, 1.36602e+06, 124.751
10952, 29706, 127, 1, 0, 0.1, 1.36615e+06, 124.751
10953, 29706, 117, 2, 0, 0.1, 1.36626e+06, 124.75
10954, 29706, 137, 3, 0, 0.1, 1.3664e+06, 124.751
10955, 29706, 117, 0, 1, 0.1, 1.36652e+06, 124.751
10956, 25610, 127, 2, 0, 0.1, 1.36664e+06, 124.751
10957, 29706, 127, 2, 0, 0.1, 1.36677e+06, 124.751
10958, 29706, 127, 0, 1, 0.1, 1.3669e+06, 124.751
10959, 29706, 127, 2, 0, 0.1, 1.36703e+06, 124.751
10960, 29706, 127, 2, 0, 0.1, 1.36715e+06, 124.752
10961, 29706, 137, 1, 0, 0.1, 1.36729e+06, 124.753
10962, 29706, 117, 0, 0, 0.1, 1.36741e+06, 124.752
10963, 29706, 127, 2, 0, 0.1, 1.36753e+06, 124.752
10964, 29706, 127, 0, 0, 0.1, 1.36766e+06, 124.752
10965, 29706, 127, 0, 0, 0.1, 1.36779e+06, 124.753
10966, 25610, 127, 2, 0, 0.1, 1.36792e+06, 124.753
10967, 29706, 127, 1, 0, 0.1, 1.36804e+06, 124.753
10968, 29706, 117, 2, 0, 0.1, 1.36816e+06, 124.752
10969, 29706, 127, 0, 0, 0.1, 1.36829e+06, 124.753
10970, 29706, 127, 3, 0, 0.1, 1.36841e+06, 124.753
10971, 29706, 117, 2, 0, 0.1, 1.36853e+06, 124.752
10972, 29706, 127, 2, 0, 0.1, 1.36866e+06, 124.752
10973, 24586, 137, 1, 0, 0.1, 1.36879e+06, 124.753
10974, 24586, 117, 2, 0, 0.1, 1.36891e+06, 124.753
10975, 28682, 127, 0, 0, 0.1, 1.36904e+06, 124.753
10976, 24586, 127, 2, 0, 0.1, 1.36916e+06, 124.753
10977, 28682, 127, 0, 0, 0.1, 1.36929e+06, 124.753
10978, 24586, 127, 3, 0, 0.1, 1.36942e+06, 124.753
10979, 24586, 117, 3, 1, 0.1, 1.36954e+06, 124.753
10980, 24586, 117, 2, 0, 0.1, 1.36965e+06, 124.752
10981, 28682, 127, 0, 0, 0.1, 1.36978e+06, 124.752
10982, 24586, 127, 2, 0, 0.1, 1.36991e+06, 124.752
10983, 28682, 127, 2, 0, 0.1, 1.37003e+06, 124.753
10984, 31236, 127, 3, 0, 0.1, 1.37016e+06, 124.753
10985, 31237, 127, 3, 0, 0.1, 1.37029e+06, 124.753
10986, 31237, 137, 2, 0, 0.1, 1.37042e+06, 124.754
10987, 31237, 117, 3, 0, 0.1, 1.37054e+06, 124.754
10988, 31237, 137, 1, 0, 0.1, 1.37068e+06, 124.755
10989, 27141, 127, 0, 0, 0.1, 1.37081e+06, 124.755
10990, 27141, 117, 1, 0, 0.1, 1.37092e+06, 124.754
10991, 31237, 127, 2, 0, 0.1, 1.37105e+06, 124.754
10992, 31237, 117, 3, 0, 0.1, 1.37117e+06, 124.754
10993, 27141, 127, 3, 0, 0.1, 1.37129e+06, 124.754
10994, 31237, 127, 0, 0, 0.1, 1.37142e+06, 124.754
10995, 31237, 117, 1, 0, 0.1, 1.37154e+06, 124.753
10996, 27141, 127, 2, 0, 0.1, 1.37166e+06, 124.754
10997, 27141, 117, 3, 0, 0.1, 1.37178e+06, 124.753
10998, 31237, 127, 3, 0, 0.1, 1.37191e+06, 124.753
10999, 31492, 127, 1, 1, 0.1, 1.37204e+06, 124.753
11000, 31237, 127, 3, 0, 0.1, 1.37216e+06, 124.753
11001, 31492, 127, 1, 1, 0.1, 1.37229e+06, 124.754
11002, 31237, 127, 0, 1, 0.1, 1.37242e+06, 124.754
11003, 31237, 117, 3, 0, 0.1, 1.37253e+06, 124.753
11004, 31492, 127, 1, 1, 0.1, 1.37266e+06, 124.753
11005, 31237, 127, 2, 0, 0.1, 1.37279e+06, 124.754
11006, 31237, 117, 1, 1, 0.1, 1.37290e+06, 124.753
11007, 27141, 127, 2, 0, 0.1, 1.37303e+06, 124.753
11008, 27141, 117, 1, 1, 0.1, 1.37315e+06, 124.752
11009, 31237, 127, 1, 0, 0.1, 1.37328e+06, 124.753
11010, 31236, 127, 2, 0, 0.1, 1.3734e+06, 124.753
11011, 31236, 117, 3, 0, 0.1, 1.37352e+06, 124.752
11012, 31237, 127, 3, 0, 0.1, 1.37365e+06, 124.752
11013, 27141, 127, 3, 0, 0.1, 1.37377e+06, 124.752
11014, 31237, 127, 2, 0, 0.1, 1.3739e+06, 124.753
11015, 31237, 117, 3, 0, 0.1, 1.37402e+06, 124.752
11016, 31492, 127, 3, 0, 0.1, 1.37414e+06, 124.752
11017, 31237, 137, 3, 0, 0.1, 1.37428e+06, 124.753
11018, 32512, 127, 2, 0, 0.1, 1.37441e+06, 124.753
11019, 29962, 137, 1, 0, 0.1, 1.37455e+06, 124.755
11020, 29962, 117, 0, 0, 0.1, 1.37466e+06, 124.754
11021, 32512, 127, 2, 0, 0.1, 1.37479e+06, 124.754
11022, 29962, 127, 2, 0, 0.1, 1.37492e+06, 124.754
11023, 30472, 127, 1, 0, 0.1, 1.37504e+06, 124.754
11024, 24581, 137, 3, 0, 0.1, 1.37518e+06, 124.756
11025, 29960, 127, 0, 0, 0.1, 1.37531e+06, 124.756
11026, 29962, 127, 2, 0, 0.1, 1.37544e+06, 124.756
11027, 29992, 127, 3, 0, 0.1, 1.37556e+06, 124.756
11028, 29960, 67, 3, 0, 0.1, 1.37563e+06, 124.751
11029, 29962, 117, 2, 0, 0.1, 1.37575e+06, 124.75
11030, 30472, 127, 1, 0, 0.1, 1.37587e+06, 124.75
11031, 29189, 137, 1, 0, 0.1, 1.37601e+06, 124.752
11032, 29954, 137, 2, 0, 0.1, 1.37615e+06, 124.753
11033, 25866, 137, 1, 0, 0.1, 1.37628e+06, 124.754
11034, 25866, 117, 0, 0, 0.1, 1.3764e+06, 124.753
11035, 25858, 127, 2, 0, 0.1, 1.37653e+06, 124.753
11036, 25866, 127, 3, 1, 0.1, 1.37666e+06, 124.754
11037, 25866, 117, 2, 0, 0.1, 1.37677e+06, 124.753
11038, 30472, 127, 1, 0, 0.1, 1.3769e+06, 124.753
11039, 29189, 127, 3, 0, 0.1, 1.37703e+06, 124.753
11040, 30472, 127, 1, 0, 0.1, 1.37715e+06, 124.753
11041, 29189, 127, 1, 0, 0.1, 1.37728e+06, 124.754
11042, 28934, 137, 2, 0, 0.1, 1.37742e+06, 124.755
11043, 28934, 117, 3, 0, 0.1, 1.37753e+06, 124.754
11044, 28677, 127, 1, 1, 0.1, 1.37766e+06, 124.754
11045, 28934, 127, 3, 0, 0.1, 1.37779e+06, 124.754
11046, 28677, 127, 3, 0, 0.1, 1.37792e+06, 124.755
11047, 29960, 127, 1, 0, 0.1, 1.37804e+06, 124.755
11048, 28677, 127, 1, 0, 0.1, 1.37817e+06, 124.755
11049, 28934, 127, 3, 0, 0.1, 1.3783e+06, 124.755
11050, 28677, 127, 3, 0, 0.1, 1.37842e+06, 124.755
11051, 29960, 127, 0, 0, 0.1, 1.37855e+06, 124.756
11052, 25866, 127, 2, 0, 0.1, 1.37868e+06, 124.756
11053, 29960, 127, 2, 0, 0.1, 1.3788e+06, 124.756
11054, 29962, 127, 0, 0, 0.1, 1.37893e+06, 124.756
11055, 29960, 127, 2, 0, 0.1, 1.37906e+06, 124.756
11056, 29962, 127, 0, 0, 0.1, 1.37918e+06, 124.757
11057, 29960, 127, 1, 0, 0.1, 1.37931e+06, 124.757
11058, 28677, 127, 1, 0, 0.1, 1.37944e+06, 124.757
11059, 28934, 127, 0, 0, 0.1, 1.37957e+06, 124.757
11060, 28938, 137, 2, 0, 0.1, 1.3797e+06, 124.758
11061, 28934, 127, 3, 0, 0.1, 1.37983e+06, 124.759
11062, 24581, 127, 3, 0, 0.1, 1.37996e+06, 124.759
11063, 29960, 127, 2, 0, 0.1, 1.38008e+06, 124.759
11064, 29962, 127, 2, 0, 0.1, 1.38021e+06, 124.759
11065, 31492, 137, 3, 0, 0.1, 1.38035e+06, 124.76
11066, 31237, 137, 1, 0, 0.1, 1.38048e+06, 124.761
11067, 31492, 127, 0, 0, 0.1, 1.38061e+06, 124.762
11068, 24842, 127, 1, 0, 0.1, 1.38074e+06, 124.762
11069, 24842, 117, 1, 0, 0.1, 1.38086e+06, 124.761
11070, 24842, 117, 0, 0, 0.1, 1.38097e+06, 124.76
11071, 16648, 127, 0, 0, 0.1, 1.3811e+06, 124.761
11072, 16650, 127, 2, 0, 0.1, 1.38123e+06, 124.761
11073, 16648, 127, 0, 0, 0.1, 1.38135e+06, 124.761
11074, 16650, 127, 2, 1, 0.1, 1.38148e+06, 124.761
11075, 16648, 127, 0, 0, 0.1, 1.38161e+06, 124.761
11076, 16650, 127, 2, 0, 0.1, 1.38174e+06, 124.762
11077, 16648, 127, 0, 0, 0.1, 1.38186e+06, 124.762
11078, 16650, 127, 2, 0, 0.1, 1.38199e+06, 124.762
11079, 16648, 127, 3, 0, 0.1, 1.38212e+06, 124.762
11080, 16648, 117, 1, 1, 0.1, 1.38223e+06, 124.762
11081, 24581, 127, 3, 0, 0.1, 1.38236e+06, 124.762
11082, 16648, 127, 2, 0, 0.1, 1.38249e+06, 124.762
11083, 24842, 127, 0, 0, 0.1, 1.38261e+06, 124.762
11084, 16648, 127, 0, 0, 0.1, 1.38274e+06, 124.762
11085, 16650, 127, 0, 0, 0.1, 1.38287e+06, 124.763
11086, 24834, 127, 0, 0, 0.1, 1.383e+06, 124.763
11087, 24842, 127, 0, 0, 0.1, 1.38312e+06, 124.763
11088, 28930, 127, 0, 0, 0.1, 1.38325e+06, 124.763
11089, 28938, 127, 2, 0, 0.1, 1.38338e+06, 124.763
11090, 28930, 127, 2, 0, 0.1, 1.3835e+06, 124.764
11091, 24842, 127, 2, 1, 0.1, 1.38363e+06, 124.764
11092, 24834, 127, 0, 0, 0.1, 1.38376e+06, 124.764
11093, 24842, 127, 0, 0, 0.1, 1.38388e+06, 124.764
11094, 28930, 127, 3, 0, 0.1, 1.38401e+06, 124.764
11095, 24581, 127, 3, 0, 0.1, 1.38414e+06, 124.765
11096, 29960, 127, 0, 0, 0.1, 1.38426e+06, 124.765
11097, 29962, 127, 2, 0, 0.1, 1.38439e+06, 124.765
11098, 29960, 127, 1, 0, 0.1, 1.38452e+06, 124.765
11099, 24581, 127, 0, 0, 0.1, 1.38465e+06, 124.765
11100, 24581, 117, 1, 0, 0.1, 1.38476e+06, 124.765
11101, 28930, 127, 1, 1, 0.1, 1.38489e+06, 124.765
11102, 28930, 117, 0, 1, 0.1, 1.38501e+06, 124.764
11103, 28938, 127, 2, 1, 0.1, 1.38513e+06, 124.764
11104, 28930, 127, 2, 0, 0.1, 1.38526e+06, 124.765
11105, 24842, 127, 0, 0, 0.1, 1.38539e+06, 124.765
11106, 28930, 127, 3, 1, 0.1, 1.38552e+06, 124.765
11107, 24581, 127, 3, 0, 0.1, 1.38564e+06, 124.765
11108, 29960, 127, 0, 0, 0.1, 1.38577e+06, 124.765
11109, 29962, 127, 2, 0, 0.1, 1.3859e+06, 124.766
11110, 29960, 127, 1, 0, 0.1, 1.38602e+06, 124.766
11111, 24581, 127, 1, 0, 0.1, 1.38615e+06, 124.766
11112, 28930, 127, 3, 0, 0.1, 1.38628e+06, 124.766
11113, 24581, 127, 0, 1, 0.1, 1.3864e+06, 124.766
11114, 24581, 117, 3, 0, 0.1, 1.38652e+06, 124.766
11115, 29960, 77, 2, 0, 0.1, 1.3866e+06, 124.761
11116, 30472, 137, 0, 1, 0.1, 1.38674e+06, 124.762
11117, 29962, 127, 0, 0, 0.1, 1.38686e+06, 124.763
11118, 30472, 127, 1, 0, 0.1, 1.38699e+06, 124.763
11119, 29189, 137, 1, 0, 0.1, 1.38713e+06, 124.764
11120, 29954, 137, 3, 0, 0.1, 1.38726e+06, 124.765
11121, 28677, 127, 3, 0, 0.1, 1.38739e+06, 124.765
11122, 29960, 127, 0, 0, 0.1, 1.38752e+06, 124.765
11123, 29962, 137, 0, 0, 0.1, 1.38765e+06, 124.767
11124, 32002, 137, 2, 0, 0.1, 1.38779e+06, 124.768
11125, 29962, 127, 0, 0, 0.1, 1.38792e+06, 124.768
11126, 32002, 127, 3, 0, 0.1, 1.38804e+06, 124.768
11127, 26629, 137, 0, 0, 0.1, 1.38818e+06, 124.769
11128, 26629, 117, 1, 0, 0.1, 1.3883e+06, 124.768
11129, 27906, 127, 0, 0, 0.1, 1.38843e+06, 124.769
11130, 29962, 127, 0, 0, 0.1, 1.38855e+06, 124.769
11131, 32512, 127, 0, 0, 0.1, 1.38868e+06, 124.769
11132, 29962, 137, 2, 0, 0.1, 1.38882e+06, 124.77
11133, 32512, 127, 3, 0, 0.1, 1.38894e+06, 124.77
11134, 31237, 137, 1, 0, 0.1, 1.38908e+06, 124.771
11135, 32512, 127, 3, 0, 0.1, 1.38921e+06, 124.772
11136, 31237, 127, 3, 0, 0.1, 1.38934e+06, 124.772
11137, 31237, 127, 3, 0, 0.1, 1.38946e+06, 124.772
11138, 31237, 137, 3, 0, 0.1, 1.3896e+06, 124.773
11139, 31492, 137, 1, 1, 0.1, 1.38974e+06, 124.774
11140, 27141, 127, 0, 0, 0.1, 1.38986e+06, 124.774
11141, 27141, 117, 3, 0, 0.1, 1.38998e+06, 124.774
11142, 31492, 127, 0, 0, 0.1, 1.39011e+06, 124.774
11143, 28938, 127, 2, 0, 0.1, 1.39023e+06, 124.774
11144, 31492, 127, 2, 0, 0.1, 1.39036e+06, 124.774
11145, 31492, 117, 2, 1, 0.1, 1.39048e+06, 124.774
11146, 31492, 117, 1, 0, 0.1, 1.3906e+06, 124.773
11147, 27141, 127, 1, 0, 0.1, 1.39072e+06, 124.773
11148, 27141, 127, 3, 0, 0.1, 1.39085e+06, 124.773
11149, 27141, 127, 1, 0, 0.1, 1.39098e+06, 124.774
11150, 27141, 127, 1, 0, 0.1, 1.3911e+06, 124.774
11151, 31237, 127, 1, 0, 0.1, 1.39123e+06, 124.774
11152, 32512, 127, 3, 0, 0.1, 1.39136e+06, 124.774
11153, 31237, 127, 0, 0, 0.1, 1.39148e+06, 124.774
11154, 31237, 117, 1, 0, 0.1, 1.3916e+06, 124.774
11155, 32576, 127, 3, 0, 0.1, 1.39173e+06, 124.774
11156, 31269, 127, 2, 0, 0.1, 1.39186e+06, 124.774
11157, 31237, 67, 3, 0, 0.1, 1.39192e+06, 124.769
11158, 29962, 117, 2, 0, 0.1, 1.39204e+06, 124.768
11159, 30472, 127, 1, 0, 0.1, 1.39217e+06, 124.768
11160, 29189, 137, 1, 0, 0.1, 1.3923e+06, 124.77
11161, 29954, 137, 2, 0, 0.1, 1.39244e+06, 124.771
11162, 29962, 127, 2, 0, 0.1, 1.39257e+06, 124.771
11163, 30472, 137, 1, 0, 0.1, 1.3927e+06, 124.772
11164, 29189, 127, 1, 0, 0.1, 1.39283e+06, 124.772
11165, 24582, 137, 1, 0, 0.1, 1.39297e+06, 124.773
11166, 24582, 117, 3, 0, 0.1, 1.39308e+06, 124.773
11167, 28677, 127, 1, 1, 0.1, 1.39321e+06, 124.773
11168, 24582, 127, 0, 0, 0.1, 1.39334e+06, 124.773
11169, 28682, 127, 2, 0, 0.1, 1.39347e+06, 124.773
11170, 24582, 127, 0, 0, 0.1, 1.39359e+06, 124.773
11171, 28682, 127, 3, 0, 0.1, 1.39372e+06, 124.774
11172, 28682, 117, 2, 0, 0.1, 1.39384e+06, 124.773
11173, 24582, 127, 0, 0, 0.1, 1.39396e+06, 124.773
11174, 28682, 127, 0, 0, 0.1, 1.39409e+06, 124.773
11175, 29193, 127, 1, 0, 0.1, 1.39422e+06, 124.773
11176, 28677, 137, 3, 0, 0.1, 1.39436e+06, 124.774
11177, 24585, 127, 1, 1, 0.1, 1.39448e+06, 124.775
11178, 28677, 127, 3, 0, 0.1, 1.39461e+06, 124.775
11179, 24585, 127, 0, 0, 0.1, 1.39474e+06, 124.775
11180, 24585, 117, 3, 0, 0.1, 1.39485e+06, 124.774
11181, 24585, 117, 0, 0, 0.1, 1.39497e+06, 124.774
11182, 24585, 117, 2, 0, 0.1, 1.39509e+06, 124.773
11183, 16394, 127, 0, 0, 0.1, 1.39521e+06, 124.773
11184, 24585, 127, 0, 0, 0.1, 1.39534e+06, 124.773
11185, 24585, 117, 3, 0, 0.1, 1.39546e+06, 124.773
11186, 24585, 117, 1, 0, 0.1, 1.39558e+06, 124.772
11187, 28677, 127, 1, 0, 0.1, 1.3957e+06, 124.772
11188, 29954, 127, 2, 0, 0.1, 1.39583e+06, 124.772
11189, 29962, 127, 0, 0, 0.1, 1.39596e+06, 124.773
11190, 29954, 127, 0, 0, 0.1, 1.39608e+06, 124.773
11191, 29962, 137, 0, 0, 0.1, 1.39622e+06, 124.774
11192, 32002, 127, 1, 1, 0.1, 1.39635e+06, 124.774
11193, 32002, 117, 3, 1, 0.1, 1.39646e+06, 124.773
11194, 24581, 137, 3, 0, 0.1, 1.3966e+06, 124.775
11195, 24588, 127, 2, 0, 0.1, 1.39673e+06, 124.775
11196, 24588, 117, 0, 0, 0.1, 1.39684e+06, 124.774
11197, 28682, 127, 1, 0, 0.1, 1.39697e+06, 124.774
11198, 28682, 117, 3, 0, 0.1, 1.39709e+06, 124.774
11199, 28682, 117, 3, 0, 0.1, 1.39721e+06, 124.773
11200, 28682, 117, 0, 0, 0.1, 1.39732e+06, 124.772
11201, 30723, 127, 3, 0, 0.1, 1.39745e+06, 124.772
11202, 30725, 137, 1, 0, 0.1, 1.39759e+06, 124.773
11203, 30723, 127, 0, 0, 0.1, 1.39771e+06, 124.774
11204, 30723, 117, 3, 0, 0.1, 1.39783e+06, 124.773
11205, 30725, 127, 1, 0, 0.1, 1.39796e+06, 124.773
11206, 30723, 127, 3, 0, 0.1, 1.39808e+06, 124.773
11207, 30725, 127, 3, 0, 0.1, 1.39821e+06, 124.774
11208, 29960, 137, 2, 0, 0.1, 1.39835e+06, 124.775
11209, 29962, 127, 0, 0, 0.1, 1.39848e+06, 124.775
11210, 29960, 127, 0, 0, 0.1, 1.3986e+06, 124.775
11211, 29706, 137, 2, 0, 0.1, 1.39874e+06, 124.776
11212, 29704, 127, 2, 0, 0.1, 1.39887e+06, 124.776
11213, 29706, 127, 3, 1, 0.1, 1.39899e+06, 124.776
11214, 29722, 117, 2, 0, 0.1, 1.39911e+06, 124.776
11215, 31762, 137, 1, 0, 0.1, 1.39925e+06, 124.777
11216, 31762, 117, 3, 0, 0.1, 1.39936e+06, 124.776
11217, 30725, 127, 3, 0, 0.1, 1.39949e+06, 124.776
11218, 29992, 137, 2, 0, 0.1, 1.39963e+06, 124.777
11219, 25866, 127, 2, 0, 0.1, 1.39976e+06, 124.778
11220, 25880, 127, 0, 0, 0.1, 1.39988e+06, 124.778
11221, 25866, 77, 0, 1, 0.1, 1.39996e+06, 124.774
11222, 30472, 127, 1, 0, 0.1, 1.40009e+06, 124.774
11223, 24581, 137, 1, 0, 0.1, 1.40022e+06, 124.775
11224, 29954, 127, 2, 0, 0.1, 1.40035e+06, 124.775
11225, 29962, 127, 2, 0, 0.1, 1.40048e+06, 124.775
11226, 32002, 137, 2, 0, 0.1, 1.40062e+06, 124.776
11227, 29962, 127, 0, 0, 0.1, 1.40074e+06, 124.777
11228, 32002, 127, 0, 0, 0.1, 1.40087e+06, 124.777
11229, 29962, 127, 2, 0, 0.1, 1.401e+06, 124.777
11230, 32002, 127, 0, 0, 0.1, 1.40112e+06, 124.777
11231, 29962, 127, 2, 0, 0.1, 1.40125e+06, 124.777
11232, 32002, 127, 3, 0, 0.1, 1.40138e+06, 124.778
11233, 30725, 137, 3, 0, 0.1, 1.40151e+06, 124.779
11234, 29960, 137, 3, 0, 0.1, 1.40165e+06, 124.78
11235, 29960, 117, 1, 0, 0.1, 1.40177e+06, 124.779
11236, 24581, 127, 0, 0, 0.1, 1.4019e+06, 124.779
11237, 24581, 117, 0, 0, 0.1, 1.40201e+06, 124.779
11238, 24581, 117, 3, 0, 0.1, 1.40213e+06, 124.778
11239, 29960, 127, 1, 0, 0.1, 1.40226e+06, 124.778
11240, 24581, 127, 1, 0, 0.1, 1.40238e+06, 124.778
11241, 29954, 127, 3, 0, 0.1, 1.40251e+06, 124.778
11242, 24581, 127, 3, 0, 0.1, 1.40264e+06, 124.779
11243, 29960, 127, 0, 0, 0.1, 1.40276e+06, 124.779
11244, 25866, 127, 0, 0, 0.1, 1.40289e+06, 124.779
11245, 25864, 127, 2, 0, 0.1, 1.40302e+06, 124.779
11246, 25866, 127, 0, 0, 0.1, 1.40314e+06, 124.779
11247, 25864, 127, 2, 0, 0.1, 1.40327e+06, 124.78
11248, 25866, 127, 2, 0, 0.1, 1.4034e+06, 124.78
11249, 29960, 127, 1, 0, 0.1, 1.40353e+06, 124.78
11250, 24581, 127, 3, 0, 0.1, 1.40365e+06, 124.78
11251, 29960, 127, 1, 0, 0.1, 1.40378e+06, 124.78
11252, 24581, 127, 3, 0, 0.1, 1.40391e+06, 124.781
11253, 29960, 127, 1, 0, 0.1, 1.40403e+06, 124.781
11254, 24581, 127, 3, 0, 0.1, 1.40416e+06, 124.781
11255, 29960, 127, 2, 0, 0.1, 1.40429e+06, 124.781
11256, 29962, 127, 3, 1, 0.1, 1.40442e+06, 124.781
11257, 29962, 117, 1, 0, 0.1, 1.40453e+06, 124.781
11258, 29962, 117, 2, 0, 0.1, 1.40465e+06, 124.78
11259, 32002, 137, 3, 0, 0.1, 1.40479e+06, 124.781
11260, 30725, 127, 1, 0, 0.1, 1.40491e+06, 124.781
11261, 32002, 127, 0, 0, 0.1, 1.40504e+06, 124.782
11262, 29962, 127, 0, 0, 0.1, 1.40517e+06, 124.782
11263, 25864, 127, 0, 0, 0.1, 1.40529e+06, 124.782
11264, 17674, 127, 2, 0, 0.1, 1.40542e+06, 124.782
11265, 25864, 127, 3, 1, 0.1, 1.40555e+06, 124.782
11266, 25864, 117, 0, 0, 0.1, 1.40566e+06, 124.782
11267, 17674, 127, 0, 0, 0.1, 1.40579e+06, 124.782
11268, 25864, 127, 1, 0, 0.1, 1.40592e+06, 124.782
11269, 24581, 127, 3, 0, 0.1, 1.40605e+06, 124.782
11270, 25864, 127, 1, 0, 0.1, 1.40617e+06, 124.782
11271, 24581, 127, 3, 0, 0.1, 1.4063e+06, 124.783
11272, 25880, 127, 2, 0, 0.1, 1.40643e+06, 124.783
11273, 17690, 127, 2, 1, 0.1, 1.40655e+06, 124.783
11274, 25880, 127, 0, 0, 0.1, 1.40668e+06, 124.783
11275, 17674, 77, 3, 0, 0.1, 1.40676e+06, 124.779
11276, 29962, 117, 2, 0, 0.1, 1.40688e+06, 124.778
11277, 30472, 127, 1, 0, 0.1, 1.407e+06, 124.778
11278, 29189, 137, 1, 0, 0.1, 1.40714e+06, 124.78
11279, 29954, 137, 3, 0, 0.1, 1.40728e+06, 124.781
11280, 24581, 127, 1, 0, 0.1, 1.4074e+06, 124.781
11281, 29954, 127, 2, 0, 0.1, 1.40753e+06, 124.781
11282, 29962, 127, 1, 1, 0.1, 1.40766e+06, 124.781
11283, 29962, 117, 0, 0, 0.1, 1.40777e+06, 124.781
11284, 29954, 127, 0, 0, 0.1, 1.4079e+06, 124.781
11285, 25866, 127, 0, 0, 0.1, 1.40803e+06, 124.781
11286, 32002, 127, 2, 0, 0.1, 1.40816e+06, 124.781
11287, 25866, 127, 3, 0, 0.1, 1.40828e+06, 124.781
11288, 25866, 117, 2, 0, 0.1, 1.4084e+06, 124.781
11289, 29954, 127, 2, 0, 0.1, 1.40853e+06, 124.781
11290, 29962, 127, 2, 0, 0.1, 1.40865e+06, 124.781
11291, 30472, 137, 2, 0, 0.1, 1.40879e+06, 124.782
11292, 29962, 127, 3, 0, 0.1, 1.40892e+06, 124.782
11293, 29962, 117, 2, 0, 0.1, 1.40903e+06, 124.782
11294, 31492, 137, 1, 0, 0.1, 1.40917e+06, 124.783
11295, 30725, 137, 1, 0, 0.1, 1.40931e+06, 124.784
11296, 31747, 127, 3, 0, 0.1, 1.40944e+06, 124.784
11297, 30725, 127, 1, 0, 0.1, 1.40956e+06, 124.784
11298, 31747, 127, 1, 1, 0.1, 1.40969e+06, 124.784
11299, 31747, 117, 2, 0, 0.1, 1.40981e+06, 124.784
11300, 24586, 137, 3, 0, 0.1, 1.40994e+06, 124.785
11301, 24586, 117, 2, 0, 0.1, 1.41006e+06, 124.784
11302, 30722, 127, 1, 0, 0.1, 1.41019e+06, 124.784
11303, 30722, 117, 1, 0, 0.1, 1.4103e+06, 124.784
11304, 30722, 117, 3, 0, 0.1, 1.41042e+06, 124.783
11305, 30725, 127, 3, 0, 0.1, 1.41055e+06, 124.783
11306, 28681, 137, 0, 0, 0.1, 1.41068e+06, 124.784
11307, 28681, 117, 2, 0, 0.1, 1.4108e+06, 124.783
11308, 63494, 137, 3, 0, 0.1, 1.41094e+06, 124.785
11309, 63493, 137, 3, 0, 0.1, 1.41108e+06, 124.786
11310, 61724, 137, 2, 0, 0.1, 1.41121e+06, 124.787
11311, 61724, 117, 3, 0, 0.1, 1.41133e+06, 124.786
11312, 61724, 117, 0, 0, 0.1, 1.41145e+06, 124.785
11313, 61722, 127, 1, 0, 0.1, 1.41157e+06, 124.786
11314, 61722, 117, 0, 0, 0.1, 1.41169e+06, 124.785
11315, 61722, 137, 3, 0, 0.1, 1.41183e+06, 124.786
11316, 61722, 117, 1, 1, 0.1, 1.41194e+06, 124.785
11317, 61722, 117, 2, 0, 0.1, 1.41206e+06, 124.785
11318, 61722, 127, 1, 0, 0.1, 1.41219e+06, 124.785
11319, 61706, 117, 0, 0, 0.1, 1.41231e+06, 124.784
11320, 61722, 127, 1, 0, 0.1, 1.41243e+06, 124.784
11321, 61722, 117, 2, 0, 0.1, 1.41255e+06, 124.784
11322, 61722, 127, 2, 1, 0.1, 1.41268e+06, 124.784
11323, 57612, 127, 0, 0, 0.1, 1.4128e+06, 124.784
11324, 61706, 127, 0, 0, 0.1, 1.41293e+06, 124.784
11325, 61706, 127, 1, 0, 0.1, 1.41306e+06, 124.784
11326, 61706, 117, 2, 0, 0.1, 1.41318e+06, 124.784
11327, 61706, 127, 1, 0, 0.1, 1.4133e+06, 124.784
11328, 61706, 117, 1, 0, 0.1, 1.41342e+06, 124.783
11329, 61706, 117, 2, 1, 0.1, 1.41354e+06, 124.782
11330, 57612, 127, 0, 0, 0.1, 1.41366e+06, 124.783
11331, 61706, 127, 1, 0, 0.1, 1.41379e+06, 124.783
11332, 61706, 117, 0, 0, 0.1, 1.41391e+06, 124.782
11333, 61706, 127, 3, 0, 0.1, 1.41403e+06, 124.782
11334, 61706, 117, 2, 0, 0.1, 1.41415e+06, 124.782
11335, 61706, 127, 0, 0, 0.1, 1.41428e+06, 124.782
11336, 61706, 127, 1, 1, 0.1, 1.41440e+06, 124.782
11337, 61706, 117, 0, 0, 0.1, 1.41452e+06, 124.781
11338, 63744, 137, 1, 0, 0.1, 1.41466e+06, 124.782
11339, 59397, 127, 3, 0, 0.1, 1.41479e+06, 124.783
11340, 63744, 127, 2, 0, 0.1, 1.41491e+06, 124.783
11341, 57610, 127, 0, 0, 0.1, 1.41504e+06, 124.783
11342, 63744, 127, 0, 0, 0.1, 1.41517e+06, 124.783
11343, 61706, 127, 2, 0, 0.1, 1.41529e+06, 124.783
11344, 63744, 127, 0, 0, 0.1, 1.41542e+06, 124.784
11345, 61706, 127, 0, 0, 0.1, 1.41555e+06, 124.784
11346, 63746, 127, 0, 0, 0.1, 1.41568e+06, 124.784
11347, 61706, 127, 2, 0, 0.1, 1.4158e+06, 124.784
11348, 63746, 127, 3, 0, 0.1, 1.41593e+06, 124.784
11349, 63493, 137, 3, 0, 0.1, 1.41607e+06, 124.786
11350, 63748, 137, 3, 1, 0.1, 1.4162e+06, 124.787
11351, 63493, 127, 1, 0, 0.1, 1.41633e+06, 124.787
11352, 63748, 127, 1, 1, 0.1, 1.41646e+06, 124.787
11353, 63493, 127, 3, 0, 0.1, 1.41658e+06, 124.787
11354, 63748, 127, 3, 0, 0.1, 1.41671e+06, 124.787
11355, 63493, 127, 3, 0, 0.1, 1.41684e+06, 124.788
11356, 63493, 127, 3, 0, 0.1, 1.41696e+06, 124.788
11357, 63493, 137, 1, 0, 0.1, 1.4171e+06, 124.789
11358, 63493, 127, 1, 0, 0.1, 1.41723e+06, 124.789
11359, 63493, 127, 1, 0, 0.1, 1.41736e+06, 124.789
11360, 63748, 127, 1, 0, 0.1, 1.41748e+06, 124.789
11361, 63493, 127, 3, 0, 0.1, 1.41761e+06, 124.79
11362, 63748, 127, 2, 0, 0.1, 1.41774e+06, 124.79
11363, 63748, 117, 3, 0, 0.1, 1.41785e+06, 124.789
11364, 63493, 127, 1, 0, 0.1, 1.41798e+06, 124.789
11365, 63748, 127, 3, 0, 0.1, 1.41811e+06, 124.79
11366, 63493, 127, 1, 0, 0.1, 1.41824e+06, 124.79
11367, 63748, 127, 1, 0, 0.1, 1.41836e+06, 124.79
11368, 63493, 127, 0, 0, 0.1, 1.41849e+06, 124.79
11369, 63493, 117, 3, 0, 0.1, 1.41861e+06, 124.789
11370, 63748, 127, 2, 0, 0.1, 1.41873e+06, 124.79
11371, 63748, 117, 0, 0, 0.1, 1.41885e+06, 124.789
11372, 61706, 137, 0, 1, 0.1, 1.41899e+06, 124.79
11373, 61706, 137, 0, 0, 0.1, 1.41912e+06, 124.791
11374, 61706, 127, 2, 0, 0.1, 1.41925e+06, 124.791
11375, 61706, 127, 2, 0, 0.1, 1.41938e+06, 124.791
11376, 57610, 127, 0, 0, 0.1, 1.41950e+06, 124.792
11377, 61706, 127, 3, 0, 0.1, 1.41963e+06, 124.792
11378, 61706, 117, 0, 0, 0.1, 1.41975e+06, 124.791
11379, 61706, 127, 0, 0, 0.1, 1.41988e+06, 124.791
11380, 61706, 137, 3, 0, 0.1, 1.42001e+06, 124.792
11381, 61706, 117, 2, 0, 0.1, 1.42013e+06, 124.792
11382, 61706, 127, 3, 0, 0.1, 1.42026e+06, 124.792
11383, 61706, 117, 1, 0, 0.1, 1.42037e+06, 124.791
11384, 61706, 117, 2, 0, 0.1, 1.42049e+06, 124.791
11385, 57610, 127, 3, 0, 0.1, 1.42062e+06, 124.791
11386, 57610, 117, 0, 0, 0.1, 1.42074e+06, 124.79
11387, 61706, 127, 0, 0, 0.1, 1.42086e+06, 124.79
11388, 61706, 127, 2, 0, 0.1, 1.42099e+06, 124.79
11389, 61706, 127, 2, 0, 0.1, 1.42112e+06, 124.791
11390, 57610, 127, 0, 0, 0.1, 1.42124e+06, 124.791
11391, 61706, 127, 0, 0, 0.1, 1.42137e+06, 124.791
11392, 61706, 127, 3, 0, 0.1, 1.4215e+06, 124.791
11393, 61706, 117, 0, 0, 0.1, 1.42161e+06, 124.791
11394, 61706, 137, 1, 0, 0.1, 1.42175e+06, 124.792
11395, 61706, 117, 0, 0, 0.1, 1.42187e+06, 124.791
11396, 64129, 137, 1, 0, 0.1, 1.42200e+06, 124.792
11397, 64133, 127, 1, 1, 0.1, 1.42213e+06, 124.792
11398, 64898, 137, 1, 0, 0.1, 1.42227e+06, 124.793
11399, 64914, 117, 1, 0, 0.1, 1.42239e+06, 124.793
11400, 64898, 117, 2, 0, 0.1, 1.4225e+06, 124.792
11401, 62746, 127, 2, 0, 0.1, 1.42263e+06, 124.792
11402, 49432, 137, 2, 0, 0.1, 1.42277e+06, 124.793
11403, 33050, 127, 0, 0, 0.1, 1.42289e+06, 124.793
11404, 49416, 127, 0, 0, 0.1, 1.42302e+06, 124.794
11405, 57610, 127, 2, 0, 0.1, 1.42315e+06, 124.794
11406, 49416, 127, 3, 0, 0.1, 1.42328e+06, 124.794
11407, 49416, 117, 3, 0, 0.1, 1.42339e+06, 124.793
11408, 16648, 117, 0, 0, 0.1, 1.42351e+06, 124.793
11409, 24858, 127, 0, 0, 0.1, 1.42364e+06, 124.793
11410, 31122, 127, 0, 0, 0.1, 1.42376e+06, 124.793
11411, 29018, 127, 3, 0, 0.1, 1.42389e+06, 124.793
11412, 28954, 67, 1, 0, 0.1, 1.42396e+06, 124.788
11413, 29962, 117, 1, 1, 0.1, 1.42407e+06, 124.787
11414, 29962, 117, 2, 0, 0.1, 1.42419e+06, 124.787
11415, 30472, 127, 2, 1, 0.1, 1.42432e+06, 124.787
11416, 29962, 137, 2, 0, 0.1, 1.42446e+06, 124.788
11417, 32002, 137, 3, 0, 0.1, 1.42459e+06, 124.789
11418, 30725, 137, 1, 0, 0.1, 1.42473e+06, 124.79
11419, 32002, 127, 2, 0, 0.1, 1.42486e+06, 124.79
11420, 29962, 127, 2, 0, 0.1, 1.42498e+06, 124.791
11421, 32512, 137, 2, 0, 0.1, 1.42512e+06, 124.792
11422, 29962, 127, 2, 0, 0.1, 1.42525e+06, 124.792
11423, 24842, 137, 1, 0, 0.1, 1.42538e+06, 124.793
11424, 24842, 117, 0, 0, 0.1, 1.4255e+06, 124.792
11425, 28938, 127, 0, 0, 0.1, 1.42563e+06, 124.792
11426, 31488, 127, 3, 0, 0.1, 1.42576e+06, 124.793
11427, 31237, 127, 0, 0, 0.1, 1.42588e+06, 124.793
11428, 31237, 117, 0, 0, 0.1, 1.426e+06, 124.792
11429, 31237, 117, 2, 0, 0.1, 1.42612e+06, 124.791
11430, 31237, 117, 3, 0, 0.1, 1.42623e+06, 124.791
11431, 31237, 137, 1, 0, 0.1, 1.42637e+06, 124.792
11432, 31237, 127, 3, 0, 0.1, 1.4265e+06, 124.792
11433, 31237, 127, 1, 0, 0.1, 1.42662e+06, 124.792
11434, 31237, 127, 1, 0, 0.1, 1.42675e+06, 124.792
11435, 31488, 127, 2, 1, 0.1, 1.42688e+06, 124.793
11436, 28938, 127, 3, 1, 0.1, 1.42700e+06, 124.793
11437, 28938, 117, 1, 0, 0.1, 1.42712e+06, 124.792
11438, 28938, 117, 2, 0, 0.1, 1.42724e+06, 124.791
11439, 24858, 127, 0, 0, 0.1, 1.42737e+06, 124.792
11440, 28954, 127, 0, 0, 0.1, 1.42749e+06, 124.792
11441, 31504, 127, 2, 0, 0.1, 1.42762e+06, 124.792
11442, 28954, 127, 0, 0, 0.1, 1.42775e+06, 124.792
11443, 31504, 127, 2, 0, 0.1, 1.42787e+06, 124.792
11444, 28954, 127, 0, 0, 0.1, 1.428e+06, 124.793
11445, 31504, 127, 3, 0, 0.1, 1.42813e+06, 124.793
11446, 31237, 127, 3, 0, 0.1, 1.42826e+06, 124.793
11447, 31237, 127, 3, 0, 0.1, 1.42838e+06, 124.793
11448, 31237, 127, 2, 0, 0.1, 1.42851e+06, 124.793
11449, 31237, 117, 3, 0, 0.1, 1.42863e+06, 124.793
11450, 32257, 137, 2, 0, 0.1, 1.42876e+06, 124.794
11451, 25610, 127, 0, 0, 0.1, 1.42889e+06, 124.794
11452, 32257, 127, 3, 0, 0.1, 1.42902e+06, 124.794
11453, 31237, 127, 1, 0, 0.1, 1.42914e+06, 124.794
11454, 32257, 127, 3, 0, 0.1, 1.42927e+06, 124.794
11455, 31237, 127, 3, 0, 0.1, 1.4294e+06, 124.795
11456, 31237, 137, 3, 0, 0.1, 1.42954e+06, 124.796
11457, 31237, 137, 0, 0, 0.1, 1.42967e+06, 124.797
11458, 31237, 117, 3, 0, 0.1, 1.42979e+06, 124.796
11459, 32257, 127, 3, 0, 0.1, 1.42992e+06, 124.796
11460, 31237, 127, 1, 0, 0.1, 1.43004e+06, 124.796
11461, 32257, 127, 3, 0, 0.1, 1.43017e+06, 124.797
11462, 31237, 127, 1, 1, 0.1, 1.4303e+06, 124.797
11463, 32257, 127, 3, 0, 0.1, 1.43042e+06, 124.797
11464, 31237, 127, 1, 1, 0.1, 1.43055e+06, 124.797
11465, 32257, 127, 0, 1, 0.1, 1.43068e+06, 124.797
11466, 32257, 117, 2, 0, 0.1, 1.4308e+06, 124.797
11467, 29706, 137, 2, 0, 0.1, 1.43093e+06, 124.798
11468, 24586, 137, 0, 1, 0.1, 1.43107e+06, 124.799
11469, 16394, 127, 3, 0, 0.1, 1.4312e+06, 124.799
11470, 16394, 117, 1, 0, 0.1, 1.43131e+06, 124.798
11471, 16394, 117, 2, 0, 0.1, 1.43143e+06, 124.798
11472, 24586, 127, 2, 0, 0.1, 1.43156e+06, 124.798
11473, 30726, 127, 0, 0, 0.1, 1.43168e+06, 124.798
11474, 24586, 127, 2, 0, 0.1, 1.43181e+06, 124.798
11475, 30726, 127, 3, 0, 0.1, 1.43194e+06, 124.799
11476, 30725, 127, 3, 0, 0.1, 1.43206e+06, 124.799
11477, 63764, 137, 1, 0, 0.1, 1.4322e+06, 124.8
11478, 63493, 127, 3, 1, 0.1, 1.43233e+06, 124.8
11479, 63748, 127, 0, 0, 0.1, 1.43246e+06, 124.8
11480, 61706, 137, 2, 1, 0.1, 1.43259e+06, 124.801
11481, 63748, 127, 2, 0, 0.1, 1.43272e+06, 124.801
11482, 63764, 117, 1, 0, 0.1, 1.43284e+06, 124.801
11483, 63493, 127, 1, 0, 0.1, 1.43296e+06, 124.801
11484, 59398, 127, 3, 0, 0.1, 1.43309e+06, 124.801
11485, 63493, 127, 3, 0, 0.1, 1.43322e+06, 124.801
11486, 63748, 127, 3, 0, 0.1, 1.43334e+06, 124.801
11487, 63493, 137, 1, 0, 0.1, 1.43348e+06, 124.803
11488, 63748, 127, 0, 0, 0.1, 1.43361e+06, 124.803
11489, 61706, 127, 0, 1, 0.1, 1.43374e+06, 124.803
11490, 61722, 137, 2, 0, 0.1, 1.43387e+06, 124.804
11491, 57626, 127, 0, 0, 0.1, 1.434e+06, 124.804
11492, 61722, 127, 1, 0, 0.1, 1.43413e+06, 124.804
11493, 61722, 117, 3, 0, 0.1, 1.43424e+06, 124.804
11494, 61706, 117, 2, 0, 0.1, 1.43436e+06, 124.803
11495, 57626, 127, 0, 0, 0.1, 1.43449e+06, 124.803
11496, 61722, 127, 0, 0, 0.1, 1.43462e+06, 124.803
11497, 64272, 127, 2, 0, 0.1, 1.43474e+06, 124.804
11498, 61706, 127, 0, 0, 0.1, 1.43487e+06, 124.804
11499, 64256, 127, 1, 0, 0.1, 1.435e+06, 124.804
11500, 64005, 127, 3, 0, 0.1, 1.43512e+06, 124.804
11501, 64256, 127, 2, 0, 0.1, 1.43525e+06, 124.804
11502, 61706, 127, 0, 0, 0.1, 1.43538e+06, 124.805
11503, 64256, 127, 1, 1, 0.1, 1.4355e+06, 124.805
11504, 64005, 127, 0, 0, 0.1, 1.43563e+06, 124.805
11505, 64005, 117, 1, 0, 0.1, 1.43575e+06, 124.804
11506, 59905, 127, 3, 0, 0.1, 1.43588e+06, 124.804
11507, 64005, 127, 0, 0, 0.1, 1.436e+06, 124.805
11508, 64005, 117, 0, 0, 0.1, 1.43612e+06, 124.804
11509, 64005, 117, 0, 0, 0.1, 1.43624e+06, 124.803
11510, 64005, 117, 0, 1, 0.1, 1.43635e+06, 124.803
11511, 64005, 117, 1, 0, 0.1, 1.43647e+06, 124.802
11512, 59905, 127, 1, 0, 0.1, 1.4366e+06, 124.802
11513, 51717, 127, 3, 0, 0.1, 1.43672e+06, 124.802
11514, 59905, 127, 2, 0, 0.1, 1.43685e+06, 124.802
11515, 49162, 127, 0, 0, 0.1, 1.43698e+06, 124.803
11516, 59905, 127, 3, 0, 0.1, 1.43710e+06, 124.803
11517, 64005, 127, 1, 0, 0.1, 1.43723e+06, 124.803
11518, 59905, 127, 0, 0, 0.1, 1.43736e+06, 124.803
11519, 59905, 117, 2, 0, 0.1, 1.43748e+06, 124.803
11520, 49162, 127, 0, 0, 0.1, 1.4376e+06, 124.803
11521, 59905, 127, 3, 0, 0.1, 1.43773e+06, 124.803
11522, 64005, 127, 1, 0, 0.1, 1.43786e+06, 124.803
11523, 59905, 127, 3, 1, 0.1, 1.43798e+06, 124.803
11524, 64005, 127, 3, 0, 0.1, 1.43811e+06, 124.804
11525, 64256, 127, 1, 0, 0.1, 1.43824e+06, 124.804
11526, 64005, 127, 0, 0, 0.1, 1.43836e+06, 124.804
11527, 64005, 117, 1, 1, 0.1, 1.43848e+06, 124.803
11528, 59905, 127, 1, 0, 0.1, 1.43861e+06, 124.803
11529, 51717, 127, 2, 0, 0.1, 1.43874e+06, 124.804
11530, 51717, 117, 1, 0, 0.1, 1.43885e+06, 124.803
11531, 35333, 127, 1, 0, 0.1, 1.43898e+06, 124.803
11532, 35333, 127, 1, 0, 0.1, 1.43911e+06, 124.803
11533, 36353, 127, 3, 1, 0.1, 1.43923e+06, 124.804
11534, 35333, 127, 3, 0, 0.1, 1.43936e+06, 124.804
11535, 35333, 127, 3, 0, 0.1, 1.43949e+06, 124.804
11536, 51717, 127, 0, 0, 0.1, 1.43962e+06, 124.804
11537, 51717, 117, 2, 0, 0.1, 1.43973e+06, 124.803
11538, 51717, 117, 0, 0, 0.1, 1.43985e+06, 124.803
11539, 51717, 117, 3, 0, 0.1, 1.43997e+06, 124.802
11540, 59905, 127, 2, 0, 0.1, 1.44009e+06, 124.802
11541, 49162, 127, 2, 0, 0.1, 1.44022e+06, 124.802
11542, 32778, 127, 3, 0, 0.1, 1.44035e+06, 124.803
11543, 32778, 117, 2, 0, 0.1, 1.44046e+06, 124.802
11544, 51206, 127, 3, 0, 0.1, 1.44059e+06, 124.802
11545, 59397, 127, 3, 0, 0.1, 1.44072e+06, 124.802
11546, 63764, 127, 3, 0, 0.1, 1.44084e+06, 124.803
11547, 63493, 127, 1, 0, 0.1, 1.44097e+06, 124.803
11548, 63764, 127, 1, 0, 0.1, 1.4411e+06, 124.803
11549, 59397, 127, 2, 0, 0.1, 1.44123e+06, 124.803
11550, 59397, 117, 3, 0, 0.1, 1.44134e+06, 124.802
11551, 63764, 127, 2, 1, 0.1, 1.44147e+06, 124.803
11552, 63764, 117, 3, 0, 0.1, 1.44159e+06, 124.802
11553, 63493, 127, 3, 0, 0.1, 1.44171e+06, 124.802
11554, 61724, 137, 1, 0, 0.1, 1.44185e+06, 124.803
11555, 61445, 127, 1, 0, 0.1, 1.44198e+06, 124.803
11556, 57604, 127, 2, 0, 0.1, 1.44210e+06, 124.804
11557, 57620, 117, 1, 0, 0.1, 1.44222e+06, 124.803
11558, 49157, 127, 2, 0, 0.1, 1.44235e+06, 124.803
11559, 49157, 117, 2, 0, 0.1, 1.44247e+06, 124.802
11560, 49157, 117, 1, 0, 0.1, 1.44258e+06, 124.802
11561, 32774, 127, 3, 0, 0.1, 1.44271e+06, 124.802
11562, 49157, 127, 3, 0, 0.1, 1.44284e+06, 124.802
11563, 57604, 127, 0, 0, 0.1, 1.44296e+06, 124.802
11564, 57626, 127, 0, 0, 0.1, 1.44309e+06, 124.802
11565, 61722, 127, 0, 0, 0.1, 1.44322e+06, 124.803
11566, 64272, 127, 2, 0, 0.1, 1.44334e+06, 124.803
11567, 61706, 127, 2, 0, 0.1, 1.44347e+06, 124.803
11568, 57610, 127, 1, 1, 0.1, 1.4436e+06, 124.803
11569, 57610, 117, 0, 0, 0.1, 1.44372e+06, 124.803
11570, 61706, 127, 0, 0, 0.1, 1.44384e+06, 124.803
11571, 64256, 127, 3, 0, 0.1, 1.44397e+06, 124.803
11572, 57861, 137, 2, 0, 0.1, 1.44411e+06, 124.804
11573, 57861, 117, 0, 0, 0.1, 1.44422e+06, 124.803
11574, 57861, 117, 2, 0, 0.1, 1.44434e+06, 124.803
11575, 57861, 117, 1, 0, 0.1, 1.44446e+06, 124.802
11576, 58112, 127, 1, 0, 0.1, 1.44458e+06, 124.802
11577, 16901, 127, 2, 0, 0.1, 1.44471e+06, 124.802
11578, 16901, 117, 0, 0, 0.1, 1.44483e+06, 124.802
11579, 16901, 117, 2, 0, 0.1, 1.44495e+06, 124.801
11580, 16901, 117, 3, 0, 0.1, 1.44506e+06, 124.8
11581, 25344, 127, 2, 0, 0.1, 1.44519e+06, 124.801
11582, 16650, 127, 2, 0, 0.1, 1.44532e+06, 124.801
11583, 16650, 127, 0, 0, 0.1, 1.44544e+06, 124.801
11584, 16650, 127, 2, 0, 0.1, 1.44557e+06, 124.801
11585, 16666, 127, 2, 0, 0.1, 1.4457e+06, 124.801
11586, 24852, 127, 1, 0, 0.1, 1.44582e+06, 124.801
11587, 16389, 127, 1, 0, 0.1, 1.44595e+06, 124.802
11588, 6, 127, 1, 0, 0.1, 1.44608e+06, 124.802
11589, 6, 117, 0, 0, 0.1, 1.4462e+06, 124.801
11590, 10, 127, 1, 0, 0.1, 1.44632e+06, 124.801
11591, 10, 117, 0, 1, 0.1, 1.44644e+06, 124.801
11592, 10, 127, 0, 0, 0.1, 1.44657e+06, 124.801
11593, 513, 127, 2, 0, 0.1, 1.44669e+06, 124.801
11594, 10, 127, 2, 0, 0.1, 1.44682e+06, 124.801
11595, 10, 127, 0, 0, 0.1, 1.44695e+06, 124.801
11596, 10, 127, 2, 0, 0.1, 1.44708e+06, 124.802
11597, 10, 127, 3, 0, 0.1, 1.4472e+06, 124.802
11598, 10, 117, 3, 0, 0.1, 1.44732e+06, 124.801
11599, 10, 117, 0, 0, 0.1, 1.44744e+06, 124.8
11600, 10, 127, 1, 0, 0.1, 1.44756e+06, 124.801
11601, 10, 117, 2, 0, 0.1, 1.44768e+06, 124.8
11602, 10, 127, 2, 0, 0.1, 1.44781e+06, 124.8
11603, 6, 127, 1, 0, 0.1, 1.44793e+06, 124.8
11604, 6, 117, 2, 0, 0.1, 1.44805e+06, 124.8
11605, 6, 117, 0, 0, 0.1, 1.44817e+06, 124.799
11606, 10, 127, 0, 1, 0.1, 1.4483e+06, 124.799
11607, 10, 127, 1, 1, 0.1, 1.44842e+06, 124.799
11608, 10, 117, 2, 0, 0.1, 1.44854e+06, 124.799
11609, 10, 127, 3, 1, 0.1, 1.44867e+06, 124.799
11610, 10, 117, 1, 0, 0.1, 1.44878e+06, 124.798
11611, 10, 117, 2, 0, 0.1, 1.4489e+06, 124.798
11612, 6, 127, 2, 0, 0.1, 1.44903e+06, 124.798
11613, 6, 117, 0, 1, 0.1, 1.44914e+06, 124.797
11614, 10, 127, 0, 0, 0.1, 1.44927e+06, 124.797
11615, 10, 127, 3, 0, 0.1, 1.4494e+06, 124.797
11616, 10, 117, 3, 0, 0.1, 1.44952e+06, 124.797
11617, 10, 117, 2, 0, 0.1, 1.44963e+06, 124.796
11618, 10, 127, 2, 0, 0.1, 1.44976e+06, 124.796
11619, 6, 127, 1, 0, 0.1, 1.44989e+06, 124.797
11620, 6, 117, 3, 0, 0.1, 1.45e+06, 124.796
11621, 16389, 127, 3, 0, 0.1, 1.45013e+06, 124.796
11622, 24852, 127, 3, 0, 0.1, 1.45026e+06, 124.796
11623, 28677, 127, 3, 0, 0.1, 1.45038e+06, 124.796
11624, 28940, 127, 0, 0, 0.1, 1.45051e+06, 124.797
11625, 266, 137, 3, 0, 0.1, 1.45065e+06, 124.798
11626, 266, 117, 2, 1, 0.1, 1.45076e+06, 124.797
11627, 268, 127, 2, 0, 0.1, 1.45089e+06, 124.797
11628, 268, 117, 1, 0, 0.1, 1.45101e+06, 124.797
11629, 5, 127, 1, 0, 0.1, 1.45114e+06, 124.797
11630, 260, 127, 0, 0, 0.1, 1.45126e+06, 124.797
11631, 266, 127, 2, 0, 0.1, 1.45139e+06, 124.797
11632, 260, 127, 2, 0, 0.1, 1.45152e+06, 124.797
11633, 260, 117, 2, 0, 0.1, 1.45163e+06, 124.797
11634, 260, 117, 2, 0, 0.1, 1.45175e+06, 124.796
11635, 260, 117, 3, 0, 0.1, 1.45187e+06, 124.795
11636, 5, 127, 3, 0, 0.1, 1.452e+06, 124.795
11637, 268, 127, 1, 1, 0.1, 1.45212e+06, 124.796
11638, 5, 127, 2, 0, 0.1, 1.45225e+06, 124.796
11639, 5, 117, 0, 0, 0.1, 1.45237e+06, 124.795
11640, 5, 117, 1, 0, 0.1, 1.45248e+06, 124.794
11641, 276, 127, 1, 0, 0.1, 1.45261e+06, 124.795
11642, 5, 127, 2, 0, 0.1, 1.45274e+06, 124.795
11643, 5, 117, 0, 0, 0.1, 1.45285e+06, 124.794
11644, 5, 117, 3, 0, 0.1, 1.45297e+06, 124.794
11645, 260, 127, 1, 0, 0.1, 1.4531e+06, 124.794
11646, 5, 127, 0, 0, 0.1, 1.45322e+06, 124.794
11647, 5, 117, 2, 0, 0.1, 1.45334e+06, 124.793
11648, 5, 117, 3, 0, 0.1, 1.45346e+06, 124.793
11649, 260, 127, 0, 0, 0.1, 1.45359e+06, 124.793
11650, 266, 127, 0, 1, 0.1, 1.45371e+06, 124.793
11651, 16650, 127, 0, 0, 0.1, 1.45384e+06, 124.793
11652, 25344, 127, 2, 0, 0.1, 1.45397e+06, 124.793
11653, 16650, 127, 0, 0, 0.1, 1.45409e+06, 124.794
11654, 25344, 127, 3, 0, 0.1, 1.45422e+06, 124.794
11655, 16901, 127, 2, 0, 0.1, 1.45435e+06, 124.794
11656, 16901, 117, 3, 0, 0.1, 1.45446e+06, 124.793
11657, 25352, 127, 3, 0, 0.1, 1.45459e+06, 124.793
11658, 25352, 117, 0, 0, 0.1, 1.45471e+06, 124.793
11659, 28938, 127, 0, 0, 0.1, 1.45484e+06, 124.793
11660, 28938, 127, 1, 0, 0.1, 1.45496e+06, 124.793
11661, 28938, 117, 2, 0, 0.1, 1.45508e+06, 124.792
11662, 28938, 127, 2, 0, 0.1, 1.45521e+06, 124.793
11663, 25352, 127, 1, 0, 0.1, 1.45533e+06, 124.793
11664, 16901, 127, 2, 0, 0.1, 1.45546e+06, 124.793
11665, 16901, 117, 0, 0, 0.1, 1.45558e+06, 124.792
11666, 16901, 117, 1, 0, 0.1, 1.4557e+06, 124.792
11667, 25344, 127, 2, 0, 0.1, 1.45582e+06, 124.792
11668, 16650, 127, 0, 0, 0.1, 1.45595e+06, 124.792
11669, 25344, 127, 3, 0, 0.1, 1.45608e+06, 124.792
11670, 16901, 127, 3, 0, 0.1, 1.4562e+06, 124.792
11671, 25352, 127, 3, 0, 0.1, 1.45633e+06, 124.793
11672, 25352, 117, 0, 0, 0.1, 1.45645e+06, 124.792
11673, 28938, 127, 2, 0, 0.1, 1.45657e+06, 124.792
11674, 25352, 127, 2, 0, 0.1, 1.4567e+06, 124.792
11675, 16650, 127, 1, 1, 0.1, 1.45683e+06, 124.793
11676, 16650, 117, 2, 0, 0.1, 1.45694e+06, 124.792
11677, 266, 127, 0, 0, 0.1, 1.45707e+06, 124.792
11678, 16650, 127, 0, 0, 0.1, 1.4572e+06, 124.792
11679, 25352, 127, 1, 0, 0.1, 1.45733e+06, 124.792
11680, 16901, 127, 3, 0, 0.1, 1.45745e+06, 124.793
11681, 25352, 127, 2, 0, 0.1, 1.45758e+06, 124.793
11682, 16650, 127, 0, 0, 0.1, 1.45771e+06, 124.793
11683, 25352, 127, 3, 0, 0.1, 1.45783e+06, 124.793
11684, 25352, 117, 1, 1, 0.1, 1.45795e+06, 124.793
11685, 16901, 127, 3, 0, 0.1, 1.45808e+06, 124.793
11686, 25352, 127, 2, 0, 0.1, 1.45820e+06, 124.793
11687, 16650, 127, 0, 0, 0.1, 1.45833e+06, 124.793
11688, 25352, 127, 3, 0, 0.1, 1.45846e+06, 124.793
11689, 25352, 117, 0, 0, 0.1, 1.45858e+06, 124.793
11690, 28938, 127, 0, 0, 0.1, 1.4587e+06, 124.793
11691, 28954, 127, 2, 0, 0.1, 1.45883e+06, 124.793
11692, 28954, 127, 2, 0, 0.1, 1.45896e+06, 124.793
11693, 25368, 127, 1, 0, 0.1, 1.45908e+06, 124.793
11694, 16901, 127, 0, 0, 0.1, 1.45921e+06, 124.794
11695, 16901, 117, 3, 0, 0.1, 1.45933e+06, 124.793
11696, 25368, 127, 1, 0, 0.1, 1.45946e+06, 124.793
11697, 17029, 127, 1, 0, 0.1, 1.45958e+06, 124.793
11698, 25472, 127, 1, 0, 0.1, 1.45971e+06, 124.793
11699, 17029, 127, 3, 0, 0.1, 1.45984e+06, 124.794
11700, 25376, 77, 2, 0, 0.1, 1.45991e+06, 124.79
11701, 29960, 127, 1, 0, 0.1, 1.46004e+06, 124.79
11702, 28677, 127, 3, 0, 0.1, 1.46017e+06, 124.79
11703, 29960, 127, 0, 0, 0.1, 1.46029e+06, 124.79
11704, 29962, 127, 2, 0, 0.1, 1.46042e+06, 124.79
11705, 29960, 127, 2, 0, 0.1, 1.46055e+06, 124.79
11706, 29962, 127, 2, 1, 0.1, 1.46068e+06, 124.791
11707, 32002, 137, 2, 0, 0.1, 1.46081e+06, 124.792
11708, 29962, 137, 0, 0, 0.1, 1.46095e+06, 124.793
11709, 32002, 127, 0, 0, 0.1, 1.46108e+06, 124.793
11710, 29962, 127, 0, 0, 0.1, 1.4612e+06, 124.793
11711, 29960, 127, 0, 0, 0.1, 1.46133e+06, 124.793
11712, 29962, 127, 2, 0, 0.1, 1.46146e+06, 124.794
11713, 29960, 127, 2, 0, 0.1, 1.46158e+06, 124.794
11714, 29962, 127, 2, 0, 0.1, 1.46171e+06, 124.794
11715, 32002, 127, 2, 0, 0.1, 1.46184e+06, 124.794
11716, 29962, 127, 2, 0, 0.1, 1.46196e+06, 124.794
11717, 32512, 137, 1, 1, 0.1, 1.4621e+06, 124.795
11718, 31237, 127, 1, 0, 0.1, 1.46223e+06, 124.796
11719, 31492, 127, 0, 0, 0.1, 1.46236e+06, 124.796
11720, 28938, 137, 0, 0, 0.1, 1.46249e+06, 124.797
11721, 29448, 137, 3, 0, 0.1, 1.46263e+06, 124.798
11722, 29448, 117, 0, 0, 0.1, 1.46275e+06, 124.797
11723, 28938, 137, 0, 0, 0.1, 1.46288e+06, 124.798
11724, 28930, 127, 3, 0, 0.1, 1.46301e+06, 124.798
11725, 24581, 127, 3, 0, 0.1, 1.46314e+06, 124.799
11726, 29960, 127, 1, 0, 0.1, 1.46326e+06, 124.799
11727, 24581, 127, 3, 0, 0.1, 1.46339e+06, 124.799
11728, 29976, 127, 0, 0, 0.1, 1.46352e+06, 124.799
11729, 29978, 127, 2, 0, 0.1, 1.46365e+06, 124.799
11730, 29976, 127, 2, 0, 0.1, 1.46377e+06, 124.799
11731, 29978, 127, 2, 0, 0.1, 1.4639e+06, 124.8
11732, 32018, 127, 3, 0, 0.1, 1.46403e+06, 124.8
11733, 30725, 137, 3, 0, 0.1, 1.46416e+06, 124.801
11734, 31012, 127, 0, 0, 0.1, 1.46429e+06, 124.801
11735, 28938, 137, 2, 0, 0.1, 1.46443e+06, 124.802
11736, 30980, 77, 2, 0, 0.1, 1.46450e+06, 124.798
11737, 29960, 137, 1, 0, 0.1, 1.46464e+06, 124.799
11738, 28677, 127, 1, 0, 0.1, 1.46477e+06, 124.799
11739, 29954, 127, 2, 0, 0.1, 1.4649e+06, 124.799
11740, 29962, 127, 2, 0, 0.1, 1.46502e+06, 124.8
11741, 29960, 127, 2, 0, 0.1, 1.46515e+06, 124.8
11742, 24842, 137, 0, 0, 0.1, 1.46529e+06, 124.801
11743, 16648, 127, 0, 0, 0.1, 1.46541e+06, 124.801
11744, 24842, 127, 2, 0, 0.1, 1.46554e+06, 124.801
11745, 16648, 127, 0, 0, 0.1, 1.46567e+06, 124.801
11746, 24842, 127, 0, 1, 0.1, 1.4658e+06, 124.802
11747, 28930, 127, 1, 1, 0.1, 1.46592e+06, 124.802
11748, 28930, 117, 0, 0, 0.1, 1.46604e+06, 124.801
11749, 28938, 127, 0, 0, 0.1, 1.46617e+06, 124.801
11750, 30978, 137, 3, 0, 0.1, 1.4663e+06, 124.802
11751, 30725, 137, 3, 0, 0.1, 1.46644e+06, 124.803
11752, 25864, 137, 0, 0, 0.1, 1.46658e+06, 124.804
11753, 29962, 127, 2, 0, 0.1, 1.4667e+06, 124.805
11754, 25864, 127, 1, 0, 0.1, 1.46683e+06, 124.805
11755, 28677, 127, 3, 0, 0.1, 1.46696e+06, 124.805
11756, 25864, 127, 0, 0, 0.1, 1.46708e+06, 124.805
11757, 29962, 127, 2, 0, 0.1, 1.46721e+06, 124.805
11758, 25864, 127, 0, 0, 0.1, 1.46734e+06, 124.806
11759, 29962, 127, 2, 0, 0.1, 1.46747e+06, 124.806
11760, 25864, 127, 2, 0, 0.1, 1.46759e+06, 124.806
11761, 29962, 127, 0, 0, 0.1, 1.46772e+06, 124.806
11762, 25864, 127, 1, 0, 0.1, 1.46785e+06, 124.806
11763, 28677, 127, 3, 0, 0.1, 1.46797e+06, 124.806
11764, 25864, 127, 2, 0, 0.1, 1.4681e+06, 124.807
11765, 29962, 127, 0, 0, 0.1, 1.46823e+06, 124.807
11766, 25864, 127, 0, 1, 0.1, 1.46836e+06, 124.807
11767, 29962, 127, 2, 0, 0.1, 1.46848e+06, 124.807
11768, 25864, 127, 1, 0, 0.1, 1.46861e+06, 124.807
11769, 28677, 127, 1, 0, 0.1, 1.46874e+06, 124.808
11770, 28930, 127, 0, 0, 0.1, 1.46886e+06, 124.808
11771, 28938, 137, 0, 0, 0.1, 1.469e+06, 124.809
11772, 29192, 137, 2, 0, 0.1, 1.46914e+06, 124.81
11773, 28682, 127, 0, 0, 0.1, 1.46926e+06, 124.81
11774, 29192, 127, 2, 0, 0.1, 1.46939e+06, 124.81
11775, 28682, 127, 2, 0, 0.1, 1.46952e+06, 124.81
11776, 24578, 127, 3, 0, 0.1, 1.46964e+06, 124.811
11777, 16389, 127, 3, 0, 0.1, 1.46977e+06, 124.811
11778, 25864, 127, 0, 0, 0.1, 1.4699e+06, 124.811
11779, 29962, 127, 1, 1, 0.1, 1.47003e+06, 124.811
11780, 29962, 117, 3, 1, 0.1, 1.47014e+06, 124.811
11781, 29962, 117, 2, 0, 0.1, 1.47026e+06, 124.81
11782, 25864, 127, 2, 1, 0.1, 1.47039e+06, 124.81
11783, 29978, 127, 2, 0, 0.1, 1.47051e+06, 124.81
11784, 29976, 127, 2, 0, 0.1, 1.47064e+06, 124.81
11785, 29978, 137, 0, 0, 0.1, 1.47078e+06, 124.811
11786, 29976, 127, 3, 0, 0.1, 1.47090e+06, 124.812
11787, 29960, 67, 3, 0, 0.1, 1.47097e+06, 124.807
11788, 29962, 117, 3, 0, 0.1, 1.47109e+06, 124.806
11789, 29962, 117, 0, 0, 0.1, 1.47121e+06, 124.805
11790, 30472, 127, 1, 0, 0.1, 1.47133e+06, 124.806
11791, 29189, 127, 1, 0, 0.1, 1.47146e+06, 124.806
11792, 29954, 137, 2, 0, 0.1, 1.4716e+06, 124.807
11793, 29962, 137, 0, 1, 0.1, 1.47173e+06, 124.808
11794, 29954, 127, 3, 1, 0.1, 1.47186e+06, 124.808
11795, 24581, 127, 0, 1, 0.1, 1.47199e+06, 124.808
11796, 24581, 117, 3, 0, 0.1, 1.47210e+06, 124.808
11797, 29960, 127, 2, 0, 0.1, 1.47223e+06, 124.808
11798, 29962, 127, 2, 0, 0.1, 1.47236e+06, 124.808
11799, 30472, 137, 1, 0, 0.1, 1.4725e+06, 124.809
11800, 29189, 137, 1, 0, 0.1, 1.47263e+06, 124.81
11801, 29954, 137, 3, 0, 0.1, 1.47277e+06, 124.811
11802, 28677, 127, 3, 0, 0.1, 1.4729e+06, 124.811
11803, 29960, 127, 1, 1, 0.1, 1.47302e+06, 124.811
11804, 28677, 127, 3, 0, 0.1, 1.47315e+06, 124.812
11805, 29960, 127, 2, 0, 0.1, 1.47328e+06, 124.812
11806, 29962, 137, 0, 0, 0.1, 1.47342e+06, 124.813
11807, 29960, 127, 1, 0, 0.1, 1.47354e+06, 124.813
11808, 28677, 127, 3, 0, 0.1, 1.47367e+06, 124.813
11809, 29960, 127, 1, 0, 0.1, 1.4738e+06, 124.813
11810, 28677, 127, 1, 0, 0.1, 1.47392e+06, 124.814
11811, 29954, 127, 2, 0, 0.1, 1.47405e+06, 124.814
11812, 29962, 137, 1, 1, 0.1, 1.47419e+06, 124.815
11813, 29962, 117, 3, 1, 0.1, 1.4743e+06, 124.814
11814, 29962, 117, 1, 1, 0.1, 1.47442e+06, 124.813
11815, 29962, 117, 0, 0, 0.1, 1.47454e+06, 124.813
11816, 29954, 127, 3, 0, 0.1, 1.47466e+06, 124.813
11817, 24581, 127, 1, 0, 0.1, 1.47479e+06, 124.813
11818, 29954, 127, 2, 0, 0.1, 1.47492e+06, 124.813
11819, 29962, 127, 2, 0, 0.1, 1.47505e+06, 124.814
11820, 29448, 137, 1, 0, 0.1, 1.47518e+06, 124.815
11821, 28677, 137, 3, 1, 0.1, 1.47532e+06, 124.816
11822, 24840, 127, 1, 0, 0.1, 1.47545e+06, 124.816
11823, 28677, 127, 3, 0, 0.1, 1.47557e+06, 124.816
11824, 24840, 127, 0, 0, 0.1, 1.4757e+06, 124.816
11825, 16650, 127, 0, 0, 0.1, 1.47583e+06, 124.816
11826, 16642, 127, 1, 1, 0.1, 1.47596e+06, 124.816
11827, 16642, 117, 2, 0, 0.1, 1.47607e+06, 124.816
11828, 16650, 127, 2, 0, 0.1, 1.4762e+06, 124.816
11829, 24840, 127, 2, 0, 0.1, 1.47633e+06, 124.816
11830, 28938, 127, 0, 0, 0.1, 1.47645e+06, 124.816
11831, 24840, 127, 2, 0, 0.1, 1.47658e+06, 124.817
11832, 28938, 127, 0, 0, 0.1, 1.47671e+06, 124.817
11833, 24840, 127, 1, 0, 0.1, 1.47683e+06, 124.817
11834, 28677, 127, 3, 0, 0.1, 1.47696e+06, 124.817
11835, 24840, 127, 1, 1, 0.1, 1.47709e+06, 124.817
11836, 28677, 127, 3, 0, 0.1, 1.47722e+06, 124.817
11837, 24840, 127, 0, 0, 0.1, 1.47734e+06, 124.818
11838, 16650, 127, 2, 0, 0.1, 1.47747e+06, 124.818
11839, 24840, 127, 2, 1, 0.1, 1.4776e+06, 124.818
11840, 28938, 127, 0, 0, 0.1, 1.47772e+06, 124.818
11841, 24840, 127, 1, 0, 0.1, 1.47785e+06, 124.818
11842, 28677, 127, 3, 0, 0.1, 1.47798e+06, 124.819
11843, 24840, 127, 0, 0, 0.1, 1.4781e+06, 124.819
11844, 16666, 127, 1, 0, 0.1, 1.47823e+06, 124.819
11845, 16650, 67, 3, 0, 0.1, 1.4783e+06, 124.814
11846, 29962, 117, 2, 0, 0.1, 1.47842e+06, 124.813
11847, 30472, 137, 2, 0, 0.1, 1.47855e+06, 124.814
11848, 29962, 137, 0, 1, 0.1, 1.47869e+06, 124.815
11849, 30472, 127, 2, 0, 0.1, 1.47882e+06, 124.816
11850, 29962, 127, 2, 1, 0.1, 1.47894e+06, 124.816
11851, 32002, 127, 1, 1, 0.1, 1.47907e+06, 124.816
11852, 32002, 117, 3, 0, 0.1, 1.47919e+06, 124.815
11853, 30725, 127, 1, 0, 0.1, 1.47931e+06, 124.816
11854, 32130, 127, 2, 0, 0.1, 1.47944e+06, 124.816
11855, 29962, 137, 0, 0, 0.1, 1.47958e+06, 124.817
11856, 27906, 127, 0, 0, 0.1, 1.47970e+06, 124.817
11857, 29962, 127, 0, 0, 0.1, 1.47983e+06, 124.817
11858, 30472, 127, 1, 0, 0.1, 1.47996e+06, 124.817
11859, 29189, 137, 1, 0, 0.1, 1.4801e+06, 124.818
11860, 25858, 137, 1, 0, 0.1, 1.48023e+06, 124.819
11861, 25858, 117, 2, 0, 0.1, 1.48035e+06, 124.819
11862, 29962, 127, 0, 0, 0.1, 1.48048e+06, 124.819
11863, 25858, 127, 0, 0, 0.1, 1.4806e+06, 124.819
11864, 29962, 127, 2, 0, 0.1, 1.48073e+06, 124.819
11865, 25858, 127, 2, 0, 0.1, 1.48086e+06, 124.819
11866, 29962, 127, 0, 0, 0.1, 1.48098e+06, 124.82
11867, 25858, 127, 0, 0, 0.1, 1.48111e+06, 124.82
11868, 29962, 127, 2, 0, 0.1, 1.48124e+06, 124.82
11869, 25858, 127, 2, 0, 0.1, 1.48137e+06, 124.82
11870, 29962, 127, 1, 1, 0.1, 1.48149e+06, 124.82
11871, 29962, 117, 0, 0, 0.1, 1.48161e+06, 124.82
11872, 25858, 127, 2, 0, 0.1, 1.48174e+06, 124.82
11873, 29962, 127, 0, 0, 0.1, 1.48186e+06, 124.82
11874, 25858, 127, 2, 0, 0.1, 1.48199e+06, 124.82
11875, 29962, 127, 2, 0, 0.1, 1.48212e+06, 124.82
11876, 29960, 127, 2, 0, 0.1, 1.48224e+06, 124.821
11877, 29962, 137, 3, 0, 0.1, 1.48238e+06, 124.822
11878, 29962, 117, 2, 0, 0.1, 1.4825e+06, 124.821
11879, 31492, 137, 3, 0, 0.1, 1.48264e+06, 124.822
11880, 31237, 127, 2, 0, 0.1, 1.48276e+06, 124.822
11881, 31237, 117, 1, 0, 0.1, 1.48288e+06, 124.822
11882, 31492, 127, 3, 0, 0.1, 1.48301e+06, 124.822
11883, 31237, 127, 0, 0, 0.1, 1.48313e+06, 124.822
11884, 31237, 117, 3, 0, 0.1, 1.48325e+06, 124.821
11885, 32528, 127, 2, 0, 0.1, 1.48338e+06, 124.821
11886, 29978, 137, 2, 0, 0.1, 1.48352e+06, 124.822
11887, 29978, 137, 3, 0, 0.1, 1.48365e+06, 124.823
11888, 29962, 67, 3, 0, 0.1, 1.48372e+06, 124.819
11889, 29962, 117, 2, 0, 0.1, 1.48384e+06, 124.818
11890, 30472, 137, 0, 0, 0.1, 1.48397e+06, 124.819
11891, 29962, 127, 2, 0, 0.1, 1.4841e+06, 124.819
11892, 30472, 127, 2, 0, 0.1, 1.48423e+06, 124.819
11893, 29962, 137, 2, 0, 0.1, 1.48436e+06, 124.82
11894, 27906, 127, 0, 0, 0.1, 1.48449e+06, 124.821
11895, 29962, 127, 2, 0, 0.1, 1.48462e+06, 124.821
11896, 27906, 127, 2, 0, 0.1, 1.48474e+06, 124.821
11897, 29962, 127, 2, 0, 0.1, 1.48487e+06, 124.821
11898, 32512, 127, 1, 0, 0.1, 1.485e+06, 124.821
11899, 31237, 137, 0, 0, 0.1, 1.48514e+06, 124.822
11900, 31237, 117, 0, 0, 0.1, 1.48525e+06, 124.822
11901, 31237, 117, 3, 0, 0.1, 1.48537e+06, 124.821
11902, 32512, 127, 2, 0, 0.1, 1.4855e+06, 124.821
11903, 24842, 137, 3, 0, 0.1, 1.48563e+06, 124.822
11904, 24842, 117, 0, 0, 0.1, 1.48575e+06, 124.822
11905, 31488, 127, 0, 0, 0.1, 1.48588e+06, 124.822
11906, 24842, 127, 0, 0, 0.1, 1.48600e+06, 124.822
11907, 27010, 127, 1, 0, 0.1, 1.48613e+06, 124.822
11908, 26882, 117, 0, 1, 0.1, 1.48625e+06, 124.821
11909, 28938, 127, 0, 0, 0.1, 1.48638e+06, 124.822
11910, 29448, 127, 2, 0, 0.1, 1.4865e+06, 124.822
11911, 28938, 127, 2, 0, 0.1, 1.48663e+06, 124.822
11912, 26882, 127, 0, 0, 0.1, 1.48676e+06, 124.822
11913, 28938, 127, 2, 0, 0.1, 1.48688e+06, 124.822
11914, 26882, 127, 1, 1, 0.1, 1.48701e+06, 124.823
11915, 26882, 117, 3, 0, 0.1, 1.48713e+06, 124.822
11916, 30725, 127, 1, 0, 0.1, 1.48726e+06, 124.822
11917, 26882, 127, 2, 0, 0.1, 1.48738e+06, 124.822
11918, 24842, 127, 0, 0, 0.1, 1.48751e+06, 124.822
11919, 26882, 127, 0, 0, 0.1, 1.48764e+06, 124.823
11920, 28938, 127, 2, 0, 0.1, 1.48776e+06, 124.823
11921, 26882, 127, 3, 0, 0.1, 1.48789e+06, 124.823
11922, 30725, 127, 2, 0, 0.1, 1.48802e+06, 124.823
11923, 30725, 117, 1, 0, 0.1, 1.48813e+06, 124.823
11924, 26882, 127, 0, 0, 0.1, 1.48826e+06, 124.823
11925, 28938, 127, 2, 0, 0.1, 1.48839e+06, 124.823
11926, 26882, 127, 0, 0, 0.1, 1.48852e+06, 124.823
11927, 28938, 127, 3, 0, 0.1, 1.48864e+06, 124.823
11928, 28938, 117, 0, 0, 0.1, 1.48876e+06, 124.823
11929, 29448, 127, 1, 0, 0.1, 1.48889e+06, 124.823
11930, 29189, 137, 3, 0, 0.1, 1.48902e+06, 124.824
11931, 29448, 127, 0, 0, 0.1, 1.48915e+06, 124.824
11932, 28938, 127, 2, 0, 0.1, 1.48928e+06, 124.824
11933, 29448, 127, 3, 0, 0.1, 1.4894e+06, 124.824
11934, 29448, 117, 1, 0, 0.1, 1.48952e+06, 124.824
11935, 29189, 127, 1, 0, 0.1, 1.48965e+06, 124.824
11936, 29954, 137, 2, 0, 0.1, 1.48978e+06, 124.825
11937, 29962, 127, 0, 0, 0.1, 1.48991e+06, 124.825
11938, 29954, 127, 0, 0, 0.1, 1.49004e+06, 124.825
11939, 29962, 137, 3, 0, 0.1, 1.49018e+06, 124.826
11940, 29962, 117, 2, 0, 0.1, 1.49029e+06, 124.826
11941, 29954, 127, 3, 0, 0.1, 1.49042e+06, 124.826
11942, 24581, 127, 0, 0, 0.1, 1.49055e+06, 124.826
11943, 24581, 117, 2, 1, 0.1, 1.49066e+06, 124.825
11944, 24581, 117, 0, 0, 0.1, 1.49078e+06, 124.825
11945, 24581, 117, 1, 0, 0.1, 1.4909e+06, 124.824
11946, 29954, 127, 2, 0, 0.1, 1.49102e+06, 124.824
11947, 29962, 127, 2, 0, 0.1, 1.49115e+06, 124.824
11948, 30472, 137, 1, 0, 0.1, 1.49129e+06, 124.825
11949, 29189, 127, 1, 0, 0.1, 1.49142e+06, 124.826
11950, 28934, 137, 0, 1, 0.1, 1.49155e+06, 124.827
11951, 28938, 127, 2, 0, 0.1, 1.49168e+06, 124.827
11952, 28934, 127, 3, 0, 0.1, 1.49181e+06, 124.827
11953, 24581, 127, 1, 0, 0.1, 1.49193e+06, 124.827
11954, 28934, 127, 1, 0, 0.1, 1.49206e+06, 124.827
11955, 28934, 117, 3, 0, 0.1, 1.49218e+06, 124.827
11956, 24581, 127, 3, 0, 0.1, 1.49230e+06, 124.827
11957, 29960, 127, 1, 0, 0.1, 1.49243e+06, 124.827
11958, 24581, 127, 1, 0, 0.1, 1.49256e+06, 124.827
11959, 28934, 127, 1, 0, 0.1, 1.49269e+06, 124.827
11960, 28934, 117, 0, 1, 0.1, 1.4928e+06, 124.827
11961, 28938, 127, 2, 0, 0.1, 1.49293e+06, 124.827
11962, 28934, 127, 3, 1, 0.1, 1.49306e+06, 124.827
11963, 24581, 127, 3, 0, 0.1, 1.49318e+06, 124.827
11964, 29960, 127, 1, 1, 0.1, 1.49331e+06, 124.827
11965, 24581, 127, 3, 0, 0.1, 1.49344e+06, 124.828
11966, 29960, 127, 1, 0, 0.1, 1.49356e+06, 124.828
11967, 24581, 127, 1, 0, 0.1, 1.49369e+06, 124.828
11968, 28934, 127, 3, 0, 0.1, 1.49382e+06, 124.828
11969, 24581, 127, 1, 1, 0.1, 1.49395e+06, 124.828
11970, 28934, 127, 1, 0, 0.1, 1.49407e+06, 124.829
11971, 28934, 117, 0, 0, 0.1, 1.49419e+06, 124.828
11972, 28938, 127, 0, 0, 0.1, 1.49432e+06, 124.828
11973, 24585, 137, 3, 0, 0.1, 1.49445e+06, 124.829
11974, 24585, 117, 0, 0, 0.1, 1.49457e+06, 124.828
11975, 24585, 117, 1, 0, 0.1, 1.49469e+06, 124.828
11976, 28677, 127, 3, 1, 0.1, 1.49482e+06, 124.828
11977, 24585, 127, 3, 0, 0.1, 1.49494e+06, 124.828
11978, 24585, 117, 1, 1, 0.1, 1.49506e+06, 124.828
11979, 28677, 127, 3, 0, 0.1, 1.49519e+06, 124.828
11980, 24585, 127, 3, 0, 0.1, 1.49531e+06, 124.828
11981, 24585, 117, 2, 0, 0.1, 1.49543e+06, 124.827
11982, 16394, 127, 2, 0, 0.1, 1.49556e+06, 124.827
11983, 16390, 127, 1, 0, 0.1, 1.49568e+06, 124.828
11984, 16390, 117, 3, 0, 0.1, 1.4958e+06, 124.827
11985, 24581, 127, 3, 1, 0.1, 1.49593e+06, 124.827
11986, 29960, 127, 2, 0, 0.1, 1.49606e+06, 124.827
11987, 29962, 127, 2, 0, 0.1, 1.49618e+06, 124.827
11988, 31492, 137, 1, 0, 0.1, 1.49632e+06, 124.828
11989, 31237, 127, 3, 0, 0.1, 1.49645e+06, 124.829
11990, 31492, 127, 0, 1, 0.1, 1.49657e+06, 124.829
11991, 24842, 127, 3, 0, 0.1, 1.4967e+06, 124.829
11992, 24842, 117, 2, 0, 0.1, 1.49682e+06, 124.828
11993, 31492, 127, 1, 0, 0.1, 1.49694e+06, 124.829
11994, 31237, 127, 1, 0, 0.1, 1.49707e+06, 124.829
11995, 31747, 137, 1, 0, 0.1, 1.49721e+06, 124.83
11996, 31747, 117, 3, 0, 0.1, 1.49732e+06, 124.829
11997, 30725, 127, 3, 0, 0.1, 1.49745e+06, 124.829
11998, 26884, 127, 1, 0, 0.1, 1.49758e+06, 124.829
11999, 30725, 127, 1, 0, 0.1, 1.49771e+06, 124.83
12000, 31747, 127, 1, 0, 0.1, 1.49783e+06, 124.83
12001, 31747, 117, 2, 0, 0.1, 1.49795e+06, 124.829
12002, 29706, 137, 3, 1, 0.1, 1.49809e+06, 124.83
12003, 29706, 117, 0, 0, 0.1, 1.4982e+06, 124.83
12004, 31747, 127, 3, 0, 0.1, 1.49833e+06, 124.83
12005, 26629, 127, 3, 0, 0.1, 1.49846e+06, 124.83
12006, 18692, 127, 3, 0, 0.1, 1.49858e+06, 124.83
12007, 18437, 127, 1, 0, 0.1, 1.49871e+06, 124.83
12008, 18692, 127, 3, 0, 0.1, 1.49884e+06, 124.83
12009, 18437, 127, 2, 0, 0.1, 1.49897e+06, 124.831
12010, 18437, 117, 2, 0, 0.1, 1.49908e+06, 124.83
12011, 18437, 117, 2, 1, 0.1, 1.4992e+06, 124.829
12012, 18437, 117, 1, 0, 0.1, 1.49932e+06, 124.829
12013, 18692, 127, 0, 0, 0.1, 1.49944e+06, 124.829
12014, 266, 127, 2, 0, 0.1, 1.49957e+06, 124.829
12015, 18692, 127, 2, 0, 0.1, 1.4997e+06, 124.829
12016, 18692, 117, 1, 0, 0.1, 1.49982e+06, 124.829
12017, 26629, 127, 1, 1, 0.1, 1.49994e+06, 124.829
12018, 31747, 127, 2, 0, 0.1, 1.50007e+06, 124.829
12019, 29706, 127, 0, 0, 0.1, 1.5002e+06, 124.829
12020, 31747, 127, 2, 0, 0.1, 1.50032e+06, 124.829
12021, 29706, 127, 0, 0, 0.1, 1.50045e+06, 124.829
12022, 31747, 127, 3, 0, 0.1, 1.50058e+06, 124.83
12023, 26629, 127, 1, 0, 0.1, 1.5007e+06, 124.83
12024, 31747, 127, 2, 1, 0.1, 1.50083e+06, 124.83
12025, 29706, 127, 3, 1, 0.1, 1.50096e+06, 124.83
12026, 29706, 117, 2, 0, 0.1, 1.50108e+06, 124.83
12027, 31746, 137, 3, 0, 0.1, 1.50121e+06, 124.831
12028, 30725, 127, 0, 0, 0.1, 1.50134e+06, 124.831
12029, 30725, 117, 1, 1, 0.1, 1.50146e+06, 124.83
12030, 31746, 127, 3, 0, 0.1, 1.50158e+06, 124.83
12031, 30725, 127, 3, 0, 0.1, 1.50171e+06, 124.83
12032, 28681, 137, 3, 0, 0.1, 1.50185e+06, 124.831
12033, 28681, 117, 2, 0, 0.1, 1.50196e+06, 124.831
12034, 63494, 137, 3, 0, 0.1, 1.5021e+06, 124.832
12035, 32773, 137, 1, 0, 0.1, 1.50224e+06, 124.833
12036, 49158, 127, 3, 0, 0.1, 1.50236e+06, 124.833
12037, 32773, 127, 2, 0, 0.1, 1.50249e+06, 124.833
12038, 32773, 117, 1, 0, 0.1, 1.50261e+06, 124.833
12039, 49158, 127, 3, 0, 0.1, 1.50274e+06, 124.833
12040, 32773, 127, 3, 0, 0.1, 1.50286e+06, 124.833
12041, 33036, 127, 0, 0, 0.1, 1.50299e+06, 124.833
12042, 33034, 127, 1, 0, 0.1, 1.50312e+06, 124.833
12043, 33034, 117, 3, 0, 0.1, 1.50323e+06, 124.833
12044, 33034, 117, 1, 0, 0.1, 1.50335e+06, 124.832
12045, 33034, 117, 0, 0, 0.1, 1.50347e+06, 124.831
12046, 49418, 127, 2, 0, 0.1, 1.5036e+06, 124.831
12047, 33034, 127, 2, 0, 0.1, 1.50372e+06, 124.832
12048, 33036, 127, 1, 0, 0.1, 1.50385e+06, 124.832
12049, 32773, 127, 2, 0, 0.1, 1.50398e+06, 124.832
12050, 32773, 117, 3, 0, 0.1, 1.50409e+06, 124.831
12051, 33052, 127, 0, 0, 0.1, 1.50422e+06, 124.832
12052, 33050, 127, 0, 0, 0.1, 1.50435e+06, 124.832
12053, 49434, 127, 1, 0, 0.1, 1.50447e+06, 124.832
12054, 49434, 117, 0, 0, 0.1, 1.50459e+06, 124.831
12055, 59664, 127, 1, 0, 0.1, 1.50472e+06, 124.831
12056, 51205, 127, 1, 0, 0.1, 1.50484e+06, 124.832
12057, 35076, 127, 0, 0, 0.1, 1.50497e+06, 124.832
12058, 33034, 127, 2, 0, 0.1, 1.5051e+06, 124.832
12059, 35076, 127, 0, 0, 0.1, 1.50523e+06, 124.832
12060, 33034, 127, 1, 0, 0.1, 1.50535e+06, 124.832
12061, 33034, 117, 3, 1, 0.1, 1.50547e+06, 124.832
12062, 33034, 117, 0, 0, 0.1, 1.50559e+06, 124.831
12063, 49416, 127, 3, 0, 0.1, 1.50571e+06, 124.831
12064, 49416, 117, 1, 0, 0.1, 1.50583e+06, 124.831
12065, 32773, 127, 1, 0, 0.1, 1.50596e+06, 124.831
12066, 32774, 127, 0, 0, 0.1, 1.50608e+06, 124.831
12067, 49162, 127, 1, 0, 0.1, 1.50621e+06, 124.831
12068, 49162, 117, 1, 0, 0.1, 1.50633e+06, 124.83
12069, 49162, 117, 2, 0, 0.1, 1.50645e+06, 124.83
12070, 32774, 127, 2, 0, 0.1, 1.50657e+06, 124.83
12071, 32774, 117, 0, 0, 0.1, 1.50669e+06, 124.829
12072, 49162, 127, 3, 0, 0.1, 1.50682e+06, 124.83
12073, 49162, 117, 2, 0, 0.1, 1.50693e+06, 124.829
12074, 32774, 127, 1, 0, 0.1, 1.50706e+06, 124.829
12075, 32774, 117, 2, 0, 0.1, 1.50718e+06, 124.828
12076, 32774, 117, 2, 0, 0.1, 1.5073e+06, 124.828
12077, 32774, 117, 3, 0, 0.1, 1.50741e+06, 124.827
12078, 32773, 127, 3, 0, 0.1, 1.50754e+06, 124.827
12079, 49416, 127, 1, 0, 0.1, 1.50767e+06, 124.827
12080, 32773, 127, 0, 0, 0.1, 1.50779e+06, 124.828
12081, 32773, 117, 1, 0, 0.1, 1.50791e+06, 124.827
12082, 32774, 127, 1, 0, 0.1, 1.50804e+06, 124.827
12083, 32774, 117, 0, 0, 0.1, 1.50815e+06, 124.827
12084, 49162, 127, 2, 0, 0.1, 1.50828e+06, 124.827
12085, 32774, 127, 0, 0, 0.1, 1.50841e+06, 124.827
12086, 49162, 127, 2, 0, 0.1, 1.50854e+06, 124.827
12087, 32774, 127, 1, 0, 0.1, 1.50866e+06, 124.827
12088, 32774, 117, 2, 0, 0.1, 1.50878e+06, 124.827
12089, 32774, 117, 0, 0, 0.1, 1.5089e+06, 124.826
12090, 49162, 127, 3, 0, 0.1, 1.50902e+06, 124.826
12091, 49162, 117, 1, 0, 0.1, 1.50914e+06, 124.825
12092, 49162, 117, 3, 0, 0.1, 1.50926e+06, 124.825
12093, 49162, 117, 1, 0, 0.1, 1.50937e+06, 124.824
12094, 49162, 117, 1, 0, 0.1, 1.50949e+06, 124.824
12095, 49162, 117, 0, 0, 0.1, 1.50961e+06, 124.823
12096, 57353, 127, 0, 0, 0.1, 1.50974e+06, 124.823
12097, 57353, 117, 2, 0, 0.1, 1.50985e+06, 124.822
12098, 49162, 127, 1, 0, 0.1, 1.50998e+06, 124.823
12099, 49162, 117, 1, 0, 0.1, 1.5101e+06, 124.822
12100, 49162, 117, 3, 0, 0.1, 1.51021e+06, 124.821
12101, 49162, 117, 0, 0, 0.1, 1.51033e+06, 124.821
12102, 57353, 127, 3, 0, 0.1, 1.51046e+06, 124.821
12103, 57353, 117, 2, 0, 0.1, 1.51057e+06, 124.82
12104, 49162, 127, 3, 0, 0.1, 1.5107e+06, 124.82
12105, 49162, 117, 2, 0, 0.1, 1.51082e+06, 124.82
12106, 32774, 127, 0, 0, 0.1, 1.51094e+06, 124.82
12107, 49162, 127, 2, 0, 0.1, 1.51107e+06, 124.82
12108, 32774, 127, 2, 0, 0.1, 1.5112e+06, 124.82
12109, 32774, 117, 3, 0, 0.1, 1.51132e+06, 124.82
12110, 32773, 127, 1, 1, 0.1, 1.51144e+06, 124.82
12111, 32774, 127, 0, 0, 0.1, 1.51157e+06, 124.82
12112, 49162, 127, 2, 0, 0.1, 1.5117e+06, 124.82
12113, 32774, 127, 3, 0, 0.1, 1.51182e+06, 124.82
12114, 32773, 127, 2, 0, 0.1, 1.51195e+06, 124.821
12115, 32773, 117, 3, 0, 0.1, 1.51207e+06, 124.82
12116, 49432, 127, 0, 0, 0.1, 1.5122e+06, 124.82
12117, 57626, 127, 3, 0, 0.1, 1.51232e+06, 124.82
12118, 57626, 117, 1, 0, 0.1, 1.51244e+06, 124.82
12119, 57610, 117, 0, 0, 0.1, 1.51256e+06, 124.819
12120, 61714, 127, 0, 0, 0.1, 1.51268e+06, 124.819
12121, 61706, 127, 2, 0, 0.1, 1.51281e+06, 124.819
12122, 61698, 127, 0, 0, 0.1, 1.51294e+06, 124.819
12123, 61706, 127, 0, 0, 0.1, 1.51306e+06, 124.82
12124, 63746, 137, 0, 0, 0.1, 1.5132e+06, 124.821
12125, 61706, 137, 1, 0, 0.1, 1.51334e+06, 124.822
12126, 61706, 117, 0, 0, 0.1, 1.51346e+06, 124.821
12127, 62216, 127, 2, 0, 0.1, 1.51358e+06, 124.821
12128, 61706, 127, 3, 0, 0.1, 1.51371e+06, 124.821
12129, 61706, 117, 3, 1, 0.1, 1.51383e+06, 124.821
12130, 61706, 117, 0, 0, 0.1, 1.51394e+06, 124.82
12131, 62216, 127, 3, 1, 0.1, 1.51407e+06, 124.82
12132, 62216, 117, 2, 1, 0.1, 1.51419e+06, 124.82
12133, 61706, 127, 2, 0, 0.1, 1.51431e+06, 124.82
12134, 30978, 127, 0, 0, 0.1, 1.51444e+06, 124.82
12135, 28938, 127, 2, 0, 0.1, 1.51457e+06, 124.82
12136, 30994, 127, 0, 0, 0.1, 1.5147e+06, 124.82
12137, 28954, 127, 2, 0, 0.1, 1.51482e+06, 124.821
12138, 30994, 127, 0, 0, 0.1, 1.51495e+06, 124.821
12139, 28938, 77, 2, 0, 0.1, 1.51503e+06, 124.817
12140, 30472, 137, 1, 0, 0.1, 1.51516e+06, 124.818
12141, 28677, 137, 1, 0, 0.1, 1.5153e+06, 124.819
12142, 29954, 127, 0, 0, 0.1, 1.51543e+06, 124.819
12143, 29962, 137, 2, 0, 0.1, 1.51556e+06, 124.82
12144, 29954, 127, 0, 0, 0.1, 1.51569e+06, 124.82
12145, 29962, 127, 0, 0, 0.1, 1.51582e+06, 124.82
12146, 29954, 137, 2, 0, 0.1, 1.51596e+06, 124.821
12147, 29962, 127, 0, 0, 0.1, 1.51608e+06, 124.822
12148, 29954, 127, 2, 0, 0.1, 1.51621e+06, 124.822
12149, 29962, 127, 2, 1, 0.1, 1.51634e+06, 124.822
12150, 29954, 127, 2, 0, 0.1, 1.51646e+06, 124.822
12151, 24842, 137, 0, 0, 0.1, 1.5166e+06, 124.823
12152, 24834, 127, 3, 1, 0.1, 1.51673e+06, 124.823
12153, 24581, 127, 1, 0, 0.1, 1.51685e+06, 124.823
12154, 24834, 127, 2, 0, 0.1, 1.51698e+06, 124.824
12155, 24842, 127, 2, 0, 0.1, 1.51711e+06, 124.824
12156, 29448, 127, 2, 0, 0.1, 1.51724e+06, 124.824
12157, 28938, 127, 0, 0, 0.1, 1.51736e+06, 124.824
12158, 29448, 127, 1, 0, 0.1, 1.51749e+06, 124.824
12159, 29189, 127, 1, 0, 0.1, 1.51762e+06, 124.824
12160, 28934, 137, 0, 0, 0.1, 1.51775e+06, 124.825
12161, 28938, 137, 3, 0, 0.1, 1.51789e+06, 124.826
12162, 28938, 117, 2, 1, 0.1, 1.51801e+06, 124.826
12163, 28934, 127, 0, 0, 0.1, 1.51813e+06, 124.826
12164, 28938, 127, 0, 0, 0.1, 1.51826e+06, 124.826
12165, 29193, 137, 3, 0, 0.1, 1.5184e+06, 124.827
12166, 29193, 117, 1, 0, 0.1, 1.51852e+06, 124.827
12167, 29189, 127, 3, 0, 0.1, 1.51864e+06, 124.827
12168, 29193, 127, 1, 0, 0.1, 1.51877e+06, 124.827
12169, 29189, 127, 1, 0, 0.1, 1.5189e+06, 124.827
12170, 25858, 137, 2, 0, 0.1, 1.51903e+06, 124.828
12171, 29962, 127, 0, 0, 0.1, 1.51916e+06, 124.828
12172, 25858, 127, 2, 0, 0.1, 1.51929e+06, 124.828
12173, 29962, 127, 2, 0, 0.1, 1.51941e+06, 124.829
12174, 29962, 127, 3, 0, 0.1, 1.51954e+06, 124.829
12175, 29962, 117, 0, 0, 0.1, 1.51966e+06, 124.828
12176, 29962, 127, 2, 0, 0.1, 1.51978e+06, 124.828
12177, 29962, 127, 2, 0, 0.1, 1.51991e+06, 124.829
12178, 29962, 137, 3, 0, 0.1, 1.52005e+06, 124.83
12179, 29962, 117, 2, 0, 0.1, 1.52017e+06, 124.829
12180, 29962, 137, 0, 0, 0.1, 1.5203e+06, 124.83
12181, 29962, 127, 2, 0, 0.1, 1.52043e+06, 124.83
12182, 29962, 127, 2, 0, 0.1, 1.52056e+06, 124.83
12183, 24842, 137, 0, 0, 0.1, 1.52069e+06, 124.831
12184, 16650, 127, 0, 0, 0.1, 1.52082e+06, 124.831
12185, 266, 127, 2, 1, 0.1, 1.52095e+06, 124.832
12186, 16650, 127, 0, 0, 0.1, 1.52108e+06, 124.832
12187, 266, 127, 1, 0, 0.1, 1.5212e+06, 124.832
12188, 266, 117, 2, 0, 0.1, 1.52132e+06, 124.831
12189, 16650, 127, 2, 0, 0.1, 1.52145e+06, 124.831
12190, 24842, 127, 0, 0, 0.1, 1.52157e+06, 124.832
12191, 16650, 127, 0, 0, 0.1, 1.5217e+06, 124.832
12192, 266, 127, 0, 0, 0.1, 1.52183e+06, 124.832
12193, 266, 127, 0, 0, 0.1, 1.52195e+06, 124.832
12194, 16650, 127, 2, 0, 0.1, 1.52208e+06, 124.832
12195, 266, 127, 0, 0, 0.1, 1.52221e+06, 124.833
12196, 16650, 127, 2, 1, 0.1, 1.52234e+06, 124.833
12197, 282, 127, 0, 0, 0.1, 1.52246e+06, 124.833
12198, 16650, 77, 0, 0, 0.1, 1.52254e+06, 124.829
12199, 25864, 137, 1, 0, 0.1, 1.52268e+06, 124.83
12200, 28677, 127, 3, 0, 0.1, 1.5228e+06, 124.83
12201, 25864, 127, 0, 0, 0.1, 1.52293e+06, 124.83
12202, 29962, 127, 2, 0, 0.1, 1.52306e+06, 124.831
12203, 25864, 127, 0, 0, 0.1, 1.52318e+06, 124.831
12204, 29962, 127, 2, 0, 0.1, 1.52331e+06, 124.831
12205, 25864, 127, 0, 0, 0.1, 1.52344e+06, 124.831
12206, 29962, 127, 0, 0, 0.1, 1.52356e+06, 124.831
12207, 32002, 127, 2, 0, 0.1, 1.52369e+06, 124.831
12208, 29962, 127, 0, 0, 0.1, 1.52382e+06, 124.832
12209, 32002, 127, 0, 1, 0.1, 1.52395e+06, 124.832
12210, 29962, 127, 2, 0, 0.1, 1.52407e+06, 124.832
12211, 32002, 127, 2, 0, 0.1, 1.5242e+06, 124.832
12212, 29962, 127, 0, 0, 0.1, 1.52433e+06, 124.832
12213, 32002, 127, 2, 1, 0.1, 1.52445e+06, 124.832
12214, 29962, 127, 0, 0, 0.1, 1.52458e+06, 124.833
12215, 32002, 127, 3, 0, 0.1, 1.52471e+06, 124.833
12216, 26629, 137, 3, 0, 0.1, 1.52484e+06, 124.834
12217, 27649, 127, 2, 1, 0.1, 1.52497e+06, 124.834
12218, 29706, 127, 3, 0, 0.1, 1.5251e+06, 124.834
12219, 29706, 117, 3, 0, 0.1, 1.52522e+06, 124.834
12220, 29706, 117, 0, 0, 0.1, 1.52533e+06, 124.833
12221, 27649, 127, 0, 0, 0.1, 1.52546e+06, 124.833
12222, 27649, 117, 2, 0, 0.1, 1.52558e+06, 124.832
12223, 29706, 127, 3, 0, 0.1, 1.5257e+06, 124.833
12224, 29706, 117, 0, 0, 0.1, 1.52582e+06, 124.832
12225, 27649, 127, 1, 0, 0.1, 1.52595e+06, 124.832
12226, 26629, 127, 3, 0, 0.1, 1.52608e+06, 124.832
12227, 27649, 127, 2, 0, 0.1, 1.5262e+06, 124.832
12228, 29706, 127, 2, 0, 0.1, 1.52633e+06, 124.833
12229, 29706, 127, 0, 0, 0.1, 1.52646e+06, 124.833
12230, 29706, 127, 0, 0, 0.1, 1.52658e+06, 124.833
12231, 27649, 127, 1, 0, 0.1, 1.52671e+06, 124.833
12232, 26629, 127, 3, 0, 0.1, 1.52684e+06, 124.833
12233, 27649, 127, 1, 0, 0.1, 1.52696e+06, 124.834
12234, 26629, 127, 3, 0, 0.1, 1.52709e+06, 124.834
12235, 27649, 127, 2, 0, 0.1, 1.52722e+06, 124.834
12236, 29706, 127, 0, 0, 0.1, 1.52734e+06, 124.834
12237, 27777, 127, 3, 0, 0.1, 1.52747e+06, 124.834
12238, 30853, 127, 1, 0, 0.1, 1.5276e+06, 124.834
12239, 27777, 127, 0, 1, 0.1, 1.52773e+06, 124.835
12240, 27777, 67, 3, 0, 0.1, 1.52779e+06, 124.83
12241, 29962, 117, 2, 0, 0.1, 1.52791e+06, 124.829
12242, 30472, 127, 2, 0, 0.1, 1.52804e+06, 124.829
12243, 29962, 127, 2, 0, 0.1, 1.52816e+06, 124.83
12244, 27906, 127, 0, 0, 0.1, 1.52829e+06, 124.83
12245, 29962, 127, 2, 0, 0.1, 1.52842e+06, 124.83
12246, 27906, 127, 3, 0, 0.1, 1.52854e+06, 124.83
12247, 30725, 127, 1, 0, 0.1, 1.52867e+06, 124.83
12248, 27906, 127, 0, 0, 0.1, 1.5288e+06, 124.83
12249, 29962, 127, 2, 0, 0.1, 1.52893e+06, 124.831
12250, 27906, 127, 1, 0, 0.1, 1.52905e+06, 124.831
12251, 27906, 117, 1, 0, 0.1, 1.52917e+06, 124.83
12252, 27906, 117, 0, 0, 0.1, 1.52929e+06, 124.83
12253, 29962, 127, 0, 1, 0.1, 1.52941e+06, 124.83
12254, 30472, 127, 1, 0, 0.1, 1.52954e+06, 124.83
12255, 28677, 137, 1, 0, 0.1, 1.52968e+06, 124.831
12256, 29954, 127, 3, 0, 0.1, 1.52980e+06, 124.831
12257, 28677, 127, 3, 0, 0.1, 1.52993e+06, 124.831
12258, 25864, 127, 1, 0, 0.1, 1.53006e+06, 124.831
12259, 28677, 127, 1, 0, 0.1, 1.53019e+06, 124.832
12260, 29954, 127, 2, 0, 0.1, 1.53031e+06, 124.832
12261, 24842, 137, 2, 0, 0.1, 1.53045e+06, 124.833
12262, 24840, 127, 1, 0, 0.1, 1.53058e+06, 124.833
12263, 16389, 127, 2, 1, 0.1, 1.5307e+06, 124.833
12264, 16389, 117, 3, 0, 0.1, 1.53082e+06, 124.833
12265, 24840, 127, 1, 0, 0.1, 1.53095e+06, 124.833
12266, 16389, 127, 2, 0, 0.1, 1.53108e+06, 124.833
12267, 16389, 117, 3, 0, 0.1, 1.53119e+06, 124.832
12268, 24840, 127, 1, 0, 0.1, 1.53132e+06, 124.832
12269, 16389, 127, 1, 0, 0.1, 1.53145e+06, 124.833
12270, 24582, 127, 3, 0, 0.1, 1.53157e+06, 124.833
12271, 16389, 127, 1, 0, 0.1, 1.5317e+06, 124.833
12272, 24582, 127, 3, 0, 0.1, 1.53183e+06, 124.833
12273, 16389, 127, 2, 1, 0.1, 1.53195e+06, 124.833
12274, 16389, 117, 0, 0, 0.1, 1.53207e+06, 124.833
12275, 16389, 117, 0, 0, 0.1, 1.53219e+06, 124.832
12276, 16389, 117, 1, 0, 0.1, 1.53230e+06, 124.831
12277, 24582, 127, 0, 0, 0.1, 1.53243e+06, 124.832
12278, 28682, 127, 2, 0, 0.1, 1.53256e+06, 124.832
12279, 24582, 127, 0, 0, 0.1, 1.53269e+06, 124.832
12280, 28682, 127, 0, 0, 0.1, 1.53281e+06, 124.832
12281, 29193, 127, 1, 0, 0.1, 1.53294e+06, 124.832
12282, 16389, 137, 1, 0, 0.1, 1.53308e+06, 124.833
12283, 25858, 127, 0, 0, 0.1, 1.5332e+06, 124.833
12284, 29962, 127, 2, 0, 0.1, 1.53333e+06, 124.834
12285, 25858, 127, 2, 0, 0.1, 1.53346e+06, 124.834
12286, 29962, 127, 1, 0, 0.1, 1.53358e+06, 124.834
12287, 29962, 117, 2, 0, 0.1, 1.5337e+06, 124.833
12288, 29962, 127, 2, 0, 0.1, 1.53383e+06, 124.833
12289, 29962, 137, 2, 0, 0.1, 1.53397e+06, 124.834
12290, 29962, 137, 3, 0, 0.1, 1.5341e+06, 124.835
12291, 29962, 117, 1, 0, 0.1, 1.53422e+06, 124.835
12292, 29962, 117, 2, 0, 0.1, 1.53434e+06, 124.834
12293, 266, 137, 3, 0, 0.1, 1.53447e+06, 124.835
12294, 266, 117, 2, 0, 0.1, 1.53459e+06, 124.835
12295, 16650, 127, 1, 1, 0.1, 1.53472e+06, 124.835
12296, 16650, 117, 0, 0, 0.1, 1.53484e+06, 124.834
12297, 266, 127, 2, 0, 0.1, 1.53496e+06, 124.834
12298, 16650, 127, 0, 0, 0.1, 1.53509e+06, 124.834
12299, 266, 127, 1, 0, 0.1, 1.53522e+06, 124.835
12300, 266, 117, 0, 0, 0.1, 1.53533e+06, 124.834
12301, 266, 127, 2, 0, 0.1, 1.53546e+06, 124.834
12302, 266, 127, 2, 0, 0.1, 1.53559e+06, 124.834
12303, 16650, 127, 2, 0, 0.1, 1.53571e+06, 124.834
12304, 24838, 127, 2, 0, 0.1, 1.53584e+06, 124.835
12305, 24838, 117, 0, 0, 0.1, 1.53596e+06, 124.834
12306, 16650, 127, 0, 0, 0.1, 1.53608e+06, 124.834
12307, 266, 127, 2, 0, 0.1, 1.53621e+06, 124.834
12308, 16650, 127, 2, 0, 0.1, 1.53634e+06, 124.835
12309, 24838, 127, 2, 0, 0.1, 1.53647e+06, 124.835
12310, 24838, 117, 1, 0, 0.1, 1.53658e+06, 124.834
12311, 24838, 117, 2, 0, 0.1, 1.5367e+06, 124.833
12312, 24838, 117, 0, 0, 0.1, 1.53682e+06, 124.833
12313, 16650, 127, 3, 1, 0.1, 1.53694e+06, 124.833
12314, 16650, 117, 0, 0, 0.1, 1.53706e+06, 124.832
12315, 266, 127, 1, 0, 0.1, 1.53719e+06, 124.833
12316, 266, 117, 1, 1, 0.1, 1.53730e+06, 124.832
12317, 266, 117, 2, 0, 0.1, 1.53742e+06, 124.831
12318, 16650, 127, 0, 0, 0.1, 1.53755e+06, 124.831
12319, 266, 127, 0, 0, 0.1, 1.53768e+06, 124.832
12320, 266, 127, 0, 0, 0.1, 1.5378e+06, 124.832
12321, 266, 127, 2, 0, 0.1, 1.53793e+06, 124.832
12322, 266, 127, 0, 0, 0.1, 1.53806e+06, 124.832
12323, 266, 127, 3, 0, 0.1, 1.53818e+06, 124.832
12324, 266, 117, 0, 0, 0.1, 1.5383e+06, 124.832
12325, 266, 127, 0, 0, 0.1, 1.53843e+06, 124.832
12326, 16650, 127, 2, 1, 0.1, 1.53856e+06, 124.832
12327, 266, 127, 0, 0, 0.1, 1.53868e+06, 124.832
12328, 16650, 127, 0, 0, 0.1, 1.53881e+06, 124.832
12329, 24834, 127, 0, 0, 0.1, 1.53894e+06, 124.833
12330, 28938, 127, 1, 1, 0.1, 1.53906e+06, 124.833
12331, 28938, 117, 0, 0, 0.1, 1.53918e+06, 124.832
12332, 30978, 127, 3, 0, 0.1, 1.53931e+06, 124.832
12333, 30725, 137, 3, 0, 0.1, 1.53944e+06, 124.833
12334, 28940, 137, 3, 0, 0.1, 1.53958e+06, 124.834
12335, 28940, 117, 0, 0, 0.1, 1.5397e+06, 124.834
12336, 16394, 137, 1, 0, 0.1, 1.53984e+06, 124.835
12337, 16394, 117, 0, 0, 0.1, 1.53995e+06, 124.834
12338, 24579, 127, 0, 0, 0.1, 1.54008e+06, 124.834
12339, 24707, 117, 0, 0, 0.1, 1.5402e+06, 124.834
12340, 24707, 117, 2, 1, 0.1, 1.54031e+06, 124.833
12341, 16410, 127, 1, 0, 0.1, 1.54044e+06, 124.833
12342, 16394, 67, 2, 0, 0.1, 1.54051e+06, 124.828
12343, 29960, 127, 2, 0, 0.1, 1.54063e+06, 124.829
12344, 25866, 127, 0, 0, 0.1, 1.54076e+06, 124.829
12345, 29960, 127, 2, 1, 0.1, 1.54089e+06, 124.829
12346, 25866, 127, 0, 0, 0.1, 1.54102e+06, 124.829
12347, 29960, 127, 1, 1, 0.1, 1.54114e+06, 124.829
12348, 28677, 127, 1, 0, 0.1, 1.54127e+06, 124.829
12349, 29954, 127, 2, 0, 0.1, 1.5414e+06, 124.83
12350, 29962, 127, 2, 0, 0.1, 1.54152e+06, 124.83
12351, 30472, 137, 0, 0, 0.1, 1.54166e+06, 124.831
12352, 29962, 127, 2, 0, 0.1, 1.54179e+06, 124.831
12353, 30472, 127, 2, 0, 0.1, 1.54191e+06, 124.831
12354, 24842, 137, 0, 1, 0.1, 1.54205e+06, 124.832
12355, 29448, 127, 2, 1, 0.1, 1.54218e+06, 124.832
12356, 24842, 127, 2, 1, 0.1, 1.54230e+06, 124.832
12357, 30980, 127, 0, 0, 0.1, 1.54243e+06, 124.833
12358, 24842, 127, 0, 0, 0.1, 1.54256e+06, 124.833
12359, 29448, 127, 1, 0, 0.1, 1.54269e+06, 124.833
12360, 29189, 127, 1, 0, 0.1, 1.54281e+06, 124.833
12361, 28934, 137, 0, 0, 0.1, 1.54295e+06, 124.834
12362, 10, 137, 1, 0, 0.1, 1.54309e+06, 124.835
12363, 10, 117, 3, 0, 0.1, 1.5432e+06, 124.834
12364, 10, 117, 2, 0, 0.1, 1.54332e+06, 124.834
12365, 6, 127, 3, 0, 0.1, 1.54345e+06, 124.834
12366, 16389, 127, 1, 0, 0.1, 1.54358e+06, 124.834
12367, 6, 127, 2, 0, 0.1, 1.5437e+06, 124.834
12368, 6, 117, 1, 0, 0.1, 1.54382e+06, 124.834
12369, 6, 117, 1, 0, 0.1, 1.54394e+06, 124.833
12370, 6, 117, 2, 1, 0.1, 1.54405e+06, 124.832
12371, 6, 117, 2, 0, 0.1, 1.54417e+06, 124.832
12372, 6, 117, 3, 0, 0.1, 1.54429e+06, 124.831
12373, 16389, 127, 3, 0, 0.1, 1.54441e+06, 124.831
12374, 24840, 127, 0, 0, 0.1, 1.54454e+06, 124.832
12375, 28938, 127, 2, 0, 0.1, 1.54467e+06, 124.832
12376, 24840, 127, 1, 0, 0.1, 1.5448e+06, 124.832
12377, 16389, 127, 3, 0, 0.1, 1.54492e+06, 124.832
12378, 24840, 127, 1, 1, 0.1, 1.54505e+06, 124.832
12379, 16389, 127, 1, 0, 0.1, 1.54518e+06, 124.832
12380, 6, 127, 0, 0, 0.1, 1.5453e+06, 124.833
12381, 10, 127, 0, 1, 0.1, 1.54543e+06, 124.833
12382, 16393, 127, 0, 0, 0.1, 1.54556e+06, 124.833
12383, 16393, 117, 2, 1, 0.1, 1.54567e+06, 124.832
12384, 10, 127, 1, 0, 0.1, 1.5458e+06, 124.833
12385, 10, 117, 2, 1, 0.1, 1.54592e+06, 124.832
12386, 6, 127, 3, 0, 0.1, 1.54604e+06, 124.832
12387, 16389, 127, 0, 0, 0.1, 1.54617e+06, 124.832
12388, 16389, 117, 0, 0, 0.1, 1.54629e+06, 124.832
12389, 16389, 117, 1, 0, 0.1, 1.54641e+06, 124.831
12390, 6, 127, 3, 1, 0.1, 1.54653e+06, 124.831
12391, 16389, 127, 3, 0, 0.1, 1.54666e+06, 124.831
12392, 24840, 127, 3, 0, 0.1, 1.54679e+06, 124.831
12393, 24840, 117, 0, 0, 0.1, 1.5469e+06, 124.831
12394, 28938, 127, 0, 0, 0.1, 1.54703e+06, 124.831
12395, 28930, 127, 2, 0, 0.1, 1.54716e+06, 124.831
12396, 28938, 127, 0, 0, 0.1, 1.54728e+06, 124.831
12397, 28930, 127, 3, 0, 0.1, 1.54741e+06, 124.832
12398, 28677, 127, 3, 0, 0.1, 1.54754e+06, 124.832
12399, 29960, 127, 2, 0, 0.1, 1.54767e+06, 124.832
12400, 25866, 127, 2, 0, 0.1, 1.54779e+06, 124.832
12401, 32002, 127, 3, 0, 0.1, 1.54792e+06, 124.832
12402, 30725, 127, 1, 0, 0.1, 1.54805e+06, 124.832
12403, 32002, 127, 2, 0, 0.1, 1.54817e+06, 124.833
12404, 29962, 127, 0, 0, 0.1, 1.5483e+06, 124.833
12405, 32002, 127, 0, 0, 0.1, 1.54843e+06, 124.833
12406, 25866, 127, 3, 0, 0.1, 1.54856e+06, 124.833
12407, 25866, 117, 0, 0, 0.1, 1.54867e+06, 124.833
12408, 29960, 127, 2, 0, 0.1, 1.5488e+06, 124.833
12409, 25866, 127, 2, 0, 0.1, 1.54893e+06, 124.833
12410, 32002, 127, 3, 0, 0.1, 1.54905e+06, 124.833
12411, 30725, 127, 3, 0, 0.1, 1.54918e+06, 124.833
12412, 30980, 127, 0, 0, 0.1, 1.54931e+06, 124.833
12413, 28938, 137, 2, 0, 0.1, 1.54944e+06, 124.834
12414, 30980, 127, 2, 0, 0.1, 1.54957e+06, 124.835
12415, 30980, 117, 0, 0, 0.1, 1.54969e+06, 124.834
12416, 28938, 127, 2, 0, 0.1, 1.54982e+06, 124.834
12417, 30980, 127, 0, 0, 0.1, 1.54994e+06, 124.834
12418, 28938, 127, 0, 0, 0.1, 1.55007e+06, 124.834
12419, 28938, 137, 1, 0, 0.1, 1.55021e+06, 124.835
12420, 28938, 117, 0, 0, 0.1, 1.55032e+06, 124.835
12421, 28938, 127, 0, 0, 0.1, 1.55045e+06, 124.835
12422, 28938, 137, 0, 0, 0.1, 1.55059e+06, 124.836
12423, 28682, 137, 2, 0, 0.1, 1.55072e+06, 124.837
12424, 24586, 127, 2, 0, 0.1, 1.55085e+06, 124.837
12425, 16394, 127, 0, 0, 0.1, 1.55098e+06, 124.837
12426, 24586, 127, 2, 0, 0.1, 1.55110e+06, 124.837
12427, 16394, 127, 2, 0, 0.1, 1.55123e+06, 124.838
12428, 16394, 127, 2, 0, 0.1, 1.55136e+06, 124.838
12429, 24586, 127, 1, 1, 0.1, 1.55149e+06, 124.838
12430, 24586, 117, 2, 0, 0.1, 1.5516e+06, 124.837
12431, 30724, 127, 3, 0, 0.1, 1.55173e+06, 124.837
12432, 30725, 127, 0, 0, 0.1, 1.55186e+06, 124.838
12433, 30725, 117, 3, 0, 0.1, 1.55197e+06, 124.837
12434, 30725, 137, 3, 0, 0.1, 1.55211e+06, 124.838
12435, 16389, 137, 1, 0, 0.1, 1.55225e+06, 124.839
12436, 5, 127, 1, 0, 0.1, 1.55238e+06, 124.839
12437, 5, 127, 2, 0, 0.1, 1.5525e+06, 124.839
12438, 5, 117, 1, 0, 0.1, 1.55262e+06, 124.839
12439, 16388, 127, 1, 0, 0.1, 1.55275e+06, 124.839
12440, 24581, 127, 3, 0, 0.1, 1.55287e+06, 124.839
12441, 16388, 127, 3, 0, 0.1, 1.553e+06, 124.839
12442, 5, 127, 1, 0, 0.1, 1.55313e+06, 124.839
12443, 16388, 127, 2, 1, 0.1, 1.55325e+06, 124.84
12444, 16388, 117, 0, 0, 0.1, 1.55337e+06, 124.839
12445, 10, 127, 2, 0, 0.1, 1.5535e+06, 124.839
12446, 16388, 127, 0, 1, 0.1, 1.55362e+06, 124.839
12447, 10, 127, 1, 0, 0.1, 1.55375e+06, 124.839
12448, 10, 117, 3, 0, 0.1, 1.55387e+06, 124.839
12449, 10, 117, 0, 0, 0.1, 1.55399e+06, 124.838
12450, 10, 127, 3, 0, 0.1, 1.55411e+06, 124.838
12451, 10, 117, 2, 0, 0.1, 1.55423e+06, 124.838
12452, 10, 127, 2, 0, 0.1, 1.55436e+06, 124.838
12453, 16388, 127, 1, 0, 0.1, 1.55448e+06, 124.838
12454, 24581, 127, 1, 0, 0.1, 1.55461e+06, 124.838
12455, 29954, 127, 3, 0, 0.1, 1.55474e+06, 124.838
12456, 24581, 127, 1, 1, 0.1, 1.55486e+06, 124.839
12457, 29954, 127, 3, 0, 0.1, 1.55499e+06, 124.839
12458, 24581, 127, 1, 0, 0.1, 1.55512e+06, 124.839
12459, 29954, 127, 0, 0, 0.1, 1.55525e+06, 124.839
12460, 25866, 127, 2, 0, 0.1, 1.55537e+06, 124.839
12461, 29954, 127, 2, 0, 0.1, 1.5555e+06, 124.839
12462, 29962, 127, 2, 0, 0.1, 1.55563e+06, 124.84
12463, 32000, 137, 2, 0, 0.1, 1.55576e+06, 124.841
12464, 29962, 127, 2, 0, 0.1, 1.55589e+06, 124.841
12465, 24842, 137, 3, 0, 0.1, 1.55603e+06, 124.842
12466, 24842, 117, 0, 0, 0.1, 1.55614e+06, 124.841
12467, 16650, 127, 2, 0, 0.1, 1.55627e+06, 124.841
12468, 24842, 127, 2, 0, 0.1, 1.5564e+06, 124.842
12469, 28940, 127, 0, 0, 0.1, 1.55653e+06, 124.842
12470, 24842, 127, 0, 0, 0.1, 1.55665e+06, 124.842
12471, 16650, 127, 2, 0, 0.1, 1.55678e+06, 124.842
12472, 24842, 127, 2, 0, 0.1, 1.55691e+06, 124.842
12473, 28940, 127, 1, 0, 0.1, 1.55703e+06, 124.842
12474, 28677, 127, 3, 0, 0.1, 1.55716e+06, 124.843
12475, 28940, 127, 1, 0, 0.1, 1.55729e+06, 124.843
12476, 28677, 127, 3, 0, 0.1, 1.55742e+06, 124.843
12477, 28940, 127, 0, 0, 0.1, 1.55754e+06, 124.843
12478, 24842, 127, 2, 0, 0.1, 1.55767e+06, 124.843
12479, 28940, 127, 3, 0, 0.1, 1.5578e+06, 124.843
12480, 28940, 117, 0, 0, 0.1, 1.55791e+06, 124.843
12481, 24842, 127, 1, 0, 0.1, 1.55804e+06, 124.843
12482, 24842, 117, 0, 0, 0.1, 1.55816e+06, 124.842
12483, 16650, 127, 2, 0, 0.1, 1.55828e+06, 124.842
12484, 24842, 127, 0, 0, 0.1, 1.55841e+06, 124.843
12485, 16650, 127, 0, 0, 0.1, 1.55854e+06, 124.843
12486, 18688, 127, 3, 0, 0.1, 1.55866e+06, 124.843
12487, 26629, 127, 2, 0, 0.1, 1.55879e+06, 124.843
12488, 26629, 117, 0, 0, 0.1, 1.55891e+06, 124.843
12489, 26629, 117, 3, 0, 0.1, 1.55903e+06, 124.842
12490, 30725, 127, 0, 0, 0.1, 1.55915e+06, 124.842
12491, 30725, 117, 3, 0, 0.1, 1.55927e+06, 124.841
12492, 30725, 127, 3, 0, 0.1, 1.5594e+06, 124.842
12493, 31745, 137, 3, 0, 0.1, 1.55953e+06, 124.843
12494, 30725, 137, 1, 0, 0.1, 1.55967e+06, 124.844
12495, 31745, 127, 3, 0, 0.1, 1.5598e+06, 124.844
12496, 30725, 127, 3, 0, 0.1, 1.55992e+06, 124.844
12497, 26629, 137, 2, 0, 0.1, 1.56006e+06, 124.845
12498, 26629, 117, 1, 0, 0.1, 1.56018e+06, 124.844
12499, 30725, 127, 3, 0, 0.1, 1.56031e+06, 124.844
12500, 26629, 127, 2, 1, 0.1, 1.56043e+06, 124.845
12501, 26629, 117, 0, 0, 0.1, 1.56055e+06, 124.844
12502, 26629, 117, 3, 1, 0.1, 1.56067e+06, 124.843
12503, 30725, 127, 1, 0, 0.1, 1.56079e+06, 124.844
12504, 26629, 127, 3, 0, 0.1, 1.56092e+06, 124.844
12505, 30725, 127, 3, 0, 0.1, 1.56105e+06, 124.844
12506, 31745, 127, 0, 1, 0.1, 1.56118e+06, 124.844
12507, 31745, 117, 2, 0, 0.1, 1.56129e+06, 124.843
12508, 29706, 137, 1, 0, 0.1, 1.56143e+06, 124.844
12509, 29706, 117, 2, 0, 0.1, 1.56155e+06, 124.844
12510, 28682, 137, 1, 0, 0.1, 1.56168e+06, 124.845
12511, 28682, 117, 0, 0, 0.1, 1.5618e+06, 124.844
12512, 24586, 127, 2, 0, 0.1, 1.56193e+06, 124.844
12513, 28682, 127, 2, 0, 0.1, 1.56205e+06, 124.844
12514, 30726, 127, 1, 0, 0.1, 1.56218e+06, 124.845
12515, 30726, 117, 0, 0, 0.1, 1.5623e+06, 124.844
12516, 28682, 127, 3, 0, 0.1, 1.56242e+06, 124.844
12517, 28682, 117, 2, 0, 0.1, 1.56254e+06, 124.844
12518, 30726, 127, 0, 0, 0.1, 1.56267e+06, 124.844
12519, 28682, 127, 2, 0, 0.1, 1.5628e+06, 124.844
12520, 30726, 127, 0, 0, 0.1, 1.56292e+06, 124.844
12521, 28682, 127, 1, 0, 0.1, 1.56305e+06, 124.844
12522, 28682, 117, 2, 0, 0.1, 1.56317e+06, 124.844
12523, 30726, 127, 0, 0, 0.1, 1.56329e+06, 124.844
12524, 28682, 127, 2, 0, 0.1, 1.56342e+06, 124.844
12525, 30726, 127, 0, 0, 0.1, 1.56355e+06, 124.844
12526, 28682, 127, 2, 0, 0.1, 1.56368e+06, 124.844
12527, 30726, 127, 0, 0, 0.1, 1.5638e+06, 124.844
12528, 28682, 127, 0, 0, 0.1, 1.56393e+06, 124.845
12529, 24586, 127, 3, 0, 0.1, 1.56406e+06, 124.845
12530, 24586, 117, 2, 0, 0.1, 1.56417e+06, 124.844
12531, 28682, 127, 2, 0, 0.1, 1.5643e+06, 124.844
12532, 30726, 127, 0, 0, 0.1, 1.56443e+06, 124.845
12533, 28682, 127, 0, 0, 0.1, 1.56455e+06, 124.845
12534, 24586, 127, 0, 0, 0.1, 1.56468e+06, 124.845
12535, 30753, 127, 0, 0, 0.1, 1.56481e+06, 124.845
12536, 30753, 117, 0, 0, 0.1, 1.56492e+06, 124.844
12537, 30753, 117, 0, 1, 0.1, 1.56504e+06, 124.844
12538, 30753, 117, 3, 0, 0.1, 1.56516e+06, 124.843
12539, 30757, 127, 3, 0, 0.1, 1.56529e+06, 124.843
12540, 32032, 137, 1, 1, 0.1, 1.56542e+06, 124.844
12541, 30853, 77, 0, 1, 0.1, 1.5655e+06, 124.841
12542, 30472, 137, 2, 0, 0.1, 1.56564e+06, 124.841
12543, 29962, 127, 0, 0, 0.1, 1.56576e+06, 124.842
12544, 30472, 127, 2, 0, 0.1, 1.56589e+06, 124.842
12545, 29962, 127, 0, 0, 0.1, 1.56602e+06, 124.842
12546, 30472, 127, 1, 0, 0.1, 1.56614e+06, 124.842
12547, 28677, 137, 3, 0, 0.1, 1.56628e+06, 124.843
12548, 29960, 127, 2, 0, 0.1, 1.56641e+06, 124.843
12549, 29962, 127, 2, 0, 0.1, 1.56654e+06, 124.843
12550, 25864, 137, 3, 0, 0.1, 1.56667e+06, 124.844
12551, 25864, 117, 0, 0, 0.1, 1.56679e+06, 124.844
12552, 29962, 127, 0, 0, 0.1, 1.56692e+06, 124.844
12553, 29960, 127, 0, 0, 0.1, 1.56704e+06, 124.844
12554, 29962, 137, 0, 0, 0.1, 1.56718e+06, 124.845
12555, 32002, 137, 3, 0, 0.1, 1.56732e+06, 124.846
12556, 30725, 127, 1, 0, 0.1, 1.56744e+06, 124.846
12557, 32002, 127, 2, 0, 0.1, 1.56757e+06, 124.846
12558, 25866, 127, 0, 0, 0.1, 1.5677e+06, 124.847
12559, 32002, 127, 2, 0, 0.1, 1.56783e+06, 124.847
12560, 25866, 127, 2, 0, 0.1, 1.56795e+06, 124.847
12561, 25864, 127, 2, 0, 0.1, 1.56808e+06, 124.847
12562, 17674, 127, 0, 0, 0.1, 1.56821e+06, 124.847
12563, 25864, 127, 0, 0, 0.1, 1.56833e+06, 124.847
12564, 25866, 127, 0, 0, 0.1, 1.56846e+06, 124.848
12565, 32130, 127, 2, 1, 0.1, 1.56859e+06, 124.848
12566, 25866, 127, 0, 0, 0.1, 1.56872e+06, 124.848
12567, 32130, 127, 2, 0, 0.1, 1.56884e+06, 124.848
12568, 25866, 127, 0, 0, 0.1, 1.56897e+06, 124.848
12569, 32002, 77, 1, 0, 0.1, 1.56905e+06, 124.845
12570, 29962, 117, 0, 0, 0.1, 1.56916e+06, 124.844
12571, 29960, 127, 2, 0, 0.1, 1.56929e+06, 124.844
12572, 29962, 127, 2, 0, 0.1, 1.56942e+06, 124.844
12573, 30472, 127, 2, 0, 0.1, 1.56954e+06, 124.844
12574, 29962, 127, 0, 0, 0.1, 1.56967e+06, 124.845
12575, 30472, 127, 2, 0, 0.1, 1.5698e+06, 124.845
12576, 29962, 127, 2, 0, 0.1, 1.56992e+06, 124.845
12577, 32002, 137, 3, 0, 0.1, 1.57006e+06, 124.846
12578, 30725, 127, 3, 0, 0.1, 1.57019e+06, 124.846
12579, 30980, 127, 0, 0, 0.1, 1.57032e+06, 124.846
12580, 24842, 127, 2, 0, 0.1, 1.57044e+06, 124.846
12581, 30980, 127, 3, 0, 0.1, 1.57057e+06, 124.847
12582, 30725, 127, 3, 0, 0.1, 1.5707e+06, 124.847
12583, 5, 137, 0, 0, 0.1, 1.57083e+06, 124.848
12584, 5, 117, 1, 0, 0.1, 1.57095e+06, 124.847
12585, 16389, 127, 3, 0, 0.1, 1.57108e+06, 124.847
12586, 5, 127, 3, 0, 0.1, 1.57120e+06, 124.847
12587, 16389, 127, 1, 0, 0.1, 1.57133e+06, 124.848
12588, 5, 127, 0, 0, 0.1, 1.57146e+06, 124.848
12589, 5, 117, 0, 0, 0.1, 1.57158e+06, 124.847
12590, 5, 117, 2, 0, 0.1, 1.57169e+06, 124.847
12591, 5, 117, 0, 0, 0.1, 1.57181e+06, 124.846
12592, 5, 117, 3, 0, 0.1, 1.57193e+06, 124.845
12593, 16389, 127, 3, 0, 0.1, 1.57205e+06, 124.845
12594, 24844, 127, 2, 0, 0.1, 1.57218e+06, 124.846
12595, 24860, 117, 0, 0, 0.1, 1.5723e+06, 124.845
12596, 28954, 77, 0, 0, 0.1, 1.57238e+06, 124.841
12597, 29960, 137, 1, 0, 0.1, 1.57251e+06, 124.842
12598, 28677, 127, 0, 0, 0.1, 1.57264e+06, 124.842
12599, 28677, 117, 1, 0, 0.1, 1.57276e+06, 124.842
12600, 29954, 127, 0, 0, 0.1, 1.57288e+06, 124.842
12601, 29962, 127, 0, 1, 0.1, 1.57301e+06, 124.842
12602, 29960, 127, 0, 1, 0.1, 1.57314e+06, 124.842
12603, 29962, 127, 3, 1, 0.1, 1.57326e+06, 124.842
12604, 29962, 117, 2, 0, 0.1, 1.57338e+06, 124.842
12605, 29960, 127, 0, 1, 0.1, 1.57351e+06, 124.842
12606, 29962, 127, 2, 1, 0.1, 1.57364e+06, 124.842
12607, 29960, 127, 0, 0, 0.1, 1.57376e+06, 124.842
12608, 29962, 127, 2, 0, 0.1, 1.57389e+06, 124.842
12609, 29960, 127, 0, 0, 0.1, 1.57402e+06, 124.843
12610, 29962, 127, 0, 0, 0.1, 1.57414e+06, 124.843
12611, 32257, 137, 1, 1, 0.1, 1.57428e+06, 124.844
12612, 30725, 137, 1, 0, 0.1, 1.57442e+06, 124.845
12613, 30982, 127, 2, 0, 0.1, 1.57454e+06, 124.845
12614, 30982, 117, 0, 0, 0.1, 1.57466e+06, 124.844
12615, 28938, 127, 3, 0, 0.1, 1.57479e+06, 124.844
12616, 28938, 117, 0, 0, 0.1, 1.57490e+06, 124.844
12617, 30722, 137, 1, 0, 0.1, 1.57504e+06, 124.845
12618, 30722, 117, 2, 0, 0.1, 1.57516e+06, 124.844
12619, 24586, 127, 2, 0, 0.1, 1.57529e+06, 124.844
12620, 26630, 127, 0, 0, 0.1, 1.57541e+06, 124.845
12621, 24586, 127, 2, 0, 0.1, 1.57554e+06, 124.845
12622, 26630, 127, 1, 0, 0.1, 1.57567e+06, 124.845
12623, 26630, 117, 2, 0, 0.1, 1.57578e+06, 124.844
12624, 26630, 117, 0, 1, 0.1, 1.5759e+06, 124.844
12625, 24586, 127, 0, 0, 0.1, 1.57603e+06, 124.844
12626, 30722, 127, 1, 1, 0.1, 1.57616e+06, 124.844
12627, 30722, 117, 3, 0, 0.1, 1.57627e+06, 124.843
12628, 30725, 127, 0, 0, 0.1, 1.5764e+06, 124.844
12629, 30725, 117, 1, 0, 0.1, 1.57652e+06, 124.843
12630, 30722, 127, 3, 0, 0.1, 1.57664e+06, 124.843
12631, 30725, 127, 3, 0, 0.1, 1.57677e+06, 124.843
12632, 28684, 137, 3, 0, 0.1, 1.57691e+06, 124.844
12633, 28684, 117, 1, 0, 0.1, 1.57702e+06, 124.844
12634, 28677, 127, 3, 0, 0.1, 1.57715e+06, 124.844
12635, 28684, 127, 2, 0, 0.1, 1.57728e+06, 124.844
12636, 28684, 117, 2, 0, 0.1, 1.5774e+06, 124.843
12637, 28684, 117, 2, 0, 0.1, 1.57751e+06, 124.843
12638, 28684, 117, 3, 0, 0.1, 1.57763e+06, 124.842
12639, 28684, 117, 1, 0, 0.1, 1.57775e+06, 124.841
12640, 28677, 127, 1, 0, 0.1, 1.57787e+06, 124.842
12641, 24578, 127, 2, 0, 0.1, 1.578e+06, 124.842
12642, 16394, 127, 2, 0, 0.1, 1.57813e+06, 124.842
12643, 26630, 127, 2, 0, 0.1, 1.57825e+06, 124.842
12644, 26630, 117, 1, 0, 0.1, 1.57837e+06, 124.841
12645, 26630, 117, 3, 0, 0.1, 1.57849e+06, 124.841
12646, 30725, 127, 1, 0, 0.1, 1.57862e+06, 124.841
12647, 26630, 127, 0, 0, 0.1, 1.57874e+06, 124.841
12648, 16394, 127, 2, 0, 0.1, 1.57887e+06, 124.841
12649, 26630, 127, 3, 0, 0.1, 1.579e+06, 124.842
12650, 30725, 127, 3, 1, 0.1, 1.57912e+06, 124.842
12651, 31745, 127, 2, 0, 0.1, 1.57925e+06, 124.842
12652, 29706, 127, 2, 0, 0.1, 1.57938e+06, 124.842
12653, 25608, 127, 2, 0, 0.1, 1.5795e+06, 124.842
12654, 29706, 127, 2, 0, 0.1, 1.57963e+06, 124.842
12655, 29698, 127, 0, 0, 0.1, 1.57976e+06, 124.843
12656, 29706, 127, 0, 0, 0.1, 1.57988e+06, 124.843
12657, 25608, 127, 0, 0, 0.1, 1.58001e+06, 124.843
12658, 29706, 127, 2, 1, 0.1, 1.58014e+06, 124.843
12659, 25608, 127, 2, 0, 0.1, 1.58027e+06, 124.843
12660, 29706, 127, 2, 0, 0.1, 1.58039e+06, 124.843
12661, 29698, 127, 2, 0, 0.1, 1.58052e+06, 124.844
12662, 29706, 137, 2, 0, 0.1, 1.58066e+06, 124.845
12663, 31746, 137, 2, 0, 0.1, 1.58079e+06, 124.846
12664, 29706, 137, 0, 0, 0.1, 1.58093e+06, 124.846
12665, 31746, 127, 3, 0, 0.1, 1.58106e+06, 124.847
12666, 30725, 137, 1, 0, 0.1, 1.5812e+06, 124.848
12667, 31746, 127, 3, 0, 0.1, 1.58132e+06, 124.848
12668, 30725, 127, 1, 0, 0.1, 1.58145e+06, 124.848
12669, 31746, 127, 2, 0, 0.1, 1.58158e+06, 124.848
12670, 29706, 127, 0, 0, 0.1, 1.5817e+06, 124.848
12671, 31746, 127, 1, 0, 0.1, 1.58183e+06, 124.848
12672, 31746, 117, 2, 0, 0.1, 1.58195e+06, 124.848
12673, 29706, 127, 0, 0, 0.1, 1.58207e+06, 124.848
12674, 31746, 127, 3, 0, 0.1, 1.5822e+06, 124.848
12675, 30725, 127, 3, 0, 0.1, 1.58233e+06, 124.848
12676, 29960, 137, 2, 0, 0.1, 1.58246e+06, 124.849
12677, 25866, 137, 3, 0, 0.1, 1.5826e+06, 124.85
12678, 25866, 117, 0, 0, 0.1, 1.58272e+06, 124.85
12679, 25864, 127, 1, 0, 0.1, 1.58285e+06, 124.85
12680, 24581, 127, 1, 0, 0.1, 1.58297e+06, 124.85
12681, 29698, 127, 2, 0, 0.1, 1.5831e+06, 124.85
12682, 29706, 127, 0, 0, 0.1, 1.58323e+06, 124.85
12683, 29698, 127, 3, 0, 0.1, 1.58335e+06, 124.85
12684, 24581, 127, 3, 0, 0.1, 1.58348e+06, 124.851
12685, 25864, 127, 0, 0, 0.1, 1.58361e+06, 124.851
12686, 29962, 127, 2, 0, 0.1, 1.58374e+06, 124.851
12687, 25864, 127, 1, 0, 0.1, 1.58386e+06, 124.851
12688, 24581, 127, 1, 0, 0.1, 1.58399e+06, 124.851
12689, 29698, 127, 2, 0, 0.1, 1.58412e+06, 124.852
12690, 29706, 127, 0, 0, 0.1, 1.58424e+06, 124.852
12691, 29698, 127, 2, 0, 0.1, 1.58437e+06, 124.852
12692, 29706, 127, 2, 0, 0.1, 1.5845e+06, 124.852
12693, 29704, 137, 3, 1, 0.1, 1.58463e+06, 124.853
12694, 29704, 117, 1, 0, 0.1, 1.58475e+06, 124.852
12695, 28677, 127, 1, 0, 0.1, 1.58488e+06, 124.853
12696, 28934, 127, 2, 0, 0.1, 1.58500e+06, 124.853
12697, 28934, 117, 2, 0, 0.1, 1.58512e+06, 124.852
12698, 28934, 117, 2, 0, 0.1, 1.58524e+06, 124.851
12699, 28934, 117, 3, 0, 0.1, 1.58536e+06, 124.851
12700, 28677, 127, 3, 0, 0.1, 1.58548e+06, 124.851
12701, 29704, 127, 2, 0, 0.1, 1.58561e+06, 124.851
12702, 29706, 127, 2, 0, 0.1, 1.58574e+06, 124.851
12703, 31236, 137, 3, 0, 0.1, 1.58587e+06, 124.852
12704, 31237, 127, 3, 0, 0.1, 1.586e+06, 124.852
12705, 32528, 137, 1, 1, 0.1, 1.58614e+06, 124.853
12706, 31237, 127, 1, 0, 0.1, 1.58626e+06, 124.854
12707, 31236, 127, 2, 0, 0.1, 1.58639e+06, 124.854
12708, 31236, 117, 3, 0, 0.1, 1.58651e+06, 124.853
12709, 31237, 127, 1, 0, 0.1, 1.58664e+06, 124.853
12710, 31236, 127, 2, 0, 0.1, 1.58676e+06, 124.853
12711, 31236, 117, 3, 0, 0.1, 1.58688e+06, 124.853
12712, 31237, 127, 1, 0, 0.1, 1.58701e+06, 124.853
12713, 31236, 127, 1, 0, 0.1, 1.58713e+06, 124.853
12714, 26629, 137, 3, 0, 0.1, 1.58727e+06, 124.854
12715, 26628, 127, 1, 0, 0.1, 1.5874e+06, 124.854
12716, 26629, 127, 3, 0, 0.1, 1.58752e+06, 124.855
12717, 26628, 127, 3, 0, 0.1, 1.58765e+06, 124.855
12718, 30725, 127, 3, 0, 0.1, 1.58778e+06, 124.855
12719, 32000, 127, 0, 0, 0.1, 1.58791e+06, 124.855
12720, 29978, 127, 2, 0, 0.1, 1.58803e+06, 124.855
12721, 32000, 127, 3, 0, 0.1, 1.58816e+06, 124.855
12722, 30725, 137, 1, 0, 0.1, 1.5883e+06, 124.856
12723, 32016, 127, 2, 0, 0.1, 1.58842e+06, 124.856
12724, 29978, 127, 2, 0, 0.1, 1.58855e+06, 124.857
12725, 29978, 127, 2, 0, 0.1, 1.58868e+06, 124.857
12726, 28956, 137, 2, 1, 0.1, 1.58882e+06, 124.858
12727, 28956, 117, 0, 0, 0.1, 1.58893e+06, 124.857
12728, 24858, 127, 0, 0, 0.1, 1.58906e+06, 124.857
12729, 24858, 127, 2, 0, 0.1, 1.58919e+06, 124.857
12730, 24858, 127, 0, 0, 0.1, 1.58931e+06, 124.858
12731, 24842, 127, 2, 0, 0.1, 1.58944e+06, 124.858
12732, 24842, 127, 0, 1, 0.1, 1.58957e+06, 124.858
12733, 24842, 127, 0, 0, 0.1, 1.58969e+06, 124.858
12734, 30976, 127, 3, 0, 0.1, 1.58982e+06, 124.858
12735, 30725, 127, 3, 0, 0.1, 1.58995e+06, 124.858
12736, 26629, 137, 3, 0, 0.1, 1.59008e+06, 124.859
12737, 30725, 127, 2, 0, 0.1, 1.59021e+06, 124.86
12738, 30725, 117, 3, 0, 0.1, 1.59033e+06, 124.859
12739, 31745, 127, 0, 1, 0.1, 1.59046e+06, 124.859
12740, 31745, 117, 0, 1, 0.1, 1.59057e+06, 124.859
12741, 31745, 117, 3, 1, 0.1, 1.59069e+06, 124.858
12742, 30725, 137, 3, 0, 0.1, 1.59083e+06, 124.859
12743, 24581, 137, 1, 0, 0.1, 1.59096e+06, 124.86
12744, 28677, 127, 3, 0, 0.1, 1.59109e+06, 124.86
12745, 24581, 127, 3, 0, 0.1, 1.59122e+06, 124.86
12746, 28677, 127, 3, 0, 0.1, 1.59134e+06, 124.86
12747, 29697, 127, 1, 0, 0.1, 1.59147e+06, 124.861
12748, 28677, 127, 3, 0, 0.1, 1.5916e+06, 124.861
12749, 29697, 127, 2, 0, 0.1, 1.59173e+06, 124.861
12750, 24586, 137, 1, 1, 0.1, 1.59186e+06, 124.862
12751, 24586, 117, 2, 0, 0.1, 1.59198e+06, 124.861
12752, 28682, 127, 2, 1, 0.1, 1.59211e+06, 124.861
12753, 30726, 127, 3, 0, 0.1, 1.59223e+06, 124.862
12754, 30725, 137, 3, 1, 0.1, 1.59237e+06, 124.862
12755, 63748, 137, 3, 0, 0.1, 1.59251e+06, 124.863
12756, 63493, 137, 2, 0, 0.1, 1.59264e+06, 124.864
12757, 63493, 117, 3, 0, 0.1, 1.59276e+06, 124.864
12758, 49420, 137, 3, 0, 0.1, 1.5929e+06, 124.865
12759, 49420, 117, 0, 0, 0.1, 1.59302e+06, 124.864
12760, 57610, 127, 3, 0, 0.1, 1.59314e+06, 124.864
12761, 57610, 117, 2, 0, 0.1, 1.59326e+06, 124.864
12762, 49420, 127, 2, 0, 0.1, 1.59339e+06, 124.864
12763, 49420, 117, 0, 0, 0.1, 1.5935e+06, 124.863
12764, 57610, 127, 2, 0, 0.1, 1.59363e+06, 124.863
12765, 49420, 127, 0, 0, 0.1, 1.59376e+06, 124.864
12766, 57610, 127, 2, 0, 0.1, 1.59388e+06, 124.864
12767, 49420, 127, 2, 0, 0.1, 1.59401e+06, 124.864
12768, 49420, 117, 3, 1, 0.1, 1.59413e+06, 124.863
12769, 49420, 117, 3, 0, 0.1, 1.59425e+06, 124.863
12770, 49420, 117, 0, 0, 0.1, 1.59436e+06, 124.862
12771, 57610, 127, 0, 0, 0.1, 1.59449e+06, 124.862
12772, 61706, 127, 2, 0, 0.1, 1.59462e+06, 124.862
12773, 57610, 127, 0, 0, 0.1, 1.59474e+06, 124.863
12774, 61706, 127, 3, 0, 0.1, 1.59487e+06, 124.863
12775, 61706, 117, 2, 0, 0.1, 1.59499e+06, 124.862
12776, 57610, 127, 0, 0, 0.1, 1.59512e+06, 124.862
12777, 61706, 127, 0, 0, 0.1, 1.59524e+06, 124.862
12778, 61704, 127, 1, 0, 0.1, 1.59537e+06, 124.863
12779, 61445, 127, 1, 0, 0.1, 1.5955e+06, 124.863
12780, 61712, 127, 0, 0, 0.1, 1.59562e+06, 124.863
12781, 61722, 137, 1, 0, 0.1, 1.59576e+06, 124.864
12782, 61706, 117, 0, 0, 0.1, 1.59588e+06, 124.863
12783, 62216, 137, 3, 1, 0.1, 1.59601e+06, 124.864
12784, 62216, 117, 1, 0, 0.1, 1.59613e+06, 124.864
12785, 49157, 137, 2, 0, 0.1, 1.59627e+06, 124.865
12786, 49157, 117, 2, 0, 0.1, 1.59638e+06, 124.864
12787, 49157, 117, 3, 0, 0.1, 1.5965e+06, 124.863
12788, 57608, 127, 0, 0, 0.1, 1.59663e+06, 124.863
12789, 61706, 127, 0, 0, 0.1, 1.59676e+06, 124.864
12790, 63746, 127, 1, 0, 0.1, 1.59688e+06, 124.864
12791, 63746, 117, 0, 0, 0.1, 1.597e+06, 124.863
12792, 61706, 137, 0, 0, 0.1, 1.59714e+06, 124.864
12793, 63746, 137, 1, 0, 0.1, 1.59727e+06, 124.865
12794, 63746, 117, 3, 0, 0.1, 1.59739e+06, 124.864
12795, 57349, 137, 1, 1, 0.1, 1.59753e+06, 124.865
12796, 57602, 127, 3, 1, 0.1, 1.59766e+06, 124.866
12797, 57349, 127, 3, 1, 0.1, 1.59778e+06, 124.866
12798, 62728, 127, 2, 0, 0.1, 1.59791e+06, 124.866
12799, 62730, 127, 1, 0, 0.1, 1.59804e+06, 124.866
12800, 62730, 117, 3, 0, 0.1, 1.59815e+06, 124.865
12801, 62730, 117, 0, 0, 0.1, 1.59827e+06, 124.865
12802, 62728, 127, 0, 0, 0.1, 1.5984e+06, 124.865
12803, 62730, 127, 2, 0, 0.1, 1.59852e+06, 124.865
12804, 62728, 127, 0, 0, 0.1, 1.59865e+06, 124.865
12805, 62730, 127, 2, 0, 0.1, 1.59878e+06, 124.866
12806, 62728, 127, 2, 0, 0.1, 1.59890e+06, 124.866
12807, 62730, 127, 2, 1, 0.1, 1.59903e+06, 124.866
12808, 63240, 137, 1, 0, 0.1, 1.59917e+06, 124.867
12809, 61445, 137, 3, 0, 0.1, 1.59931e+06, 124.868
12810, 62728, 127, 2, 0, 0.1, 1.59943e+06, 124.868
12811, 62730, 137, 3, 0, 0.1, 1.59957e+06, 124.869
12812, 62730, 117, 2, 0, 0.1, 1.59969e+06, 124.868
12813, 62730, 127, 2, 0, 0.1, 1.59981e+06, 124.868
12814, 33034, 137, 1, 0, 0.1, 1.59995e+06, 124.869
12815, 33034, 117, 0, 0, 0.1, 1.60007e+06, 124.869
12816, 33034, 127, 2, 0, 0.1, 1.6002e+06, 124.869
12817, 33034, 127, 1, 0, 0.1, 1.60032e+06, 124.869
12818, 33034, 117, 0, 0, 0.1, 1.60044e+06, 124.868
12819, 33034, 127, 0, 0, 0.1, 1.60057e+06, 124.869
12820, 33034, 127, 3, 0, 0.1, 1.60069e+06, 124.869
12821, 33034, 117, 0, 0, 0.1, 1.60081e+06, 124.868
12822, 49416, 127, 0, 0, 0.1, 1.60094e+06, 124.868
12823, 57610, 127, 0, 0, 0.1, 1.60106e+06, 124.869
12824, 61704, 127, 0, 0, 0.1, 1.60119e+06, 124.869
12825, 61706, 127, 2, 1, 0.1, 1.60132e+06, 124.869
12826, 61704, 127, 0, 0, 0.1, 1.60144e+06, 124.869
12827, 61706, 127, 2, 0, 0.1, 1.60157e+06, 124.869
12828, 61704, 127, 2, 0, 0.1, 1.6017e+06, 124.869
12829, 57610, 127, 0, 0, 0.1, 1.60183e+06, 124.87
12830, 61704, 127, 0, 0, 0.1, 1.60195e+06, 124.87
12831, 61706, 127, 1, 1, 0.1, 1.60208e+06, 124.87
12832, 61706, 117, 1, 1, 0.1, 1.6022e+06, 124.869
12833, 61706, 117, 0, 1, 0.1, 1.60231e+06, 124.869
12834, 61706, 137, 3, 0, 0.1, 1.60245e+06, 124.87
12835, 61706, 117, 2, 0, 0.1, 1.60257e+06, 124.869
12836, 61706, 127, 0, 0, 0.1, 1.6027e+06, 124.869
12837, 61706, 127, 2, 0, 0.1, 1.60282e+06, 124.869
12838, 61706, 127, 0, 0, 0.1, 1.60295e+06, 124.869
12839, 61706, 127, 0, 0, 0.1, 1.60308e+06, 124.87
12840, 61706, 137, 3, 1, 0.1, 1.60321e+06, 124.871
12841, 61706, 117, 1, 0, 0.1, 1.60333e+06, 124.87
12842, 61706, 117, 3, 0, 0.1, 1.60345e+06, 124.869
12843, 61706, 117, 2, 0, 0.1, 1.60356e+06, 124.869
12844, 61706, 127, 0, 0, 0.1, 1.60369e+06, 124.869
12845, 61706, 127, 0, 0, 0.1, 1.60382e+06, 124.869
12846, 62216, 137, 0, 0, 0.1, 1.60396e+06, 124.87
12847, 61706, 137, 2, 0, 0.1, 1.60409e+06, 124.871
12848, 62216, 127, 3, 0, 0.1, 1.60422e+06, 124.871
12849, 62216, 117, 3, 0, 0.1, 1.60434e+06, 124.87
12850, 62216, 117, 0, 0, 0.1, 1.60445e+06, 124.87
12851, 61706, 127, 2, 0, 0.1, 1.60458e+06, 124.87
12852, 62216, 127, 0, 0, 0.1, 1.60471e+06, 124.87
12853, 61706, 127, 1, 0, 0.1, 1.60483e+06, 124.87
12854, 61706, 117, 0, 1, 0.1, 1.60495e+06, 124.87
12855, 28938, 137, 1, 1, 0.1, 1.60509e+06, 124.871
12856, 28938, 117, 2, 0, 0.1, 1.60520e+06, 124.87
12857, 28938, 127, 1, 0, 0.1, 1.60533e+06, 124.87
12858, 28938, 117, 3, 0, 0.1, 1.60545e+06, 124.87
12859, 28938, 117, 0, 0, 0.1, 1.60557e+06, 124.869
12860, 28938, 127, 2, 0, 0.1, 1.60569e+06, 124.869
12861, 28938, 127, 2, 0, 0.1, 1.60582e+06, 124.869
12862, 25352, 127, 3, 0, 0.1, 1.60595e+06, 124.87
12863, 25352, 117, 1, 0, 0.1, 1.60606e+06, 124.869
12864, 29189, 127, 1, 0, 0.1, 1.60619e+06, 124.869
12865, 30480, 127, 1, 0, 0.1, 1.60632e+06, 124.869
12866, 29189, 137, 3, 0, 0.1, 1.60646e+06, 124.87
12867, 30480, 127, 1, 0, 0.1, 1.60658e+06, 124.87
12868, 29317, 127, 3, 0, 0.1, 1.60671e+06, 124.871
12869, 30496, 77, 0, 0, 0.1, 1.60679e+06, 124.867
12870, 30472, 127, 1, 0, 0.1, 1.60691e+06, 124.867
12871, 28677, 137, 2, 1, 0.1, 1.60705e+06, 124.868
12872, 28677, 117, 1, 0, 0.1, 1.60717e+06, 124.867
12873, 29954, 127, 3, 0, 0.1, 1.60729e+06, 124.867
12874, 28677, 127, 1, 0, 0.1, 1.60742e+06, 124.868
12875, 29954, 127, 3, 0, 0.1, 1.60755e+06, 124.868
12876, 28677, 127, 3, 0, 0.1, 1.60768e+06, 124.868
12877, 29960, 127, 3, 1, 0.1, 1.6078e+06, 124.868
12878, 29960, 117, 1, 0, 0.1, 1.60792e+06, 124.868
12879, 28677, 127, 3, 0, 0.1, 1.60805e+06, 124.868
12880, 29960, 127, 2, 0, 0.1, 1.60817e+06, 124.868
12881, 29962, 127, 2, 1, 0.1, 1.6083e+06, 124.868
12882, 30472, 137, 2, 0, 0.1, 1.60844e+06, 124.869
12883, 29962, 137, 2, 0, 0.1, 1.60857e+06, 124.87
12884, 32002, 137, 2, 0, 0.1, 1.60871e+06, 124.871
12885, 29962, 137, 3, 1, 0.1, 1.60885e+06, 124.872
12886, 29962, 117, 0, 0, 0.1, 1.60896e+06, 124.871
12887, 32002, 127, 0, 0, 0.1, 1.60909e+06, 124.871
12888, 29962, 127, 3, 0, 0.1, 1.60922e+06, 124.871
12889, 29962, 117, 2, 0, 0.1, 1.60934e+06, 124.871
12890, 32002, 127, 3, 0, 0.1, 1.60946e+06, 124.871
12891, 30725, 137, 3, 0, 0.1, 1.6096e+06, 124.872
12892, 30996, 127, 0, 0, 0.1, 1.60973e+06, 124.872
12893, 28954, 127, 0, 1, 0.1, 1.60985e+06, 124.872
12894, 28954, 127, 1, 0, 0.1, 1.60998e+06, 124.872
12895, 28954, 67, 3, 0, 0.1, 1.61005e+06, 124.868
12896, 29962, 117, 0, 0, 0.1, 1.61016e+06, 124.867
12897, 30472, 127, 2, 0, 0.1, 1.61029e+06, 124.868
12898, 29962, 127, 2, 0, 0.1, 1.61042e+06, 124.868
12899, 29960, 137, 1, 0, 0.1, 1.61056e+06, 124.869
12900, 28677, 127, 3, 0, 0.1, 1.61068e+06, 124.869
12901, 29960, 127, 1, 0, 0.1, 1.61081e+06, 124.869
12902, 28677, 127, 3, 0, 0.1, 1.61094e+06, 124.869
12903, 29960, 127, 2, 0, 0.1, 1.61106e+06, 124.869
12904, 29962, 137, 2, 0, 0.1, 1.6112e+06, 124.87
12905, 32002, 127, 2, 0, 0.1, 1.61133e+06, 124.87
12906, 29962, 137, 2, 0, 0.1, 1.61146e+06, 124.871
12907, 32512, 127, 0, 0, 0.1, 1.61159e+06, 124.872
12908, 29962, 127, 1, 0, 0.1, 1.61172e+06, 124.872
12909, 29962, 117, 2, 0, 0.1, 1.61184e+06, 124.871
12910, 32512, 127, 2, 0, 0.1, 1.61196e+06, 124.871
12911, 29962, 137, 1, 0, 0.1, 1.6121e+06, 124.872
12912, 29962, 117, 3, 0, 0.1, 1.61222e+06, 124.872
12913, 29962, 117, 1, 1, 0.1, 1.61233e+06, 124.871
12914, 29962, 117, 1, 0, 0.1, 1.61245e+06, 124.87
12915, 29962, 117, 0, 0, 0.1, 1.61257e+06, 124.87
12916, 32512, 127, 3, 0, 0.1, 1.6127e+06, 124.87
12917, 27141, 137, 1, 0, 0.1, 1.61283e+06, 124.871
12918, 32512, 127, 3, 0, 0.1, 1.61296e+06, 124.871
12919, 27141, 127, 1, 0, 0.1, 1.61309e+06, 124.871
12920, 32512, 127, 2, 0, 0.1, 1.61321e+06, 124.871
12921, 29962, 127, 1, 0, 0.1, 1.61334e+06, 124.872
12922, 29962, 117, 2, 0, 0.1, 1.61346e+06, 124.871
12923, 29962, 137, 0, 0, 0.1, 1.61359e+06, 124.872
12924, 29962, 127, 2, 0, 0.1, 1.61372e+06, 124.872
12925, 29962, 127, 0, 0, 0.1, 1.61385e+06, 124.872
12926, 29962, 127, 0, 0, 0.1, 1.61398e+06, 124.872
12927, 32512, 127, 3, 1, 0.1, 1.6141e+06, 124.873
12928, 27141, 127, 3, 0, 0.1, 1.61423e+06, 124.873
12929, 31237, 127, 3, 0, 0.1, 1.61436e+06, 124.873
12930, 31237, 127, 0, 0, 0.1, 1.61448e+06, 124.873
12931, 31237, 117, 3, 0, 0.1, 1.6146e+06, 124.872
12932, 28161, 137, 3, 0, 0.1, 1.61474e+06, 124.873
12933, 27141, 127, 2, 0, 0.1, 1.61486e+06, 124.873
12934, 27141, 117, 3, 0, 0.1, 1.61498e+06, 124.873
12935, 31237, 127, 3, 0, 0.1, 1.61511e+06, 124.873
12936, 31237, 127, 3, 0, 0.1, 1.61524e+06, 124.873
12937, 32257, 137, 2, 0, 0.1, 1.61537e+06, 124.874
12938, 29706, 127, 2, 0, 0.1, 1.6155e+06, 124.874
12939, 29706, 137, 3, 0, 0.1, 1.61564e+06, 124.875
12940, 29706, 117, 2, 0, 0.1, 1.61575e+06, 124.875
12941, 30726, 137, 3, 0, 0.1, 1.61589e+06, 124.876
12942, 30725, 127, 3, 0, 0.1, 1.61602e+06, 124.876
12943, 63748, 137, 3, 0, 0.1, 1.61615e+06, 124.877
12944, 63493, 127, 3, 0, 0.1, 1.61628e+06, 124.877
12945, 57612, 137, 0, 1, 0.1, 1.61642e+06, 124.878
12946, 57610, 127, 2, 0, 0.1, 1.61654e+06, 124.878
12947, 57612, 127, 0, 0, 0.1, 1.61667e+06, 124.878
12948, 57610, 127, 0, 0, 0.1, 1.6168e+06, 124.878
12949, 61706, 127, 0, 1, 0.1, 1.61693e+06, 124.878
12950, 62216, 127, 0, 0, 0.1, 1.61705e+06, 124.879
12951, 61706, 137, 0, 0, 0.1, 1.61719e+06, 124.88
12952, 61706, 127, 2, 0, 0.1, 1.61732e+06, 124.88
12953, 61706, 127, 1, 0, 0.1, 1.61744e+06, 124.88
12954, 61706, 117, 2, 0, 0.1, 1.61756e+06, 124.879
12955, 62216, 127, 0, 0, 0.1, 1.61769e+06, 124.879
12956, 61706, 127, 2, 0, 0.1, 1.61782e+06, 124.88
12957, 62216, 127, 3, 0, 0.1, 1.61794e+06, 124.88
12958, 62216, 117, 1, 0, 0.1, 1.61806e+06, 124.879
12959, 61957, 137, 1, 0, 0.1, 1.6182e+06, 124.88
12960, 63232, 127, 1, 0, 0.1, 1.61832e+06, 124.88
12961, 57861, 137, 1, 0, 0.1, 1.61846e+06, 124.881
12962, 49665, 127, 1, 0, 0.1, 1.61859e+06, 124.881
12963, 33285, 127, 3, 0, 0.1, 1.61871e+06, 124.881
12964, 49665, 127, 0, 0, 0.1, 1.61884e+06, 124.882
12965, 49665, 117, 1, 1, 0.1, 1.61896e+06, 124.881
12966, 33285, 127, 1, 0, 0.1, 1.61908e+06, 124.881
12967, 33285, 127, 1, 0, 0.1, 1.61921e+06, 124.881
12968, 49669, 127, 1, 0, 0.1, 1.61934e+06, 124.882
12969, 58881, 127, 3, 0, 0.1, 1.61947e+06, 124.882
12970, 49669, 127, 0, 0, 0.1, 1.61959e+06, 124.882
12971, 49669, 117, 3, 0, 0.1, 1.61971e+06, 124.881
12972, 33285, 127, 1, 0, 0.1, 1.61984e+06, 124.881
12973, 49669, 127, 1, 0, 0.1, 1.61996e+06, 124.882
12974, 58881, 127, 0, 1, 0.1, 1.62009e+06, 124.882
12975, 58881, 117, 3, 0, 0.1, 1.62021e+06, 124.881
12976, 49669, 127, 3, 0, 0.1, 1.62034e+06, 124.881
12977, 33285, 127, 1, 1, 0.1, 1.62046e+06, 124.881
12978, 49669, 127, 0, 0, 0.1, 1.62059e+06, 124.882
12979, 49669, 117, 1, 0, 0.1, 1.62071e+06, 124.881
12980, 58881, 127, 1, 0, 0.1, 1.62083e+06, 124.881
12981, 49669, 127, 3, 0, 0.1, 1.62096e+06, 124.881
12982, 58881, 127, 1, 0, 0.1, 1.62109e+06, 124.882
12983, 49669, 127, 3, 0, 0.1, 1.62121e+06, 124.882
12984, 58881, 127, 1, 0, 0.1, 1.62134e+06, 124.882
12985, 49669, 127, 1, 1, 0.1, 1.62147e+06, 124.882
12986, 49669, 127, 2, 1, 0.1, 1.6216e+06, 124.882
12987, 49669, 117, 1, 0, 0.1, 1.62171e+06, 124.882
12988, 57861, 127, 1, 0, 0.1, 1.62184e+06, 124.882
12989, 63232, 127, 3, 0, 0.1, 1.62197e+06, 124.882
12990, 57861, 127, 3, 0, 0.1, 1.62209e+06, 124.882
12991, 49669, 127, 2, 0, 0.1, 1.62222e+06, 124.882
12992, 49669, 117, 3, 0, 0.1, 1.62234e+06, 124.882
12993, 49669, 127, 0, 0, 0.1, 1.62246e+06, 124.882
12994, 49669, 117, 3, 0, 0.1, 1.62258e+06, 124.881
12995, 58881, 127, 3, 0, 0.1, 1.62271e+06, 124.881
12996, 49669, 127, 1, 0, 0.1, 1.62284e+06, 124.881
12997, 58881, 127, 0, 1, 0.1, 1.62296e+06, 124.882
12998, 58881, 117, 2, 0, 0.1, 1.62308e+06, 124.881
12999, 62474, 127, 2, 0, 0.1, 1.62321e+06, 124.881
13000, 62474, 127, 2, 0, 0.1, 1.62333e+06, 124.881
13001, 50186, 137, 3, 0, 0.1, 1.62347e+06, 124.882
13002, 50186, 117, 3, 0, 0.1, 1.62359e+06, 124.882
13003, 50186, 117, 0, 0, 0.1, 1.6237e+06, 124.881
13004, 33802, 127, 2, 0, 0.1, 1.62383e+06, 124.881
13005, 50186, 127, 3, 0, 0.1, 1.62396e+06, 124.881
13006, 50186, 117, 0, 0, 0.1, 1.62408e+06, 124.881
13007, 33802, 127, 0, 0, 0.1, 1.6242e+06, 124.881
13008, 33802, 127, 0, 0, 0.1, 1.62433e+06, 124.881
13009, 34305, 127, 0, 0, 0.1, 1.62446e+06, 124.881
13010, 34305, 117, 0, 0, 0.1, 1.62457e+06, 124.881
13011, 34305, 117, 0, 0, 0.1, 1.62469e+06, 124.88
13012, 34305, 117, 1, 0, 0.1, 1.62481e+06, 124.879
13013, 33285, 127, 2, 0, 0.1, 1.62493e+06, 124.88
13014, 33285, 117, 0, 0, 0.1, 1.62505e+06, 124.879
13015, 33285, 117, 3, 0, 0.1, 1.62517e+06, 124.878
13016, 34305, 127, 0, 0, 0.1, 1.6253e+06, 124.879
13017, 34305, 117, 3, 0, 0.1, 1.62541e+06, 124.878
13018, 33285, 127, 1, 0, 0.1, 1.62554e+06, 124.878
13019, 34305, 127, 0, 0, 0.1, 1.62567e+06, 124.878
13020, 34305, 117, 0, 0, 0.1, 1.62578e+06, 124.878
13021, 34305, 117, 2, 1, 0.1, 1.6259e+06, 124.877
13022, 33802, 127, 1, 0, 0.1, 1.62603e+06, 124.877
13023, 33802, 117, 1, 0, 0.1, 1.62614e+06, 124.877
13024, 33802, 117, 3, 0, 0.1, 1.62626e+06, 124.876
13025, 33802, 117, 0, 0, 0.1, 1.62638e+06, 124.875
13026, 34305, 127, 0, 0, 0.1, 1.62650e+06, 124.876
13027, 34305, 117, 3, 0, 0.1, 1.62662e+06, 124.875
13028, 33285, 127, 2, 1, 0.1, 1.62675e+06, 124.875
13029, 33285, 117, 1, 0, 0.1, 1.62687e+06, 124.875
13030, 34305, 127, 1, 0, 0.1, 1.62699e+06, 124.875
13031, 33285, 127, 3, 0, 0.1, 1.62712e+06, 124.875
13032, 34305, 127, 3, 0, 0.1, 1.62725e+06, 124.875
13033, 33285, 127, 0, 0, 0.1, 1.62737e+06, 124.875
13034, 33285, 117, 3, 0, 0.1, 1.62749e+06, 124.875
13035, 33285, 127, 0, 1, 0.1, 1.62762e+06, 124.875
13036, 33285, 117, 3, 0, 0.1, 1.62774e+06, 124.874
13037, 33285, 127, 1, 0, 0.1, 1.62786e+06, 124.874
13038, 33285, 127, 2, 0, 0.1, 1.62799e+06, 124.875
13039, 33285, 117, 0, 0, 0.1, 1.62811e+06, 124.874
13040, 33285, 117, 0, 0, 0.1, 1.62822e+06, 124.873
13041, 33285, 117, 3, 0, 0.1, 1.62834e+06, 124.873
13042, 33285, 127, 1, 0, 0.1, 1.62847e+06, 124.873
13043, 517, 127, 1, 0, 0.1, 1.62859e+06, 124.873
13044, 517, 127, 1, 0, 0.1, 1.62872e+06, 124.873
13045, 1537, 127, 2, 0, 0.1, 1.62885e+06, 124.873
13046, 1034, 127, 2, 0, 0.1, 1.62898e+06, 124.874
13047, 1034, 127, 0, 0, 0.1, 1.6291e+06, 124.874
13048, 1034, 127, 2, 0, 0.1, 1.62923e+06, 124.874
13049, 1034, 127, 0, 0, 0.1, 1.62936e+06, 124.874
13050, 1034, 127, 2, 0, 0.1, 1.62948e+06, 124.874
13051, 1034, 127, 3, 0, 0.1, 1.62961e+06, 124.874
13052, 1034, 117, 2, 0, 0.1, 1.62973e+06, 124.874
13053, 17418, 127, 0, 0, 0.1, 1.62985e+06, 124.874
13054, 1034, 127, 2, 0, 0.1, 1.62998e+06, 124.874
13055, 17418, 127, 0, 0, 0.1, 1.63011e+06, 124.874
13056, 1034, 127, 1, 0, 0.1, 1.63024e+06, 124.874
13057, 1034, 117, 2, 0, 0.1, 1.63035e+06, 124.874
13058, 17418, 127, 3, 1, 0.1, 1.63048e+06, 124.874
13059, 17418, 117, 2, 0, 0.1, 1.6306e+06, 124.873
13060, 25610, 127, 2, 0, 0.1, 1.63072e+06, 124.873
13061, 29706, 127, 2, 0, 0.1, 1.63085e+06, 124.874
13062, 29706, 127, 2, 0, 0.1, 1.63098e+06, 124.874
13063, 29706, 137, 0, 0, 0.1, 1.63111e+06, 124.875
13064, 25610, 127, 2, 0, 0.1, 1.63124e+06, 124.875
13065, 29706, 127, 0, 0, 0.1, 1.63137e+06, 124.875
13066, 25610, 127, 0, 0, 0.1, 1.6315e+06, 124.875
13067, 17418, 127, 0, 1, 0.1, 1.63162e+06, 124.875
13068, 1034, 127, 2, 0, 0.1, 1.63175e+06, 124.876
13069, 17418, 127, 0, 0, 0.1, 1.63188e+06, 124.876
13070, 1034, 127, 3, 0, 0.1, 1.632e+06, 124.876
13071, 1034, 117, 0, 0, 0.1, 1.63212e+06, 124.875
13072, 1034, 127, 2, 0, 0.1, 1.63225e+06, 124.875
13073, 1034, 127, 1, 0, 0.1, 1.63237e+06, 124.876
13074, 1034, 117, 2, 0, 0.1, 1.63249e+06, 124.875
13075, 17418, 127, 0, 0, 0.1, 1.63262e+06, 124.875
13076, 1034, 127, 3, 1, 0.1, 1.63274e+06, 124.875
13077, 1034, 117, 2, 0, 0.1, 1.63286e+06, 124.875
13078, 17418, 127, 3, 0, 0.1, 1.63299e+06, 124.875
13079, 17418, 117, 0, 0, 0.1, 1.63311e+06, 124.874
13080, 1034, 127, 1, 1, 0.1, 1.63323e+06, 124.874
13081, 1034, 117, 0, 0, 0.1, 1.63335e+06, 124.874
13082, 1034, 127, 3, 1, 0.1, 1.63348e+06, 124.874
13083, 1034, 117, 0, 0, 0.1, 1.63359e+06, 124.873
13084, 1034, 127, 0, 1, 0.1, 1.63372e+06, 124.874
13085, 1034, 127, 0, 0, 0.1, 1.63385e+06, 124.874
13086, 1537, 127, 1, 0, 0.1, 1.63398e+06, 124.874
13087, 517, 127, 2, 0, 0.1, 1.6341e+06, 124.874
13088, 517, 117, 0, 0, 0.1, 1.63422e+06, 124.873
13089, 517, 117, 1, 0, 0.1, 1.63434e+06, 124.873
13090, 16901, 127, 3, 0, 0.1, 1.63446e+06, 124.873
13091, 517, 127, 2, 0, 0.1, 1.63459e+06, 124.873
13092, 517, 117, 0, 0, 0.1, 1.63471e+06, 124.873
13093, 517, 117, 2, 0, 0.1, 1.63482e+06, 124.872
13094, 517, 117, 1, 0, 0.1, 1.63494e+06, 124.871
13095, 16901, 127, 3, 1, 0.1, 1.63507e+06, 124.872
13096, 517, 127, 3, 0, 0.1, 1.6352e+06, 124.872
13097, 1537, 127, 2, 0, 0.1, 1.63532e+06, 124.872
13098, 1034, 127, 0, 0, 0.1, 1.63545e+06, 124.872
13099, 1537, 127, 1, 0, 0.1, 1.63558e+06, 124.872
13100, 517, 127, 1, 0, 0.1, 1.6357e+06, 124.872
13101, 16901, 127, 1, 0, 0.1, 1.63583e+06, 124.873
13102, 25093, 127, 0, 1, 0.1, 1.63596e+06, 124.873
13103, 25093, 117, 0, 0, 0.1, 1.63607e+06, 124.872
13104, 25093, 117, 1, 0, 0.1, 1.63619e+06, 124.871
13105, 30480, 127, 2, 1, 0.1, 1.63632e+06, 124.872
13106, 29978, 127, 2, 1, 0.1, 1.63644e+06, 124.872
13107, 29978, 127, 2, 0, 0.1, 1.63657e+06, 124.872
13108, 29468, 137, 1, 0, 0.1, 1.63671e+06, 124.873
13109, 28805, 137, 1, 0, 0.1, 1.63685e+06, 124.874
13110, 57350, 137, 3, 0, 0.1, 1.63698e+06, 124.875
13111, 49157, 127, 1, 1, 0.1, 1.63711e+06, 124.875
13112, 57350, 127, 0, 0, 0.1, 1.63724e+06, 124.875
13113, 61961, 127, 0, 0, 0.1, 1.63736e+06, 124.875
13114, 61961, 117, 3, 0, 0.1, 1.63748e+06, 124.875
13115, 61961, 117, 2, 1, 0.1, 1.6376e+06, 124.874
13116, 57350, 127, 0, 0, 0.1, 1.63772e+06, 124.874
13117, 61961, 127, 2, 0, 0.1, 1.63785e+06, 124.874
13118, 57350, 127, 3, 0, 0.1, 1.63798e+06, 124.875
13119, 49157, 127, 3, 0, 0.1, 1.63811e+06, 124.875
13120, 33052, 127, 0, 0, 0.1, 1.63823e+06, 124.875
13121, 49434, 127, 3, 0, 0.1, 1.63836e+06, 124.875
13122, 49434, 117, 0, 0, 0.1, 1.63848e+06, 124.874
13123, 57626, 127, 2, 0, 0.1, 1.6386e+06, 124.875
13124, 49418, 127, 3, 1, 0.1, 1.63873e+06, 124.875
13125, 49418, 117, 0, 0, 0.1, 1.63885e+06, 124.874
13126, 57610, 127, 0, 0, 0.1, 1.63898e+06, 124.874
13127, 62208, 127, 0, 0, 0.1, 1.6391e+06, 124.874
13128, 61706, 127, 0, 0, 0.1, 1.63923e+06, 124.875
13129, 63746, 127, 3, 0, 0.1, 1.63936e+06, 124.875
13130, 59397, 137, 3, 1, 0.1, 1.63949e+06, 124.876
13131, 63764, 127, 2, 0, 0.1, 1.63962e+06, 124.876
13132, 63764, 117, 3, 0, 0.1, 1.63974e+06, 124.875
13133, 63493, 127, 2, 0, 0.1, 1.63986e+06, 124.875
13134, 63493, 117, 3, 0, 0.1, 1.63998e+06, 124.875
13135, 63493, 137, 1, 0, 0.1, 1.64012e+06, 124.876
13136, 59397, 127, 2, 0, 0.1, 1.64024e+06, 124.876
13137, 59397, 117, 0, 0, 0.1, 1.64036e+06, 124.875
13138, 59397, 117, 2, 1, 0.1, 1.64048e+06, 124.875
13139, 59397, 117, 0, 0, 0.1, 1.6406e+06, 124.874
13140, 59397, 117, 3, 0, 0.1, 1.64071e+06, 124.874
13141, 63493, 127, 1, 0, 0.1, 1.64084e+06, 124.874
13142, 59397, 127, 1, 0, 0.1, 1.64097e+06, 124.874
13143, 51460, 127, 3, 0, 0.1, 1.64109e+06, 124.874
13144, 59397, 127, 0, 0, 0.1, 1.64122e+06, 124.874
13145, 59397, 117, 2, 0, 0.1, 1.64134e+06, 124.874
13146, 59397, 117, 3, 0, 0.1, 1.64146e+06, 124.873
13147, 63493, 127, 3, 1, 0.1, 1.64158e+06, 124.873
13148, 63493, 127, 0, 0, 0.1, 1.64171e+06, 124.873
13149, 63493, 117, 2, 0, 0.1, 1.64183e+06, 124.873
13150, 63493, 117, 1, 0, 0.1, 1.64194e+06, 124.872
13151, 63493, 127, 1, 0, 0.1, 1.64207e+06, 124.872
13152, 59397, 127, 2, 0, 0.1, 1.6422e+06, 124.872
13153, 59397, 117, 3, 0, 0.1, 1.64231e+06, 124.872
13154, 63493, 127, 1, 0, 0.1, 1.64244e+06, 124.872
13155, 59397, 127, 1, 0, 0.1, 1.64257e+06, 124.872
13156, 51460, 127, 0, 0, 0.1, 1.6427e+06, 124.872
13157, 57626, 127, 0, 0, 0.1, 1.64282e+06, 124.872
13158, 61706, 127, 0, 0, 0.1, 1.64295e+06, 124.873
13159, 61706, 127, 2, 0, 0.1, 1.64308e+06, 124.873
13160, 61706, 127, 0, 0, 0.1, 1.6432e+06, 124.873
13161, 61706, 127, 0, 0, 0.1, 1.64333e+06, 124.873
13162, 61706, 137, 0, 0, 0.1, 1.64347e+06, 124.874
13163, 61450, 137, 0, 0, 0.1, 1.6436e+06, 124.875
13164, 64129, 127, 0, 0, 0.1, 1.64373e+06, 124.875
13165, 64129, 117, 1, 0, 0.1, 1.64385e+06, 124.875
13166, 64005, 137, 3, 0, 0.1, 1.64398e+06, 124.875
13167, 64001, 127, 2, 1, 0.1, 1.64411e+06, 124.876
13168, 57354, 127, 1, 0, 0.1, 1.64424e+06, 124.876
13169, 57354, 117, 2, 0, 0.1, 1.64436e+06, 124.875
13170, 49162, 127, 2, 0, 0.1, 1.64448e+06, 124.875
13171, 32778, 127, 1, 0, 0.1, 1.64461e+06, 124.875
13172, 32778, 117, 3, 1, 0.1, 1.64473e+06, 124.875
13173, 32778, 117, 0, 0, 0.1, 1.64484e+06, 124.874
13174, 49162, 127, 2, 0, 0.1, 1.64497e+06, 124.874
13175, 32778, 127, 0, 0, 0.1, 1.6451e+06, 124.875
13176, 49162, 127, 2, 0, 0.1, 1.64522e+06, 124.875
13177, 32778, 127, 1, 0, 0.1, 1.64535e+06, 124.875
13178, 32778, 117, 0, 0, 0.1, 1.64547e+06, 124.874
13179, 49162, 127, 0, 0, 0.1, 1.6456e+06, 124.874
13180, 57354, 127, 2, 0, 0.1, 1.64572e+06, 124.875
13181, 49162, 127, 2, 0, 0.1, 1.64585e+06, 124.875
13182, 32778, 127, 2, 0, 0.1, 1.64598e+06, 124.875
13183, 32778, 127, 2, 0, 0.1, 1.6461e+06, 124.875
13184, 32778, 127, 1, 0, 0.1, 1.64623e+06, 124.875
13185, 32778, 117, 0, 0, 0.1, 1.64635e+06, 124.875
13186, 32778, 127, 0, 0, 0.1, 1.64648e+06, 124.875
13187, 32778, 127, 1, 0, 0.1, 1.6466e+06, 124.875
13188, 32778, 117, 3, 0, 0.1, 1.64672e+06, 124.874
13189, 32778, 117, 3, 0, 0.1, 1.64684e+06, 124.874
13190, 32778, 117, 0, 0, 0.1, 1.64695e+06, 124.873
13191, 49162, 127, 1, 1, 0.1, 1.64708e+06, 124.873
13192, 49162, 117, 0, 0, 0.1, 1.6472e+06, 124.873
13193, 57354, 127, 0, 0, 0.1, 1.64732e+06, 124.873
13194, 64001, 127, 1, 0, 0.1, 1.64745e+06, 124.873
13195, 64005, 127, 1, 0, 0.1, 1.64758e+06, 124.873
13196, 63746, 137, 3, 0, 0.1, 1.64772e+06, 124.874
13197, 63493, 127, 3, 0, 0.1, 1.64784e+06, 124.874
13198, 63489, 127, 2, 0, 0.1, 1.64797e+06, 124.875
13199, 57354, 127, 2, 0, 0.1, 1.6481e+06, 124.875
13200, 49162, 127, 1, 0, 0.1, 1.64822e+06, 124.875
13201, 49162, 117, 3, 0, 0.1, 1.64834e+06, 124.874
13202, 49162, 117, 0, 0, 0.1, 1.64846e+06, 124.874
13203, 57354, 127, 1, 1, 0.1, 1.64858e+06, 124.874
13204, 57354, 117, 1, 1, 0.1, 1.6487e+06, 124.873
13205, 57354, 117, 2, 0, 0.1, 1.64882e+06, 124.873
13206, 49162, 127, 2, 0, 0.1, 1.64894e+06, 124.873
13207, 32778, 127, 2, 0, 0.1, 1.64907e+06, 124.873
13208, 32778, 127, 0, 0, 0.1, 1.6492e+06, 124.873
13209, 32778, 127, 3, 0, 0.1, 1.64933e+06, 124.873
13210, 10, 117, 3, 0, 0.1, 1.64944e+06, 124.873
13211, 10, 117, 0, 0, 0.1, 1.64956e+06, 124.872
13212, 16394, 127, 2, 1, 0.1, 1.64969e+06, 124.872
13213, 10, 127, 2, 0, 0.1, 1.64981e+06, 124.872
13214, 10, 127, 2, 0, 0.1, 1.64994e+06, 124.873
13215, 10, 127, 3, 0, 0.1, 1.65007e+06, 124.873
13216, 10, 117, 1, 0, 0.1, 1.65018e+06, 124.872
13217, 10, 117, 2, 0, 0.1, 1.6503e+06, 124.872
13218, 18436, 127, 3, 0, 0.1, 1.65043e+06, 124.872
13219, 26629, 127, 2, 0, 0.1, 1.65056e+06, 124.872
13220, 26629, 117, 3, 0, 0.1, 1.65067e+06, 124.871
13221, 30725, 127, 1, 0, 0.1, 1.6508e+06, 124.871
13222, 26629, 127, 1, 0, 0.1, 1.65093e+06, 124.872
13223, 18436, 127, 2, 0, 0.1, 1.65105e+06, 124.872
13224, 18436, 117, 0, 0, 0.1, 1.65117e+06, 124.871
13225, 10, 127, 1, 1, 0.1, 1.6513e+06, 124.871
13226, 10, 117, 2, 0, 0.1, 1.65142e+06, 124.871
13227, 18436, 127, 3, 0, 0.1, 1.65154e+06, 124.871
13228, 26629, 127, 3, 1, 0.1, 1.65167e+06, 124.871
13229, 30725, 127, 1, 1, 0.1, 1.6518e+06, 124.871
13230, 26629, 127, 1, 0, 0.1, 1.65192e+06, 124.871
13231, 18436, 127, 2, 0, 0.1, 1.65205e+06, 124.872
13232, 18436, 117, 0, 0, 0.1, 1.65217e+06, 124.871
13233, 10, 127, 3, 0, 0.1, 1.65229e+06, 124.871
13234, 10, 117, 3, 0, 0.1, 1.65241e+06, 124.87
13235, 10, 117, 0, 0, 0.1, 1.65253e+06, 124.87
13236, 10, 127, 1, 0, 0.1, 1.65266e+06, 124.87
13237, 10, 117, 0, 0, 0.1, 1.65277e+06, 124.869
13238, 10, 127, 1, 0, 0.1, 1.6529e+06, 124.87
13239, 10, 117, 2, 0, 0.1, 1.65302e+06, 124.869
13240, 10, 127, 3, 1, 0.1, 1.65314e+06, 124.869
13241, 10, 117, 2, 1, 0.1, 1.65326e+06, 124.869
13242, 10, 127, 0, 1, 0.1, 1.65339e+06, 124.869
13243, 10, 127, 2, 0, 0.1, 1.65351e+06, 124.869
13244, 10, 127, 2, 0, 0.1, 1.65364e+06, 124.869
13245, 18436, 127, 2, 0, 0.1, 1.65377e+06, 124.869
13246, 18436, 117, 1, 0, 0.1, 1.65388e+06, 124.869
13247, 2053, 127, 2, 0, 0.1, 1.65401e+06, 124.869
13248, 2053, 117, 2, 0, 0.1, 1.65413e+06, 124.868
13249, 2053, 117, 0, 0, 0.1, 1.65425e+06, 124.868
13250, 2053, 117, 3, 0, 0.1, 1.65436e+06, 124.867
13251, 18468, 127, 1, 0, 0.1, 1.65449e+06, 124.867
13252, 2053, 77, 2, 0, 0.1, 1.65457e+06, 124.864
13253, 25864, 137, 3, 0, 0.1, 1.6547e+06, 124.864
13254, 25864, 117, 1, 0, 0.1, 1.65482e+06, 124.864
13255, 28677, 127, 3, 0, 0.1, 1.65495e+06, 124.864
13256, 25864, 127, 1, 0, 0.1, 1.65508e+06, 124.864
13257, 28677, 127, 3, 0, 0.1, 1.6552e+06, 124.864
13258, 25864, 127, 1, 0, 0.1, 1.65533e+06, 124.865
13259, 28677, 127, 3, 0, 0.1, 1.65546e+06, 124.865
13260, 25864, 127, 2, 0, 0.1, 1.65558e+06, 124.865
13261, 29962, 127, 2, 0, 0.1, 1.65571e+06, 124.865
13262, 32002, 127, 2, 0, 0.1, 1.65584e+06, 124.865
13263, 29962, 137, 2, 0, 0.1, 1.65597e+06, 124.866
13264, 32512, 127, 3, 1, 0.1, 1.6561e+06, 124.866
13265, 31237, 137, 0, 0, 0.1, 1.65624e+06, 124.867
13266, 31237, 117, 0, 0, 0.1, 1.65636e+06, 124.867
13267, 31237, 117, 3, 0, 0.1, 1.65647e+06, 124.866
13268, 31237, 127, 3, 0, 0.1, 1.6566e+06, 124.866
13269, 31237, 127, 0, 0, 0.1, 1.65673e+06, 124.866
13270, 31237, 117, 2, 0, 0.1, 1.65684e+06, 124.866
13271, 31237, 117, 3, 0, 0.1, 1.65696e+06, 124.865
13272, 28161, 137, 3, 0, 0.1, 1.6571e+06, 124.866
13273, 31237, 127, 1, 0, 0.1, 1.65722e+06, 124.866
13274, 28161, 127, 2, 0, 0.1, 1.65735e+06, 124.866
13275, 29706, 127, 2, 0, 0.1, 1.65748e+06, 124.867
13276, 29706, 127, 1, 0, 0.1, 1.65760e+06, 124.867
13277, 29706, 117, 2, 0, 0.1, 1.65772e+06, 124.866
13278, 29706, 137, 1, 0, 0.1, 1.65786e+06, 124.867
13279, 29706, 117, 1, 0, 0.1, 1.65798e+06, 124.866
13280, 29706, 117, 2, 0, 0.1, 1.65809e+06, 124.866
13281, 29706, 137, 2, 0, 0.1, 1.65823e+06, 124.867
13282, 29706, 137, 1, 0, 0.1, 1.65837e+06, 124.868
13283, 29706, 117, 2, 0, 0.1, 1.65848e+06, 124.867
13284, 29706, 137, 3, 0, 0.1, 1.65862e+06, 124.868
13285, 29706, 117, 2, 0, 0.1, 1.65874e+06, 124.867
13286, 29706, 127, 0, 0, 0.1, 1.65886e+06, 124.868
13287, 29706, 127, 2, 0, 0.1, 1.65899e+06, 124.868
13288, 29706, 127, 2, 0, 0.1, 1.65912e+06, 124.868
13289, 28682, 137, 2, 0, 0.1, 1.65926e+06, 124.869
13290, 31236, 127, 0, 0, 0.1, 1.65938e+06, 124.869
13291, 28682, 127, 2, 0, 0.1, 1.65951e+06, 124.869
13292, 31236, 127, 0, 0, 0.1, 1.65964e+06, 124.869
13293, 28682, 127, 2, 0, 0.1, 1.65976e+06, 124.869
13294, 31236, 127, 3, 0, 0.1, 1.65989e+06, 124.87
13295, 31237, 137, 3, 0, 0.1, 1.66003e+06, 124.87
13296, 31237, 127, 3, 0, 0.1, 1.66016e+06, 124.871
13297, 31237, 137, 2, 1, 0.1, 1.66029e+06, 124.872
13298, 31237, 117, 0, 0, 0.1, 1.66041e+06, 124.871
13299, 31237, 117, 1, 0, 0.1, 1.66053e+06, 124.87
13300, 31237, 127, 3, 0, 0.1, 1.66065e+06, 124.871
13301, 31237, 127, 3, 0, 0.1, 1.66078e+06, 124.871
13302, 31492, 137, 0, 1, 0.1, 1.66092e+06, 124.872
13303, 28938, 137, 2, 0, 0.1, 1.66105e+06, 124.873
13304, 31492, 127, 0, 0, 0.1, 1.66118e+06, 124.873
13305, 28938, 127, 0, 0, 0.1, 1.66131e+06, 124.873
13306, 28682, 137, 1, 0, 0.1, 1.66144e+06, 124.874
13307, 28682, 117, 2, 0, 0.1, 1.66156e+06, 124.873
13308, 28682, 127, 1, 0, 0.1, 1.66169e+06, 124.873
13309, 28682, 117, 2, 0, 0.1, 1.66181e+06, 124.873
13310, 31236, 127, 2, 0, 0.1, 1.66193e+06, 124.873
13311, 31236, 117, 3, 0, 0.1, 1.66205e+06, 124.872
13312, 31237, 137, 1, 0, 0.1, 1.66219e+06, 124.873
13313, 27140, 127, 3, 0, 0.1, 1.66231e+06, 124.873
13314, 31237, 127, 1, 0, 0.1, 1.66244e+06, 124.874
13315, 27140, 127, 3, 0, 0.1, 1.66257e+06, 124.874
13316, 31237, 127, 0, 1, 0.1, 1.6627e+06, 124.874
13317, 31237, 117, 3, 0, 0.1, 1.66281e+06, 124.873
13318, 32512, 127, 2, 0, 0.1, 1.66294e+06, 124.873
13319, 29962, 127, 0, 0, 0.1, 1.66307e+06, 124.874
13320, 32512, 127, 2, 0, 0.1, 1.66319e+06, 124.874
13321, 29962, 127, 2, 0, 0.1, 1.66332e+06, 124.874
13322, 29960, 127, 2, 0, 0.1, 1.66345e+06, 124.874
13323, 29962, 137, 2, 0, 0.1, 1.66358e+06, 124.875
13324, 32002, 137, 3, 0, 0.1, 1.66372e+06, 124.876
13325, 30725, 127, 3, 0, 0.1, 1.66385e+06, 124.876
13326, 29960, 137, 1, 0, 0.1, 1.66398e+06, 124.877
13327, 28677, 127, 3, 0, 0.1, 1.66411e+06, 124.877
13328, 29960, 127, 2, 0, 0.1, 1.66424e+06, 124.877
13329, 29962, 137, 1, 0, 0.1, 1.66438e+06, 124.878
13330, 29962, 117, 2, 0, 0.1, 1.66449e+06, 124.878
13331, 30472, 127, 0, 1, 0.1, 1.66462e+06, 124.878
13332, 29962, 127, 2, 0, 0.1, 1.66475e+06, 124.878
13333, 30472, 127, 2, 0, 0.1, 1.66487e+06, 124.878
13334, 29962, 127, 2, 0, 0.1, 1.665e+06, 124.878
13335, 29962, 137, 0, 1, 0.1, 1.66514e+06, 124.879
13336, 29962, 127, 2, 0, 0.1, 1.66526e+06, 124.879
13337, 29962, 127, 2, 0, 0.1, 1.66539e+06, 124.879
13338, 29962, 137, 2, 0, 0.1, 1.66553e+06, 124.88
13339, 30472, 137, 2, 0, 0.1, 1.66567e+06, 124.881
13340, 29962, 127, 0, 0, 0.1, 1.66579e+06, 124.881
13341, 30472, 127, 2, 0, 0.1, 1.66592e+06, 124.882
13342, 29962, 127, 2, 0, 0.1, 1.66605e+06, 124.882
13343, 24842, 137, 2, 0, 0.1, 1.66618e+06, 124.883
13344, 28940, 127, 0, 0, 0.1, 1.66631e+06, 124.883
13345, 24842, 127, 1, 0, 0.1, 1.66644e+06, 124.883
13346, 24842, 117, 0, 0, 0.1, 1.66656e+06, 124.882
13347, 28938, 127, 2, 0, 0.1, 1.66668e+06, 124.883
13348, 24842, 127, 0, 0, 0.1, 1.66681e+06, 124.883
13349, 28938, 127, 0, 0, 0.1, 1.66694e+06, 124.883
13350, 29448, 127, 1, 0, 0.1, 1.66706e+06, 124.883
13351, 29189, 137, 2, 0, 0.1, 1.6672e+06, 124.884
13352, 29189, 117, 2, 0, 0.1, 1.66732e+06, 124.883
13353, 29189, 117, 3, 0, 0.1, 1.66743e+06, 124.883
13354, 29448, 127, 1, 0, 0.1, 1.66756e+06, 124.883
13355, 29189, 127, 1, 0, 0.1, 1.66769e+06, 124.883
13356, 29440, 137, 1, 0, 0.1, 1.66782e+06, 124.884
13357, 29189, 127, 3, 0, 0.1, 1.66795e+06, 124.884
13358, 29440, 127, 1, 0, 0.1, 1.66808e+06, 124.884
13359, 29189, 127, 3, 0, 0.1, 1.66821e+06, 124.884
13360, 29440, 127, 3, 0, 0.1, 1.66833e+06, 124.885
13361, 29189, 127, 1, 0, 0.1, 1.66846e+06, 124.885
13362, 29440, 127, 2, 0, 0.1, 1.66859e+06, 124.885
13363, 28938, 127, 0, 1, 0.1, 1.66871e+06, 124.885
13364, 29440, 127, 1, 0, 0.1, 1.66884e+06, 124.885
13365, 29189, 127, 1, 0, 0.1, 1.66897e+06, 124.885
13366, 30209, 127, 1, 0, 0.1, 1.6691e+06, 124.886
13367, 25093, 137, 2, 0, 0.1, 1.66923e+06, 124.886
13368, 25093, 117, 0, 0, 0.1, 1.66935e+06, 124.886
13369, 25093, 117, 2, 1, 0.1, 1.66947e+06, 124.885
13370, 25093, 117, 1, 0, 0.1, 1.66958e+06, 124.885
13371, 16901, 127, 1, 0, 0.1, 1.66971e+06, 124.885
13372, 517, 127, 0, 0, 0.1, 1.66984e+06, 124.885
13373, 517, 117, 1, 0, 0.1, 1.66995e+06, 124.884
13374, 513, 127, 1, 0, 0.1, 1.67008e+06, 124.885
13375, 16901, 127, 1, 0, 0.1, 1.67021e+06, 124.885
13376, 25093, 127, 0, 0, 0.1, 1.67034e+06, 124.885
13377, 25093, 117, 0, 1, 0.1, 1.67045e+06, 124.884
13378, 25093, 117, 1, 0, 0.1, 1.67057e+06, 124.884
13379, 29189, 127, 3, 0, 0.1, 1.6707e+06, 124.884
13380, 25093, 127, 3, 0, 0.1, 1.67082e+06, 124.884
13381, 16901, 127, 1, 0, 0.1, 1.67095e+06, 124.884
13382, 25093, 127, 3, 0, 0.1, 1.67108e+06, 124.884
13383, 16901, 127, 1, 0, 0.1, 1.6712e+06, 124.884
13384, 25093, 127, 2, 0, 0.1, 1.67133e+06, 124.885
13385, 25093, 117, 1, 0, 0.1, 1.67145e+06, 124.884
13386, 29189, 127, 3, 0, 0.1, 1.67158e+06, 124.884
13387, 25093, 127, 0, 0, 0.1, 1.6717e+06, 124.884
13388, 25093, 117, 1, 0, 0.1, 1.67182e+06, 124.884
13389, 29189, 127, 1, 0, 0.1, 1.67195e+06, 124.884
13390, 30464, 127, 1, 0, 0.1, 1.67207e+06, 124.884
13391, 29189, 127, 1, 0, 0.1, 1.6722e+06, 124.884
13392, 29444, 137, 0, 0, 0.1, 1.67234e+06, 124.885
13393, 28938, 127, 2, 0, 0.1, 1.67246e+06, 124.885
13394, 29444, 127, 1, 0, 0.1, 1.67259e+06, 124.885
13395, 29317, 127, 3, 0, 0.1, 1.67272e+06, 124.886
13396, 29572, 127, 1, 0, 0.1, 1.67284e+06, 124.886
13397, 29317, 127, 1, 0, 0.1, 1.67297e+06, 124.886
13398, 29827, 137, 2, 0, 0.1, 1.67311e+06, 124.887
13399, 29722, 137, 1, 0, 0.1, 1.67325e+06, 124.888
13400, 29722, 67, 3, 0, 0.1, 1.67331e+06, 124.883
13401, 29962, 117, 0, 0, 0.1, 1.67343e+06, 124.883
13402, 30472, 127, 1, 0, 0.1, 1.67356e+06, 124.883
13403, 28677, 137, 1, 0, 0.1, 1.67369e+06, 124.884
13404, 29954, 127, 3, 0, 0.1, 1.67382e+06, 124.884
13405, 28677, 127, 3, 0, 0.1, 1.67395e+06, 124.884
13406, 29960, 127, 2, 0, 0.1, 1.67408e+06, 124.884
13407, 29962, 127, 0, 1, 0.1, 1.6742e+06, 124.885
13408, 29960, 127, 0, 0, 0.1, 1.67433e+06, 124.885
13409, 29962, 137, 3, 0, 0.1, 1.67447e+06, 124.886
13410, 29962, 117, 2, 0, 0.1, 1.67458e+06, 124.885
13411, 29960, 127, 2, 0, 0.1, 1.67471e+06, 124.885
13412, 29962, 127, 2, 0, 0.1, 1.67484e+06, 124.885
13413, 30472, 137, 1, 0, 0.1, 1.67497e+06, 124.886
13414, 29189, 137, 1, 0, 0.1, 1.67511e+06, 124.887
13415, 29954, 137, 3, 0, 0.1, 1.67525e+06, 124.888
13416, 28677, 127, 1, 0, 0.1, 1.67538e+06, 124.888
13417, 29954, 127, 0, 0, 0.1, 1.6755e+06, 124.888
13418, 25866, 127, 2, 0, 0.1, 1.67563e+06, 124.888
13419, 29954, 127, 0, 0, 0.1, 1.67576e+06, 124.889
13420, 25866, 127, 3, 1, 0.1, 1.67588e+06, 124.889
13421, 25866, 117, 2, 0, 0.1, 1.676e+06, 124.888
13422, 29954, 127, 3, 0, 0.1, 1.67613e+06, 124.888
13423, 28677, 127, 3, 0, 0.1, 1.67625e+06, 124.889
13424, 29960, 127, 1, 0, 0.1, 1.67638e+06, 124.889
13425, 28677, 127, 1, 0, 0.1, 1.67651e+06, 124.889
13426, 29954, 127, 2, 0, 0.1, 1.67664e+06, 124.889
13427, 29962, 127, 2, 0, 0.1, 1.67676e+06, 124.889
13428, 30472, 137, 1, 0, 0.1, 1.6769e+06, 124.89
13429, 24581, 137, 3, 0, 0.1, 1.67704e+06, 124.891
13430, 29960, 127, 1, 0, 0.1, 1.67716e+06, 124.891
13431, 24581, 127, 1, 0, 0.1, 1.67729e+06, 124.891
13432, 28934, 127, 3, 1, 0.1, 1.67742e+06, 124.891
13433, 24581, 127, 3, 0, 0.1, 1.67754e+06, 124.892
13434, 29960, 127, 1, 0, 0.1, 1.67767e+06, 124.892
13435, 24581, 127, 3, 0, 0.1, 1.6778e+06, 124.892
13436, 29960, 127, 0, 0, 0.1, 1.67792e+06, 124.892
13437, 25866, 127, 2, 0, 0.1, 1.67805e+06, 124.892
13438, 29960, 127, 1, 0, 0.1, 1.67818e+06, 124.892
13439, 24581, 127, 3, 0, 0.1, 1.67831e+06, 124.893
13440, 29960, 127, 2, 0, 0.1, 1.67843e+06, 124.893
13441, 29962, 127, 0, 0, 0.1, 1.67856e+06, 124.893
13442, 29960, 127, 0, 0, 0.1, 1.67869e+06, 124.893
13443, 25866, 127, 2, 0, 0.1, 1.67881e+06, 124.893
13444, 29960, 127, 0, 0, 0.1, 1.67894e+06, 124.893
13445, 25866, 127, 2, 0, 0.1, 1.67907e+06, 124.893
13446, 29960, 127, 2, 1, 0.1, 1.6792e+06, 124.894
13447, 29962, 127, 2, 0, 0.1, 1.67932e+06, 124.894
13448, 31492, 137, 0, 1, 0.1, 1.67946e+06, 124.895
13449, 28938, 127, 2, 0, 0.1, 1.67959e+06, 124.895
13450, 31492, 127, 3, 0, 0.1, 1.67971e+06, 124.895
13451, 31237, 127, 1, 1, 0.1, 1.67984e+06, 124.895
13452, 31492, 127, 0, 0, 0.1, 1.67997e+06, 124.895
13453, 28938, 127, 2, 0, 0.1, 1.68009e+06, 124.895
13454, 31492, 127, 2, 0, 0.1, 1.68022e+06, 124.896
13455, 31492, 117, 0, 0, 0.1, 1.68034e+06, 124.895
13456, 28938, 127, 0, 0, 0.1, 1.68046e+06, 124.895
13457, 24840, 127, 1, 0, 0.1, 1.68059e+06, 124.895
13458, 24581, 127, 3, 0, 0.1, 1.68072e+06, 124.896
13459, 24840, 127, 2, 0, 0.1, 1.68085e+06, 124.896
13460, 28938, 127, 2, 0, 0.1, 1.68097e+06, 124.896
13461, 31492, 127, 1, 0, 0.1, 1.6811e+06, 124.896
13462, 26629, 137, 2, 0, 0.1, 1.68124e+06, 124.897
13463, 26629, 117, 3, 0, 0.1, 1.68135e+06, 124.896
13464, 30980, 127, 0, 0, 0.1, 1.68148e+06, 124.896
13465, 24842, 127, 0, 0, 0.1, 1.68161e+06, 124.897
13466, 16648, 127, 0, 0, 0.1, 1.68174e+06, 124.897
13467, 16650, 127, 0, 0, 0.1, 1.68186e+06, 124.897
13468, 24834, 127, 0, 0, 0.1, 1.68199e+06, 124.897
13469, 16650, 127, 0, 0, 0.1, 1.68212e+06, 124.897
13470, 24834, 127, 2, 1, 0.1, 1.68224e+06, 124.897
13471, 16650, 127, 3, 1, 0.1, 1.68237e+06, 124.898
13472, 16650, 117, 0, 0, 0.1, 1.68249e+06, 124.897
13473, 24834, 77, 3, 0, 0.1, 1.68256e+06, 124.893
13474, 29962, 117, 0, 0, 0.1, 1.68268e+06, 124.893
13475, 30472, 127, 0, 0, 0.1, 1.68281e+06, 124.893
13476, 29962, 127, 0, 0, 0.1, 1.68294e+06, 124.893
13477, 27906, 127, 3, 0, 0.1, 1.68306e+06, 124.893
13478, 26629, 127, 3, 0, 0.1, 1.68319e+06, 124.893
13479, 31745, 127, 2, 0, 0.1, 1.68332e+06, 124.894
13480, 29706, 127, 3, 1, 0.1, 1.68344e+06, 124.894
13481, 29706, 117, 2, 0, 0.1, 1.68356e+06, 124.893
13482, 10, 137, 3, 0, 0.1, 1.6837e+06, 124.894
13483, 10, 117, 3, 0, 0.1, 1.68381e+06, 124.893
13484, 10, 117, 1, 0, 0.1, 1.68393e+06, 124.893
13485, 10, 117, 0, 0, 0.1, 1.68405e+06, 124.892
13486, 16394, 127, 2, 0, 0.1, 1.68418e+06, 124.892
13487, 10, 127, 2, 0, 0.1, 1.6843e+06, 124.893
13488, 10, 127, 2, 0, 0.1, 1.68443e+06, 124.893
13489, 16394, 127, 2, 0, 0.1, 1.68456e+06, 124.893
13490, 24650, 127, 3, 0, 0.1, 1.68468e+06, 124.893
13491, 24586, 67, 3, 0, 0.1, 1.68475e+06, 124.889
13492, 29962, 117, 0, 0, 0.1, 1.68487e+06, 124.888
13493, 30472, 137, 1, 0, 0.1, 1.685e+06, 124.889
13494, 29189, 137, 3, 0, 0.1, 1.68514e+06, 124.89
13495, 30472, 127, 1, 0, 0.1, 1.68527e+06, 124.89
13496, 29189, 127, 0, 0, 0.1, 1.6854e+06, 124.89
13497, 29189, 117, 1, 0, 0.1, 1.68551e+06, 124.89
13498, 29954, 137, 2, 1, 0.1, 1.68565e+06, 124.891
13499, 29962, 137, 0, 0, 0.1, 1.68579e+06, 124.892
13500, 25858, 127, 2, 0, 0.1, 1.68591e+06, 124.892
13501, 29962, 127, 0, 0, 0.1, 1.68604e+06, 124.892
13502, 25858, 127, 2, 0, 0.1, 1.68617e+06, 124.892
13503, 29962, 127, 2, 0, 0.1, 1.68629e+06, 124.892
13504, 32002, 127, 2, 0, 0.1, 1.68642e+06, 124.892
13505, 29962, 137, 1, 1, 0.1, 1.68656e+06, 124.893
13506, 29962, 117, 2, 0, 0.1, 1.68668e+06, 124.893
13507, 30472, 127, 1, 0, 0.1, 1.6868e+06, 124.893
13508, 29189, 127, 3, 0, 0.1, 1.68693e+06, 124.893
13509, 30472, 127, 2, 0, 0.1, 1.68706e+06, 124.893
13510, 29962, 137, 2, 0, 0.1, 1.68719e+06, 124.894
13511, 31492, 137, 2, 0, 0.1, 1.68733e+06, 124.895
13512, 31492, 117, 3, 0, 0.1, 1.68745e+06, 124.894
13513, 31237, 137, 1, 0, 0.1, 1.68758e+06, 124.895
13514, 31492, 127, 0, 0, 0.1, 1.68771e+06, 124.895
13515, 28938, 127, 0, 0, 0.1, 1.68784e+06, 124.896
13516, 29448, 127, 1, 0, 0.1, 1.68796e+06, 124.896
13517, 29189, 127, 1, 0, 0.1, 1.68809e+06, 124.896
13518, 28934, 137, 0, 0, 0.1, 1.68823e+06, 124.897
13519, 28938, 127, 0, 0, 0.1, 1.68836e+06, 124.897
13520, 29193, 137, 3, 0, 0.1, 1.68849e+06, 124.898
13521, 29193, 117, 1, 0, 0.1, 1.68861e+06, 124.897
13522, 29189, 137, 3, 0, 0.1, 1.68875e+06, 124.898
13523, 29193, 127, 1, 0, 0.1, 1.68887e+06, 124.898
13524, 29189, 127, 3, 0, 0.1, 1.689e+06, 124.898
13525, 29193, 127, 1, 0, 0.1, 1.68913e+06, 124.899
13526, 29189, 127, 0, 0, 0.1, 1.68926e+06, 124.899
13527, 29189, 117, 1, 0, 0.1, 1.68937e+06, 124.898
13528, 29954, 137, 2, 0, 0.1, 1.68951e+06, 124.899
13529, 29962, 127, 0, 1, 0.1, 1.68964e+06, 124.899
13530, 29954, 127, 2, 0, 0.1, 1.68976e+06, 124.899
13531, 29962, 127, 0, 0, 0.1, 1.68989e+06, 124.899
13532, 29954, 127, 2, 0, 0.1, 1.69002e+06, 124.9
13533, 29962, 127, 1, 1, 0.1, 1.69014e+06, 124.9
13534, 29962, 117, 2, 0, 0.1, 1.69026e+06, 124.899
13535, 29962, 137, 2, 0, 0.1, 1.6904e+06, 124.9
13536, 29962, 137, 2, 0, 0.1, 1.69054e+06, 124.901
13537, 29962, 137, 2, 0, 0.1, 1.69067e+06, 124.902
13538, 29962, 127, 2, 1, 0.1, 1.6908e+06, 124.902
13539, 16650, 137, 1, 0, 0.1, 1.69094e+06, 124.903
13540, 16650, 117, 0, 0, 0.1, 1.69105e+06, 124.902
13541, 266, 127, 0, 0, 0.1, 1.69118e+06, 124.903
13542, 266, 127, 3, 0, 0.1, 1.69131e+06, 124.903
13543, 266, 117, 2, 0, 0.1, 1.69142e+06, 124.902
13544, 266, 127, 0, 0, 0.1, 1.69155e+06, 124.902
13545, 266, 127, 1, 0, 0.1, 1.69168e+06, 124.902
13546, 266, 117, 0, 0, 0.1, 1.6918e+06, 124.902
13547, 266, 127, 0, 0, 0.1, 1.69192e+06, 124.902
13548, 16650, 127, 0, 0, 0.1, 1.69205e+06, 124.902
13549, 24842, 127, 0, 0, 0.1, 1.69218e+06, 124.902
13550, 28930, 127, 3, 0, 0.1, 1.6923e+06, 124.902
13551, 24581, 127, 1, 0, 0.1, 1.69243e+06, 124.903
13552, 28930, 127, 0, 1, 0.1, 1.69256e+06, 124.903
13553, 28938, 127, 1, 0, 0.1, 1.69268e+06, 124.903
13554, 28938, 117, 2, 0, 0.1, 1.6928e+06, 124.902
13555, 28930, 127, 0, 0, 0.1, 1.69293e+06, 124.902
13556, 28938, 127, 1, 0, 0.1, 1.69306e+06, 124.903
13557, 28938, 117, 0, 0, 0.1, 1.69317e+06, 124.902
13558, 30978, 137, 2, 1, 0.1, 1.69331e+06, 124.903
13559, 24842, 127, 0, 0, 0.1, 1.69344e+06, 124.903
13560, 30978, 127, 2, 0, 0.1, 1.69356e+06, 124.903
13561, 24842, 127, 0, 0, 0.1, 1.69369e+06, 124.903
13562, 30978, 127, 0, 0, 0.1, 1.69382e+06, 124.904
13563, 24842, 127, 0, 0, 0.1, 1.69394e+06, 124.904
13564, 28938, 127, 0, 0, 0.1, 1.69407e+06, 124.904
13565, 28938, 127, 2, 0, 0.1, 1.6942e+06, 124.904
13566, 28938, 127, 0, 0, 0.1, 1.69432e+06, 124.904
13567, 28938, 127, 2, 0, 0.1, 1.69445e+06, 124.904
13568, 28938, 127, 0, 1, 0.1, 1.69458e+06, 124.904
13569, 28938, 127, 2, 0, 0.1, 1.69471e+06, 124.905
13570, 28938, 127, 1, 1, 0.1, 1.69483e+06, 124.905
13571, 28938, 117, 3, 1, 0.1, 1.69495e+06, 124.904
13572, 28938, 117, 3, 0, 0.1, 1.69507e+06, 124.904
13573, 28938, 117, 3, 0, 0.1, 1.69518e+06, 124.903
13574, 28938, 117, 0, 0, 0.1, 1.6953e+06, 124.902
13575, 28938, 127, 2, 0, 0.1, 1.69543e+06, 124.903
13576, 28938, 127, 2, 0, 0.1, 1.69556e+06, 124.903
13577, 24842, 127, 1, 0, 0.1, 1.69568e+06, 124.903
13578, 24842, 117, 2, 0, 0.1, 1.6958e+06, 124.902
13579, 30978, 127, 1, 0, 0.1, 1.69593e+06, 124.902
13580, 31106, 117, 0, 0, 0.1, 1.69604e+06, 124.902
13581, 24842, 127, 0, 1, 0.1, 1.69617e+06, 124.902
13582, 29002, 127, 3, 0, 0.1, 1.6963e+06, 124.902
13583, 29002, 117, 2, 0, 0.1, 1.69641e+06, 124.902
13584, 24858, 77, 1, 1, 0.1, 1.69649e+06, 124.898
13585, 29962, 117, 3, 0, 0.1, 1.69661e+06, 124.898
13586, 29962, 117, 3, 0, 0.1, 1.69672e+06, 124.897
13587, 29962, 117, 1, 0, 0.1, 1.69684e+06, 124.896
13588, 29962, 117, 0, 0, 0.1, 1.69696e+06, 124.896
13589, 30472, 127, 1, 0, 0.1, 1.69709e+06, 124.896
13590, 28677, 137, 1, 0, 0.1, 1.69722e+06, 124.897
13591, 29954, 127, 3, 0, 0.1, 1.69735e+06, 124.897
13592, 28677, 127, 1, 0, 0.1, 1.69748e+06, 124.897
13593, 29954, 127, 0, 0, 0.1, 1.6976e+06, 124.897
13594, 29962, 127, 2, 0, 0.1, 1.69773e+06, 124.897
13595, 29954, 127, 3, 0, 0.1, 1.69786e+06, 124.898
13596, 28677, 127, 3, 0, 0.1, 1.69798e+06, 124.898
13597, 29960, 127, 2, 0, 0.1, 1.69811e+06, 124.898
13598, 29962, 127, 3, 0, 0.1, 1.69824e+06, 124.898
13599, 29962, 117, 2, 0, 0.1, 1.69836e+06, 124.897
13600, 30472, 137, 2, 1, 0.1, 1.69849e+06, 124.898
13601, 29962, 137, 2, 0, 0.1, 1.69863e+06, 124.899
13602, 32002, 127, 2, 0, 0.1, 1.69876e+06, 124.899
13603, 29962, 127, 2, 0, 0.1, 1.69888e+06, 124.9
13604, 32512, 127, 3, 0, 0.1, 1.69901e+06, 124.9
13605, 31237, 137, 2, 0, 0.1, 1.69915e+06, 124.901
13606, 31237, 117, 3, 0, 0.1, 1.69926e+06, 124.9
13607, 31237, 127, 3, 0, 0.1, 1.69939e+06, 124.9
13608, 27141, 137, 2, 0, 0.1, 1.69953e+06, 124.901
13609, 27141, 117, 1, 0, 0.1, 1.69965e+06, 124.9
13610, 18949, 127, 3, 0, 0.1, 1.69977e+06, 124.901
13611, 27141, 127, 3, 0, 0.1, 1.6999e+06, 124.901
13612, 32257, 127, 2, 0, 0.1, 1.70003e+06, 124.901
13613, 29706, 127, 0, 1, 0.1, 1.70015e+06, 124.901
13614, 32257, 127, 1, 0, 0.1, 1.70028e+06, 124.901
13615, 27141, 127, 1, 0, 0.1, 1.70041e+06, 124.901
13616, 18949, 127, 2, 0, 0.1, 1.70054e+06, 124.902
13617, 18949, 117, 0, 0, 0.1, 1.70065e+06, 124.901
13618, 18949, 117, 1, 0, 0.1, 1.70077e+06, 124.9
13619, 27141, 127, 1, 0, 0.1, 1.7009e+06, 124.901
13620, 32512, 127, 0, 0, 0.1, 1.70102e+06, 124.901
13621, 29978, 127, 0, 0, 0.1, 1.70115e+06, 124.901
13622, 32066, 77, 2, 0, 0.1, 1.70123e+06, 124.897
13623, 29960, 127, 2, 0, 0.1, 1.70135e+06, 124.898
13624, 29962, 137, 2, 0, 0.1, 1.70149e+06, 124.898
13625, 32002, 137, 2, 0, 0.1, 1.70163e+06, 124.899
13626, 29962, 127, 0, 0, 0.1, 1.70176e+06, 124.899
13627, 32002, 127, 0, 0, 0.1, 1.70188e+06, 124.9
13628, 29962, 127, 2, 0, 0.1, 1.70201e+06, 124.9
13629, 32002, 127, 3, 0, 0.1, 1.70214e+06, 124.9
13630, 30725, 137, 3, 0, 0.1, 1.70227e+06, 124.901
13631, 30980, 137, 2, 0, 0.1, 1.70241e+06, 124.902
13632, 30980, 117, 0, 0, 0.1, 1.70253e+06, 124.901
13633, 28938, 137, 2, 1, 0.1, 1.70266e+06, 124.902
13634, 30980, 127, 1, 0, 0.1, 1.70279e+06, 124.902
13635, 30725, 127, 3, 0, 0.1, 1.70292e+06, 124.902
13636, 30980, 127, 3, 0, 0.1, 1.70304e+06, 124.902
13637, 30853, 137, 0, 0, 0.1, 1.70318e+06, 124.903
13638, 30853, 117, 3, 0, 0.1, 1.7033e+06, 124.903
13639, 30725, 77, 0, 1, 0.1, 1.70338e+06, 124.899
13640, 29960, 137, 1, 0, 0.1, 1.70351e+06, 124.9
13641, 28677, 127, 3, 1, 0.1, 1.70364e+06, 124.9
13642, 29960, 127, 1, 0, 0.1, 1.70377e+06, 124.9
13643, 28677, 127, 3, 0, 0.1, 1.70389e+06, 124.901
13644, 29960, 127, 2, 0, 0.1, 1.70402e+06, 124.901
13645, 25866, 127, 2, 0, 0.1, 1.70415e+06, 124.901
13646, 29960, 127, 2, 1, 0.1, 1.70428e+06, 124.901
13647, 29962, 127, 1, 0, 0.1, 1.7044e+06, 124.901
13648, 29962, 117, 2, 0, 0.1, 1.70452e+06, 124.901
13649, 32002, 137, 2, 0, 0.1, 1.70466e+06, 124.902
13650, 29962, 137, 3, 0, 0.1, 1.70479e+06, 124.902
13651, 29962, 117, 1, 1, 0.1, 1.70491e+06, 124.902
13652, 29962, 117, 2, 0, 0.1, 1.70503e+06, 124.901
13653, 32512, 127, 2, 0, 0.1, 1.70515e+06, 124.901
13654, 28938, 137, 2, 0, 0.1, 1.70529e+06, 124.902
13655, 28938, 127, 3, 0, 0.1, 1.70542e+06, 124.902
13656, 28938, 117, 2, 0, 0.1, 1.70554e+06, 124.902
13657, 29452, 127, 3, 1, 0.1, 1.70566e+06, 124.902
13658, 29452, 117, 0, 0, 0.1, 1.70578e+06, 124.901
13659, 28938, 127, 1, 1, 0.1, 1.70591e+06, 124.902
13660, 28938, 117, 2, 0, 0.1, 1.70602e+06, 124.901
13661, 29452, 127, 1, 0, 0.1, 1.70615e+06, 124.901
13662, 28677, 137, 1, 0, 0.1, 1.70629e+06, 124.902
13663, 61702, 137, 1, 0, 0.1, 1.70642e+06, 124.903
13664, 61702, 117, 2, 0, 0.1, 1.70654e+06, 124.902
13665, 61702, 117, 0, 1, 0.1, 1.70666e+06, 124.902
13666, 61961, 137, 1, 0, 0.1, 1.7068e+06, 124.903
13667, 61445, 137, 1, 0, 0.1, 1.70693e+06, 124.904
13668, 61698, 127, 3, 1, 0.1, 1.70706e+06, 124.904
13669, 61445, 127, 3, 0, 0.1, 1.70719e+06, 124.904
13670, 57353, 127, 3, 0, 0.1, 1.70731e+06, 124.904
13671, 57353, 117, 2, 0, 0.1, 1.70743e+06, 124.903
13672, 49158, 127, 1, 0, 0.1, 1.70756e+06, 124.904
13673, 49158, 117, 1, 0, 0.1, 1.70767e+06, 124.903
13674, 49158, 117, 0, 0, 0.1, 1.70779e+06, 124.902
13675, 57353, 127, 3, 1, 0.1, 1.70792e+06, 124.903
13676, 57353, 117, 2, 0, 0.1, 1.70804e+06, 124.902
13677, 49158, 127, 3, 0, 0.1, 1.70816e+06, 124.902
13678, 32773, 127, 0, 0, 0.1, 1.70829e+06, 124.902
13679, 32773, 117, 3, 1, 0.1, 1.70841e+06, 124.902
13680, 49420, 127, 0, 0, 0.1, 1.70853e+06, 124.902
13681, 57610, 127, 2, 0, 0.1, 1.70866e+06, 124.902
13682, 49420, 127, 2, 0, 0.1, 1.70879e+06, 124.902
13683, 49420, 117, 3, 0, 0.1, 1.7089e+06, 124.902
13684, 49420, 117, 0, 0, 0.1, 1.70902e+06, 124.901
13685, 57610, 127, 1, 0, 0.1, 1.70915e+06, 124.901
13686, 57610, 117, 0, 0, 0.1, 1.70926e+06, 124.901
13687, 61706, 127, 0, 0, 0.1, 1.70939e+06, 124.901
13688, 64256, 127, 0, 0, 0.1, 1.70952e+06, 124.901
13689, 61706, 127, 2, 0, 0.1, 1.70965e+06, 124.901
13690, 64256, 127, 0, 0, 0.1, 1.70977e+06, 124.901
13691, 61706, 127, 3, 1, 0.1, 1.7099e+06, 124.901
13692, 61706, 117, 2, 0, 0.1, 1.71002e+06, 124.901
13693, 64256, 127, 3, 0, 0.1, 1.71014e+06, 124.901
13694, 64005, 127, 1, 0, 0.1, 1.71027e+06, 124.901
13695, 64256, 127, 1, 0, 0.1, 1.7104e+06, 124.901
13696, 64005, 137, 3, 0, 0.1, 1.71054e+06, 124.902
13697, 64256, 127, 0, 0, 0.1, 1.71066e+06, 124.902
13698, 57610, 127, 0, 0, 0.1, 1.71079e+06, 124.902
13699, 59778, 127, 3, 0, 0.1, 1.71092e+06, 124.903
13700, 63493, 127, 3, 0, 0.1, 1.71104e+06, 124.903
13701, 63748, 127, 2, 0, 0.1, 1.71117e+06, 124.903
13702, 63748, 117, 1, 0, 0.1, 1.71129e+06, 124.902
13703, 63493, 127, 1, 0, 0.1, 1.71141e+06, 124.902
13704, 59650, 127, 3, 0, 0.1, 1.71154e+06, 124.903
13705, 63493, 127, 3, 1, 0.1, 1.71167e+06, 124.903
13706, 63748, 127, 3, 0, 0.1, 1.7118e+06, 124.903
13707, 63493, 137, 0, 1, 0.1, 1.71193e+06, 124.904
13708, 63493, 117, 2, 0, 0.1, 1.71205e+06, 124.903
13709, 63493, 117, 3, 0, 0.1, 1.71217e+06, 124.903
13710, 63493, 137, 2, 0, 0.1, 1.7123e+06, 124.904
13711, 63493, 117, 2, 0, 0.1, 1.71242e+06, 124.903
13712, 63493, 117, 1, 0, 0.1, 1.71254e+06, 124.902
13713, 59397, 127, 1, 0, 0.1, 1.71266e+06, 124.903
13714, 63748, 127, 3, 0, 0.1, 1.71279e+06, 124.903
13715, 59397, 127, 1, 0, 0.1, 1.71292e+06, 124.903
13716, 63748, 127, 3, 0, 0.1, 1.71304e+06, 124.903
13717, 59397, 127, 3, 0, 0.1, 1.71317e+06, 124.903
13718, 63493, 127, 1, 0, 0.1, 1.7133e+06, 124.903
13719, 59397, 127, 2, 0, 0.1, 1.71343e+06, 124.903
13720, 59397, 117, 1, 0, 0.1, 1.71354e+06, 124.903
13721, 63748, 127, 3, 0, 0.1, 1.71367e+06, 124.903
13722, 59397, 127, 0, 0, 0.1, 1.7138e+06, 124.903
13723, 59397, 117, 1, 0, 0.1, 1.71391e+06, 124.903
13724, 63748, 127, 3, 0, 0.1, 1.71404e+06, 124.903
13725, 59397, 127, 3, 0, 0.1, 1.71417e+06, 124.903
13726, 63493, 127, 1, 0, 0.1, 1.7143e+06, 124.903
13727, 59397, 127, 3, 0, 0.1, 1.71442e+06, 124.903
13728, 63493, 127, 3, 0, 0.1, 1.71455e+06, 124.903
13729, 63493, 127, 3, 0, 0.1, 1.71468e+06, 124.904
13730, 61708, 137, 3, 0, 0.1, 1.71481e+06, 124.904
13731, 61708, 117, 0, 0, 0.1, 1.71493e+06, 124.904
13732, 61706, 127, 2, 0, 0.1, 1.71506e+06, 124.904
13733, 61708, 127, 2, 0, 0.1, 1.71518e+06, 124.904
13734, 61708, 117, 3, 1, 0.1, 1.7153e+06, 124.904
13735, 61708, 117, 2, 0, 0.1, 1.71542e+06, 124.903
13736, 61708, 117, 0, 1, 0.1, 1.71554e+06, 124.902
13737, 61706, 127, 0, 0, 0.1, 1.71566e+06, 124.903
13738, 64256, 137, 3, 0, 0.1, 1.7158e+06, 124.903
13739, 64005, 137, 2, 1, 0.1, 1.71594e+06, 124.904
13740, 64005, 117, 3, 0, 0.1, 1.71605e+06, 124.904
13741, 62985, 137, 1, 0, 0.1, 1.71619e+06, 124.905
13742, 61957, 127, 1, 0, 0.1, 1.71632e+06, 124.905
13743, 62208, 127, 1, 1, 0.1, 1.71644e+06, 124.905
13744, 57348, 137, 1, 0, 0.1, 1.71658e+06, 124.906
13745, 49158, 127, 0, 0, 0.1, 1.71671e+06, 124.906
13746, 57346, 127, 3, 0, 0.1, 1.71684e+06, 124.906
13747, 61440, 127, 0, 0, 0.1, 1.71696e+06, 124.906
13748, 63489, 127, 1, 0, 0.1, 1.71709e+06, 124.906
13749, 63491, 127, 1, 0, 0.1, 1.71722e+06, 124.907
13750, 63491, 117, 1, 0, 0.1, 1.71733e+06, 124.906
13751, 63491, 117, 3, 0, 0.1, 1.71745e+06, 124.905
13752, 63489, 127, 3, 0, 0.1, 1.71758e+06, 124.906
13753, 63744, 137, 3, 0, 0.1, 1.71771e+06, 124.906
13754, 61445, 137, 1, 0, 0.1, 1.71785e+06, 124.907
13755, 61696, 127, 1, 0, 0.1, 1.71798e+06, 124.908
13756, 61441, 127, 2, 1, 0.1, 1.71810e+06, 124.908
13757, 57344, 127, 3, 0, 0.1, 1.71823e+06, 124.908
13758, 61704, 127, 1, 1, 0.1, 1.71836e+06, 124.908
13759, 57344, 127, 1, 0, 0.1, 1.71849e+06, 124.908
13760, 49154, 127, 1, 0, 0.1, 1.71861e+06, 124.908
13761, 49154, 117, 3, 0, 0.1, 1.71873e+06, 124.908
13762, 57344, 127, 2, 0, 0.1, 1.71886e+06, 124.908
13763, 16388, 127, 1, 0, 0.1, 1.71898e+06, 124.908
13764, 6, 127, 2, 0, 0.1, 1.71911e+06, 124.908
13765, 6, 117, 2, 0, 0.1, 1.71923e+06, 124.908
13766, 6, 117, 1, 0, 0.1, 1.71934e+06, 124.907
13767, 6, 117, 0, 0, 0.1, 1.71946e+06, 124.906
13768, 16386, 127, 2, 0, 0.1, 1.71959e+06, 124.907
13769, 6, 127, 3, 0, 0.1, 1.71972e+06, 124.907
13770, 16388, 127, 3, 0, 0.1, 1.71984e+06, 124.907
13771, 24832, 127, 2, 0, 0.1, 1.71997e+06, 124.907
13772, 16650, 127, 0, 0, 0.1, 1.7201e+06, 124.907
13773, 24832, 127, 2, 0, 0.1, 1.72022e+06, 124.907
13774, 16650, 127, 0, 0, 0.1, 1.72035e+06, 124.908
13775, 24832, 127, 2, 0, 0.1, 1.72048e+06, 124.908
13776, 16650, 127, 2, 0, 0.1, 1.72060e+06, 124.908
13777, 268, 127, 1, 0, 0.1, 1.72073e+06, 124.908
13778, 5, 127, 1, 0, 0.1, 1.72086e+06, 124.908
13779, 16389, 127, 3, 0, 0.1, 1.72099e+06, 124.908
13780, 5, 127, 1, 0, 0.1, 1.72111e+06, 124.908
13781, 16389, 127, 1, 0, 0.1, 1.72124e+06, 124.909
13782, 24581, 127, 3, 0, 0.1, 1.72137e+06, 124.909
13783, 16389, 127, 1, 0, 0.1, 1.72149e+06, 124.909
13784, 24581, 127, 2, 0, 0.1, 1.72162e+06, 124.909
13785, 24581, 117, 0, 0, 0.1, 1.72174e+06, 124.908
13786, 24581, 117, 3, 0, 0.1, 1.72186e+06, 124.908
13787, 16389, 127, 3, 0, 0.1, 1.72198e+06, 124.908
13788, 5, 127, 3, 0, 0.1, 1.72211e+06, 124.908
13789, 268, 127, 2, 0, 0.1, 1.72224e+06, 124.908
13790, 268, 117, 3, 0, 0.1, 1.72235e+06, 124.908
13791, 268, 117, 0, 0, 0.1, 1.72247e+06, 124.907
13792, 16650, 127, 0, 0, 0.1, 1.7226e+06, 124.907
13793, 24832, 127, 2, 0, 0.1, 1.72272e+06, 124.907
13794, 16650, 127, 1, 0, 0.1, 1.72285e+06, 124.908
13795, 16650, 117, 0, 0, 0.1, 1.72297e+06, 124.907
13796, 24832, 127, 2, 0, 0.1, 1.7231e+06, 124.907
13797, 16650, 127, 1, 1, 0.1, 1.72322e+06, 124.907
13798, 16650, 117, 1, 0, 0.1, 1.72334e+06, 124.907
13799, 16650, 117, 1, 0, 0.1, 1.72346e+06, 124.906
13800, 16650, 117, 0, 0, 0.1, 1.72357e+06, 124.906
13801, 24832, 127, 3, 0, 0.1, 1.7237e+06, 124.906
13802, 28677, 127, 1, 0, 0.1, 1.72383e+06, 124.906
13803, 24832, 127, 1, 1, 0.1, 1.72395e+06, 124.906
13804, 16388, 127, 3, 0, 0.1, 1.72408e+06, 124.906
13805, 24832, 127, 3, 0, 0.1, 1.72421e+06, 124.906
13806, 28677, 127, 3, 0, 0.1, 1.72434e+06, 124.907
13807, 29705, 127, 0, 0, 0.1, 1.72446e+06, 124.907
13808, 29705, 117, 2, 0, 0.1, 1.72458e+06, 124.906
13809, 29706, 137, 2, 0, 0.1, 1.72472e+06, 124.907
13810, 30726, 137, 3, 0, 0.1, 1.72485e+06, 124.908
13811, 30725, 137, 2, 0, 0.1, 1.72499e+06, 124.909
13812, 30725, 117, 0, 0, 0.1, 1.72511e+06, 124.908
13813, 30725, 117, 3, 0, 0.1, 1.72522e+06, 124.908
13814, 29976, 137, 2, 0, 0.1, 1.72536e+06, 124.908
13815, 25882, 137, 0, 0, 0.1, 1.7255e+06, 124.909
13816, 17688, 127, 0, 0, 0.1, 1.72562e+06, 124.91
13817, 17690, 127, 2, 0, 0.1, 1.72575e+06, 124.91
13818, 17752, 127, 1, 0, 0.1, 1.72588e+06, 124.91
13819, 5, 127, 2, 0, 0.1, 1.72601e+06, 124.91
13820, 133, 117, 1, 0, 0.1, 1.72612e+06, 124.909
13821, 134, 127, 0, 0, 0.1, 1.72625e+06, 124.91
13822, 74, 127, 2, 1, 0.1, 1.72638e+06, 124.91
13823, 22, 77, 1, 0, 0.1, 1.72645e+06, 124.906
13824, 29962, 117, 0, 0, 0.1, 1.72657e+06, 124.906
13825, 25864, 137, 2, 0, 0.1, 1.72671e+06, 124.907
13826, 29962, 127, 2, 0, 0.1, 1.72684e+06, 124.907
13827, 30472, 127, 1, 0, 0.1, 1.72696e+06, 124.907
13828, 28677, 137, 3, 0, 0.1, 1.7271e+06, 124.908
13829, 29960, 127, 1, 0, 0.1, 1.72723e+06, 124.908
13830, 28677, 127, 3, 0, 0.1, 1.72735e+06, 124.908
13831, 29960, 127, 0, 0, 0.1, 1.72748e+06, 124.908
13832, 29962, 127, 2, 0, 0.1, 1.72761e+06, 124.908
13833, 29960, 127, 0, 0, 0.1, 1.72773e+06, 124.908
13834, 29962, 127, 3, 0, 0.1, 1.72786e+06, 124.909
13835, 29962, 117, 2, 0, 0.1, 1.72798e+06, 124.908
13836, 29960, 127, 2, 0, 0.1, 1.72810e+06, 124.908
13837, 29962, 137, 3, 0, 0.1, 1.72824e+06, 124.909
13838, 29962, 117, 0, 0, 0.1, 1.72836e+06, 124.909
13839, 29960, 127, 2, 1, 0.1, 1.72849e+06, 124.909
13840, 29962, 127, 0, 0, 0.1, 1.72861e+06, 124.909
13841, 29960, 127, 1, 0, 0.1, 1.72874e+06, 124.909
13842, 24581, 127, 2, 0, 0.1, 1.72887e+06, 124.909
13843, 24581, 117, 3, 0, 0.1, 1.72898e+06, 124.909
13844, 29960, 127, 0, 0, 0.1, 1.72911e+06, 124.909
13845, 25866, 127, 0, 0, 0.1, 1.72924e+06, 124.909
13846, 25864, 127, 3, 1, 0.1, 1.72936e+06, 124.909
13847, 25864, 117, 0, 0, 0.1, 1.72948e+06, 124.908
13848, 29978, 127, 1, 1, 0.1, 1.72961e+06, 124.909
13849, 29962, 67, 1, 0, 0.1, 1.72968e+06, 124.904
13850, 29962, 117, 2, 0, 0.1, 1.72979e+06, 124.904
13851, 30472, 137, 3, 1, 0.1, 1.72993e+06, 124.905
13852, 30472, 117, 0, 0, 0.1, 1.73005e+06, 124.904
13853, 29962, 127, 3, 1, 0.1, 1.73017e+06, 124.904
13854, 29962, 117, 2, 1, 0.1, 1.73029e+06, 124.904
13855, 30472, 127, 1, 0, 0.1, 1.73042e+06, 124.904
13856, 29189, 137, 0, 0, 0.1, 1.73056e+06, 124.905
13857, 29189, 117, 3, 0, 0.1, 1.73067e+06, 124.904
13858, 30472, 127, 1, 0, 0.1, 1.7308e+06, 124.904
13859, 29189, 127, 1, 0, 0.1, 1.73093e+06, 124.904
13860, 29954, 137, 2, 0, 0.1, 1.73106e+06, 124.905
13861, 28938, 137, 1, 0, 0.1, 1.7312e+06, 124.906
13862, 28938, 117, 0, 0, 0.1, 1.73132e+06, 124.906
13863, 28930, 127, 3, 0, 0.1, 1.73144e+06, 124.906
13864, 28677, 127, 3, 0, 0.1, 1.73157e+06, 124.906
13865, 29960, 127, 2, 0, 0.1, 1.7317e+06, 124.906
13866, 29962, 137, 0, 0, 0.1, 1.73184e+06, 124.907
13867, 29960, 127, 2, 0, 0.1, 1.73196e+06, 124.907
13868, 29962, 127, 2, 0, 0.1, 1.73209e+06, 124.907
13869, 32002, 127, 2, 0, 0.1, 1.73222e+06, 124.907
13870, 29962, 137, 2, 0, 0.1, 1.73235e+06, 124.908
13871, 32512, 127, 3, 0, 0.1, 1.73248e+06, 124.908
13872, 31237, 127, 3, 0, 0.1, 1.73261e+06, 124.909
13873, 31237, 137, 3, 0, 0.1, 1.73274e+06, 124.909
13874, 31237, 127, 3, 0, 0.1, 1.73287e+06, 124.91
13875, 3585, 137, 0, 1, 0.1, 1.73301e+06, 124.91
13876, 3585, 117, 2, 0, 0.1, 1.73312e+06, 124.91
13877, 17418, 127, 1, 0, 0.1, 1.73325e+06, 124.91
13878, 17418, 117, 0, 0, 0.1, 1.73337e+06, 124.909
13879, 3585, 127, 1, 0, 0.1, 1.7335e+06, 124.91
13880, 18949, 127, 1, 0, 0.1, 1.73362e+06, 124.91
13881, 27141, 127, 1, 0, 0.1, 1.73375e+06, 124.91
13882, 31237, 127, 1, 0, 0.1, 1.73388e+06, 124.91
13883, 32512, 127, 1, 0, 0.1, 1.734e+06, 124.91
13884, 30725, 137, 3, 0, 0.1, 1.73414e+06, 124.911
13885, 32016, 127, 3, 0, 0.1, 1.73427e+06, 124.911
13886, 30757, 127, 3, 0, 0.1, 1.7344e+06, 124.911
13887, 26661, 127, 3, 1, 0.1, 1.73452e+06, 124.912
13888, 18469, 127, 1, 0, 0.1, 1.73465e+06, 124.912
13889, 26757, 77, 2, 0, 0.1, 1.73473e+06, 124.908
13890, 25864, 137, 0, 0, 0.1, 1.73486e+06, 124.909
13891, 29962, 127, 2, 0, 0.1, 1.73499e+06, 124.909
13892, 25864, 127, 1, 0, 0.1, 1.73512e+06, 124.909
13893, 24581, 127, 1, 0, 0.1, 1.73524e+06, 124.91
13894, 29954, 127, 3, 0, 0.1, 1.73537e+06, 124.91
13895, 24581, 127, 3, 0, 0.1, 1.7355e+06, 124.91
13896, 25864, 127, 1, 0, 0.1, 1.73562e+06, 124.91
13897, 24581, 127, 1, 0, 0.1, 1.73575e+06, 124.91
13898, 29954, 127, 3, 0, 0.1, 1.73588e+06, 124.91
13899, 24581, 127, 1, 0, 0.1, 1.73601e+06, 124.91
13900, 29954, 127, 3, 0, 0.1, 1.73613e+06, 124.911
13901, 24581, 127, 1, 0, 0.1, 1.73626e+06, 124.911
13902, 29954, 127, 2, 0, 0.1, 1.73639e+06, 124.911
13903, 29962, 127, 2, 0, 0.1, 1.73651e+06, 124.911
13904, 29960, 127, 1, 0, 0.1, 1.73664e+06, 124.911
13905, 28677, 127, 3, 0, 0.1, 1.73677e+06, 124.911
13906, 29960, 127, 0, 0, 0.1, 1.7369e+06, 124.912
13907, 29962, 127, 2, 0, 0.1, 1.73702e+06, 124.912
13908, 29960, 127, 0, 0, 0.1, 1.73715e+06, 124.912
13909, 29962, 127, 2, 0, 0.1, 1.73728e+06, 124.912
13910, 29960, 127, 2, 0, 0.1, 1.7374e+06, 124.912
13911, 28938, 137, 1, 0, 0.1, 1.73754e+06, 124.913
13912, 28938, 117, 0, 0, 0.1, 1.73766e+06, 124.912
13913, 24840, 127, 0, 0, 0.1, 1.73778e+06, 124.913
13914, 24842, 127, 0, 0, 0.1, 1.73791e+06, 124.913
13915, 28930, 127, 0, 0, 0.1, 1.73804e+06, 124.913
13916, 28938, 127, 0, 0, 0.1, 1.73816e+06, 124.913
13917, 30978, 137, 3, 0, 0.1, 1.7383e+06, 124.914
13918, 28677, 137, 2, 0, 0.1, 1.73844e+06, 124.915
13919, 28677, 117, 3, 0, 0.1, 1.73856e+06, 124.914
13920, 29960, 127, 0, 0, 0.1, 1.73868e+06, 124.914
13921, 29962, 137, 0, 0, 0.1, 1.73882e+06, 124.915
13922, 32002, 77, 2, 0, 0.1, 1.7389e+06, 124.912
13923, 29960, 137, 2, 0, 0.1, 1.73903e+06, 124.913
13924, 29962, 127, 0, 0, 0.1, 1.73916e+06, 124.913
13925, 29960, 127, 2, 0, 0.1, 1.73929e+06, 124.913
13926, 29962, 127, 2, 0, 0.1, 1.73942e+06, 124.913
13927, 32002, 127, 3, 0, 0.1, 1.73954e+06, 124.913
13928, 30725, 137, 2, 0, 0.1, 1.73968e+06, 124.914
13929, 30725, 117, 3, 0, 0.1, 1.7398e+06, 124.914
13930, 30980, 127, 0, 0, 0.1, 1.73992e+06, 124.914
13931, 28938, 137, 1, 0, 0.1, 1.74006e+06, 124.915
13932, 28938, 117, 0, 0, 0.1, 1.74018e+06, 124.914
13933, 28938, 127, 2, 0, 0.1, 1.7403e+06, 124.914
13934, 28938, 127, 3, 0, 0.1, 1.74043e+06, 124.914
13935, 28938, 117, 0, 0, 0.1, 1.74055e+06, 124.914
13936, 28938, 127, 0, 0, 0.1, 1.74068e+06, 124.914
13937, 28938, 127, 0, 0, 0.1, 1.7408e+06, 124.914
13938, 28938, 137, 0, 0, 0.1, 1.74094e+06, 124.915
13939, 28938, 137, 0, 0, 0.1, 1.74108e+06, 124.916
13940, 31233, 137, 3, 0, 0.1, 1.74121e+06, 124.917
13941, 31237, 137, 3, 0, 0.1, 1.74135e+06, 124.918
13942, 31237, 137, 3, 0, 0.1, 1.74149e+06, 124.918
13943, 16901, 137, 1, 0, 0.1, 1.74162e+06, 124.919
13944, 25093, 127, 0, 0, 0.1, 1.74175e+06, 124.919
13945, 25093, 117, 1, 0, 0.1, 1.74187e+06, 124.919
13946, 29189, 127, 1, 0, 0.1, 1.742e+06, 124.919
13947, 29185, 127, 2, 0, 0.1, 1.74212e+06, 124.919
13948, 28682, 127, 1, 0, 0.1, 1.74225e+06, 124.919
13949, 28682, 117, 3, 0, 0.1, 1.74237e+06, 124.919
13950, 28682, 117, 1, 0, 0.1, 1.74248e+06, 124.918
13951, 28682, 117, 2, 0, 0.1, 1.7426e+06, 124.918
13952, 24586, 127, 0, 0, 0.1, 1.74273e+06, 124.918
13953, 28682, 127, 3, 0, 0.1, 1.74285e+06, 124.918
13954, 28682, 117, 2, 0, 0.1, 1.74297e+06, 124.917
13955, 24586, 127, 0, 0, 0.1, 1.7431e+06, 124.917
13956, 28682, 127, 3, 0, 0.1, 1.74322e+06, 124.918
13957, 28682, 117, 2, 0, 0.1, 1.74334e+06, 124.917
13958, 24586, 127, 2, 0, 0.1, 1.74347e+06, 124.917
13959, 16394, 127, 0, 0, 0.1, 1.7436e+06, 124.917
13960, 24586, 127, 0, 0, 0.1, 1.74372e+06, 124.917
13961, 28682, 127, 2, 1, 0.1, 1.74385e+06, 124.918
13962, 24586, 127, 2, 1, 0.1, 1.74398e+06, 124.918
13963, 16394, 127, 0, 0, 0.1, 1.7441e+06, 124.918
13964, 24586, 127, 2, 0, 0.1, 1.74423e+06, 124.918
13965, 16394, 127, 3, 1, 0.1, 1.74436e+06, 124.918
13966, 16394, 117, 3, 0, 0.1, 1.74448e+06, 124.918
13967, 16394, 117, 0, 1, 0.1, 1.74459e+06, 124.917
13968, 24586, 127, 1, 0, 0.1, 1.74472e+06, 124.917
13969, 24586, 117, 2, 0, 0.1, 1.74484e+06, 124.917
13970, 16394, 127, 2, 0, 0.1, 1.74496e+06, 124.917
13971, 24586, 127, 1, 0, 0.1, 1.74509e+06, 124.917
13972, 24586, 117, 3, 1, 0.1, 1.74521e+06, 124.916
13973, 24586, 117, 3, 0, 0.1, 1.74532e+06, 124.916
13974, 24586, 117, 0, 1, 0.1, 1.74544e+06, 124.915
13975, 16394, 127, 0, 0, 0.1, 1.74557e+06, 124.915
13976, 24586, 127, 2, 0, 0.1, 1.7457e+06, 124.916
13977, 16394, 127, 0, 0, 0.1, 1.74582e+06, 124.916
13978, 24586, 127, 2, 0, 0.1, 1.74595e+06, 124.916
13979, 16394, 127, 0, 0, 0.1, 1.74608e+06, 124.916
13980, 24586, 127, 0, 0, 0.1, 1.7462e+06, 124.916
13981, 28682, 127, 0, 0, 0.1, 1.74633e+06, 124.916
13982, 29185, 127, 3, 0, 0.1, 1.74646e+06, 124.916
13983, 29189, 127, 3, 0, 0.1, 1.74658e+06, 124.917
13984, 25093, 127, 3, 0, 0.1, 1.74671e+06, 124.917
13985, 16901, 127, 3, 0, 0.1, 1.74684e+06, 124.917
13986, 26121, 127, 0, 0, 0.1, 1.74696e+06, 124.917
13987, 26185, 117, 3, 1, 0.1, 1.74708e+06, 124.916
13988, 26185, 117, 2, 0, 0.1, 1.7472e+06, 124.916
13989, 29722, 77, 2, 0, 0.1, 1.74728e+06, 124.912
13990, 30472, 127, 1, 0, 0.1, 1.7474e+06, 124.913
13991, 28677, 137, 3, 0, 0.1, 1.74754e+06, 124.914
13992, 29960, 127, 2, 0, 0.1, 1.74767e+06, 124.914
13993, 29962, 137, 2, 0, 0.1, 1.7478e+06, 124.915
13994, 32002, 137, 3, 0, 0.1, 1.74794e+06, 124.915
13995, 30853, 137, 3, 0, 0.1, 1.74808e+06, 124.916
13996, 31108, 127, 0, 0, 0.1, 1.74820e+06, 124.916
13997, 28938, 127, 2, 0, 0.1, 1.74833e+06, 124.917
13998, 31108, 127, 3, 0, 0.1, 1.74846e+06, 124.917
13999, 30757, 77, 2, 0, 0.1, 1.74854e+06, 124.913
14000, 30472, 127, 1, 0, 0.1, 1.74866e+06, 124.913
14001, 28677, 137, 3, 0, 0.1, 1.7488e+06, 124.914
14002, 29960, 127, 2, 0, 0.1, 1.74893e+06, 124.914
14003, 29962, 137, 1, 1, 0.1, 1.74906e+06, 124.915
14004, 29962, 117, 0, 0, 0.1, 1.74918e+06, 124.915
14005, 29960, 127, 0, 0, 0.1, 1.74931e+06, 124.915
14006, 29962, 127, 2, 0, 0.1, 1.74944e+06, 124.915
14007, 29960, 127, 1, 0, 0.1, 1.74956e+06, 124.915
14008, 28677, 127, 3, 0, 0.1, 1.74969e+06, 124.915
14009, 29960, 127, 2, 0, 0.1, 1.74982e+06, 124.915
14010, 29962, 127, 2, 0, 0.1, 1.74994e+06, 124.916
14011, 32002, 137, 3, 0, 0.1, 1.75008e+06, 124.916
14012, 30725, 137, 3, 0, 0.1, 1.75022e+06, 124.917
14013, 30980, 137, 3, 0, 0.1, 1.75035e+06, 124.918
14014, 30725, 127, 1, 0, 0.1, 1.75048e+06, 124.918
14015, 30980, 127, 1, 1, 0.1, 1.75061e+06, 124.919
14016, 30725, 127, 3, 0, 0.1, 1.75074e+06, 124.919
14017, 30980, 127, 0, 0, 0.1, 1.75086e+06, 124.919
14018, 16650, 137, 3, 0, 0.1, 1.751e+06, 124.92
14019, 16650, 117, 2, 0, 0.1, 1.75112e+06, 124.919
14020, 26884, 127, 3, 0, 0.1, 1.75124e+06, 124.919
14021, 30725, 127, 1, 0, 0.1, 1.75137e+06, 124.919
14022, 26884, 127, 0, 0, 0.1, 1.7515e+06, 124.92
14023, 16650, 127, 0, 0, 0.1, 1.75162e+06, 124.92
14024, 24842, 127, 0, 0, 0.1, 1.75175e+06, 124.92
14025, 28938, 127, 0, 0, 0.1, 1.75188e+06, 124.92
14026, 28938, 127, 0, 1, 0.1, 1.75200e+06, 124.92
14027, 28682, 137, 3, 0, 0.1, 1.75214e+06, 124.921
14028, 28682, 117, 1, 0, 0.1, 1.75226e+06, 124.92
14029, 28682, 117, 2, 0, 0.1, 1.75238e+06, 124.92
14030, 24586, 127, 2, 0, 0.1, 1.7525e+06, 124.92
14031, 16394, 127, 1, 0, 0.1, 1.75263e+06, 124.92
14032, 16394, 117, 0, 0, 0.1, 1.75275e+06, 124.92
14033, 24586, 127, 0, 0, 0.1, 1.75287e+06, 124.92
14034, 28682, 127, 2, 0, 0.1, 1.753e+06, 124.92
14035, 24586, 127, 1, 1, 0.1, 1.75313e+06, 124.92
14036, 24586, 117, 0, 1, 0.1, 1.75324e+06, 124.919
14037, 28682, 127, 0, 0, 0.1, 1.75337e+06, 124.92
14038, 31233, 127, 3, 0, 0.1, 1.7535e+06, 124.92
14039, 31237, 127, 3, 0, 0.1, 1.75363e+06, 124.92
14040, 25093, 137, 3, 0, 0.1, 1.75376e+06, 124.921
14041, 29189, 127, 0, 1, 0.1, 1.75389e+06, 124.921
14042, 29189, 117, 3, 0, 0.1, 1.75401e+06, 124.92
14043, 30217, 127, 1, 0, 0.1, 1.75413e+06, 124.921
14044, 29189, 127, 1, 0, 0.1, 1.75426e+06, 124.921
14045, 25093, 127, 0, 0, 0.1, 1.75439e+06, 124.921
14046, 25221, 117, 1, 0, 0.1, 1.75450e+06, 124.92
14047, 29317, 127, 3, 0, 0.1, 1.75463e+06, 124.92
14048, 25093, 77, 2, 0, 0.1, 1.75471e+06, 124.917
14049, 29960, 127, 2, 0, 0.1, 1.75484e+06, 124.917
14050, 29962, 137, 2, 0, 0.1, 1.75497e+06, 124.918
14051, 32002, 127, 2, 0, 0.1, 1.7551e+06, 124.918
14052, 29962, 137, 2, 0, 0.1, 1.75524e+06, 124.919
14053, 32512, 127, 2, 0, 0.1, 1.75536e+06, 124.919
14054, 29962, 127, 1, 0, 0.1, 1.75549e+06, 124.919
14055, 29962, 117, 0, 0, 0.1, 1.75561e+06, 124.919
14056, 32512, 127, 3, 0, 0.1, 1.75574e+06, 124.919
14057, 27141, 127, 3, 1, 0.1, 1.75586e+06, 124.919
14058, 31237, 127, 3, 0, 0.1, 1.75599e+06, 124.919
14059, 31237, 127, 3, 0, 0.1, 1.75612e+06, 124.919
14060, 32257, 137, 2, 0, 0.1, 1.75625e+06, 124.92
14061, 29706, 137, 2, 0, 0.1, 1.75639e+06, 124.921
14062, 25610, 127, 1, 0, 0.1, 1.75652e+06, 124.921
14063, 25610, 117, 2, 0, 0.1, 1.75663e+06, 124.921
14064, 29706, 127, 0, 0, 0.1, 1.75676e+06, 124.921
14065, 25610, 127, 0, 0, 0.1, 1.75689e+06, 124.921
14066, 29706, 127, 0, 0, 0.1, 1.75702e+06, 124.921
14067, 32257, 127, 2, 0, 0.1, 1.75714e+06, 124.921
14068, 29706, 127, 2, 0, 0.1, 1.75727e+06, 124.921
14069, 25610, 127, 2, 0, 0.1, 1.7574e+06, 124.922
14070, 29706, 127, 2, 0, 0.1, 1.75752e+06, 124.922
14071, 29706, 127, 2, 0, 0.1, 1.75765e+06, 124.922
14072, 29706, 137, 2, 0, 0.1, 1.75779e+06, 124.923
14073, 29706, 127, 1, 1, 0.1, 1.75791e+06, 124.923
14074, 29706, 117, 1, 0, 0.1, 1.75803e+06, 124.922
14075, 29706, 117, 2, 0, 0.1, 1.75815e+06, 124.922
14076, 29706, 137, 3, 0, 0.1, 1.75828e+06, 124.923
14077, 29706, 117, 0, 0, 0.1, 1.7584e+06, 124.922
14078, 29706, 127, 0, 1, 0.1, 1.75853e+06, 124.922
14079, 25610, 127, 0, 0, 0.1, 1.75866e+06, 124.922
14080, 17418, 127, 2, 1, 0.1, 1.75878e+06, 124.922
14081, 25610, 127, 2, 1, 0.1, 1.75891e+06, 124.923
14082, 29706, 127, 2, 0, 0.1, 1.75904e+06, 124.923
14083, 29706, 127, 1, 0, 0.1, 1.75916e+06, 124.923
14084, 29706, 117, 2, 0, 0.1, 1.75928e+06, 124.922
14085, 29706, 137, 3, 0, 0.1, 1.75942e+06, 124.923
14086, 29706, 117, 0, 0, 0.1, 1.75954e+06, 124.923
14087, 29706, 127, 2, 0, 0.1, 1.75966e+06, 124.923
14088, 29706, 127, 2, 0, 0.1, 1.75979e+06, 124.923
14089, 31236, 137, 3, 0, 0.1, 1.75993e+06, 124.924
14090, 31237, 127, 3, 0, 0.1, 1.76005e+06, 124.924
14091, 31237, 137, 3, 0, 0.1, 1.76019e+06, 124.925
14092, 27141, 137, 2, 0, 0.1, 1.76033e+06, 124.926
14093, 27141, 117, 2, 0, 0.1, 1.76044e+06, 124.925
14094, 27141, 117, 3, 0, 0.1, 1.76056e+06, 124.925
14095, 31492, 127, 3, 0, 0.1, 1.76069e+06, 124.925
14096, 31237, 127, 1, 0, 0.1, 1.76082e+06, 124.925
14097, 31492, 127, 1, 0, 0.1, 1.76094e+06, 124.925
14098, 27141, 127, 3, 0, 0.1, 1.76107e+06, 124.925
14099, 31492, 127, 2, 0, 0.1, 1.7612e+06, 124.925
14100, 31492, 117, 2, 0, 0.1, 1.76131e+06, 124.925
14101, 31492, 117, 0, 0, 0.1, 1.76143e+06, 124.924
14102, 28938, 127, 1, 0, 0.1, 1.76156e+06, 124.924
14103, 28938, 117, 0, 0, 0.1, 1.76167e+06, 124.924
14104, 28938, 127, 2, 0, 0.1, 1.7618e+06, 124.924
14105, 28938, 127, 0, 0, 0.1, 1.76193e+06, 124.924
14106, 28938, 127, 0, 0, 0.1, 1.76206e+06, 124.924
14107, 30723, 137, 3, 0, 0.1, 1.76219e+06, 124.925
14108, 28677, 137, 1, 0, 0.1, 1.76233e+06, 124.926
14109, 28675, 127, 3, 0, 0.1, 1.76246e+06, 124.926
14110, 28677, 127, 3, 0, 0.1, 1.76258e+06, 124.926
14111, 62465, 137, 0, 1, 0.1, 1.76272e+06, 124.927
14112, 62465, 117, 0, 0, 0.1, 1.76284e+06, 124.926
14113, 62465, 117, 0, 0, 0.1, 1.76295e+06, 124.926
14114, 62465, 117, 2, 0, 0.1, 1.76307e+06, 124.925
14115, 62474, 127, 0, 0, 0.1, 1.7632e+06, 124.925
14116, 62465, 127, 3, 0, 0.1, 1.76332e+06, 124.926
14117, 61445, 127, 1, 0, 0.1, 1.76345e+06, 124.926
14118, 62465, 127, 1, 0, 0.1, 1.76358e+06, 124.926
14119, 57349, 127, 3, 0, 0.1, 1.76371e+06, 124.926
14120, 62465, 127, 0, 0, 0.1, 1.76383e+06, 124.926
14121, 62465, 117, 2, 0, 0.1, 1.76395e+06, 124.926
14122, 62474, 127, 0, 1, 0.1, 1.76408e+06, 124.926
14123, 62465, 127, 2, 0, 0.1, 1.7642e+06, 124.926
14124, 62474, 127, 2, 0, 0.1, 1.76433e+06, 124.926
14125, 62474, 137, 2, 0, 0.1, 1.76447e+06, 124.927
14126, 65024, 137, 3, 0, 0.1, 1.76460e+06, 124.928
14127, 61957, 137, 2, 0, 0.1, 1.76474e+06, 124.929
14128, 61957, 117, 1, 0, 0.1, 1.76486e+06, 124.928
14129, 62976, 127, 1, 0, 0.1, 1.76499e+06, 124.928
14130, 61957, 127, 1, 1, 0.1, 1.76511e+06, 124.928
14131, 57860, 127, 3, 1, 0.1, 1.76524e+06, 124.929
14132, 61957, 127, 3, 0, 0.1, 1.76537e+06, 124.929
14133, 62976, 127, 2, 0, 0.1, 1.76549e+06, 124.929
14134, 62474, 137, 3, 0, 0.1, 1.76563e+06, 124.93
14135, 62474, 117, 3, 0, 0.1, 1.76575e+06, 124.929
14136, 62474, 117, 3, 0, 0.1, 1.76586e+06, 124.929
14137, 62474, 117, 2, 0, 0.1, 1.76598e+06, 124.928
14138, 58376, 137, 1, 0, 0.1, 1.76612e+06, 124.929
14139, 57349, 127, 1, 0, 0.1, 1.76625e+06, 124.929
14140, 62467, 127, 2, 0, 0.1, 1.76637e+06, 124.929
14141, 62474, 127, 2, 0, 0.1, 1.7665e+06, 124.929
14142, 61964, 137, 1, 0, 0.1, 1.76664e+06, 124.93
14143, 61445, 137, 2, 0, 0.1, 1.76677e+06, 124.931
14144, 61445, 117, 1, 1, 0.1, 1.76689e+06, 124.93
14145, 62720, 127, 0, 1, 0.1, 1.76702e+06, 124.931
14146, 62474, 137, 0, 0, 0.1, 1.76716e+06, 124.931
14147, 63049, 127, 2, 0, 0.1, 1.76728e+06, 124.932
14148, 62474, 127, 2, 0, 0.1, 1.76741e+06, 124.932
14149, 62464, 127, 3, 1, 0.1, 1.76754e+06, 124.932
14150, 61445, 127, 0, 1, 0.1, 1.76766e+06, 124.932
14151, 61445, 117, 3, 0, 0.1, 1.76778e+06, 124.931
14152, 57356, 127, 3, 0, 0.1, 1.76791e+06, 124.932
14153, 57356, 117, 0, 1, 0.1, 1.76802e+06, 124.931
14154, 49162, 127, 1, 0, 0.1, 1.76815e+06, 124.931
14155, 49162, 117, 2, 0, 0.1, 1.76827e+06, 124.931
14156, 57356, 127, 3, 0, 0.1, 1.7684e+06, 124.931
14157, 57356, 117, 1, 0, 0.1, 1.76851e+06, 124.93
14158, 61445, 127, 3, 0, 0.1, 1.76864e+06, 124.93
14159, 57356, 127, 2, 0, 0.1, 1.76877e+06, 124.93
14160, 57356, 117, 2, 0, 0.1, 1.76888e+06, 124.93
14161, 57356, 117, 1, 0, 0.1, 1.769e+06, 124.929
14162, 61445, 127, 3, 0, 0.1, 1.76913e+06, 124.93
14163, 57356, 127, 3, 0, 0.1, 1.76925e+06, 124.93
14164, 57356, 117, 3, 0, 0.1, 1.76937e+06, 124.929
14165, 57356, 117, 3, 0, 0.1, 1.76949e+06, 124.929
14166, 57356, 117, 3, 1, 0.1, 1.76960e+06, 124.928
14167, 57356, 117, 3, 0, 0.1, 1.76972e+06, 124.927
14168, 57356, 117, 0, 0, 0.1, 1.76984e+06, 124.927
14169, 49162, 127, 2, 0, 0.1, 1.76997e+06, 124.927
14170, 57356, 127, 0, 0, 0.1, 1.77009e+06, 124.927
14171, 49162, 127, 2, 0, 0.1, 1.77022e+06, 124.927
14172, 57356, 127, 2, 0, 0.1, 1.77035e+06, 124.927
14173, 57356, 117, 2, 0, 0.1, 1.77046e+06, 124.927
14174, 57356, 117, 3, 0, 0.1, 1.77058e+06, 124.926
14175, 57356, 117, 0, 0, 0.1, 1.7707e+06, 124.926
14176, 49162, 127, 0, 0, 0.1, 1.77082e+06, 124.926
14177, 32771, 127, 1, 0, 0.1, 1.77095e+06, 124.926
14178, 32771, 117, 2, 0, 0.1, 1.77107e+06, 124.926
14179, 49162, 127, 0, 1, 0.1, 1.7712e+06, 124.926
14180, 32771, 127, 3, 0, 0.1, 1.77132e+06, 124.926
14181, 49157, 127, 1, 0, 0.1, 1.77145e+06, 124.926
14182, 32771, 127, 0, 0, 0.1, 1.77158e+06, 124.926
14183, 32771, 117, 0, 0, 0.1, 1.77169e+06, 124.926
14184, 32771, 117, 2, 0, 0.1, 1.77181e+06, 124.925
14185, 49162, 127, 0, 0, 0.1, 1.77194e+06, 124.925
14186, 32771, 127, 2, 0, 0.1, 1.77206e+06, 124.925
14187, 49162, 127, 0, 0, 0.1, 1.77219e+06, 124.925
14188, 32771, 127, 0, 0, 0.1, 1.77232e+06, 124.926
14189, 32771, 117, 2, 1, 0.1, 1.77244e+06, 124.925
14190, 49162, 127, 2, 0, 0.1, 1.77256e+06, 124.925
14191, 57356, 127, 1, 1, 0.1, 1.77269e+06, 124.925
14192, 61445, 127, 3, 0, 0.1, 1.77282e+06, 124.925
14193, 57356, 127, 3, 0, 0.1, 1.77294e+06, 124.926
14194, 57356, 117, 2, 0, 0.1, 1.77306e+06, 124.925
14195, 57356, 117, 1, 0, 0.1, 1.77318e+06, 124.924
14196, 61445, 127, 3, 0, 0.1, 1.77330e+06, 124.925
14197, 57356, 127, 0, 0, 0.1, 1.77343e+06, 124.925
14198, 49162, 127, 1, 0, 0.1, 1.77356e+06, 124.925
14199, 49162, 117, 0, 0, 0.1, 1.77368e+06, 124.924
14200, 32771, 127, 1, 0, 0.1, 1.7738e+06, 124.925
14201, 32771, 117, 2, 0, 0.1, 1.77392e+06, 124.924
14202, 49162, 127, 2, 0, 0.1, 1.77405e+06, 124.924
14203, 57356, 127, 1, 0, 0.1, 1.77417e+06, 124.924
14204, 61445, 127, 3, 1, 0.1, 1.7743e+06, 124.924
14205, 57356, 127, 0, 0, 0.1, 1.77443e+06, 124.925
14206, 49162, 127, 3, 0, 0.1, 1.77456e+06, 124.925
14207, 49162, 117, 0, 0, 0.1, 1.77467e+06, 124.924
14208, 32771, 127, 2, 0, 0.1, 1.7748e+06, 124.924
14209, 49162, 127, 2, 0, 0.1, 1.77493e+06, 124.924
14210, 57356, 127, 3, 0, 0.1, 1.77505e+06, 124.925
14211, 24588, 117, 1, 0, 0.1, 1.77517e+06, 124.924
14212, 28709, 127, 2, 0, 0.1, 1.7753e+06, 124.924
14213, 28709, 117, 2, 0, 0.1, 1.77541e+06, 124.924
14214, 28677, 67, 2, 1, 0.1, 1.77548e+06, 124.92
14215, 29960, 127, 0, 0, 0.1, 1.77561e+06, 124.92
14216, 29962, 127, 1, 0, 0.1, 1.77574e+06, 124.92
14217, 29962, 117, 2, 1, 0.1, 1.77585e+06, 124.919
14218, 29960, 127, 2, 0, 0.1, 1.77598e+06, 124.919
14219, 29962, 137, 3, 0, 0.1, 1.77612e+06, 124.92
14220, 29962, 117, 0, 0, 0.1, 1.77623e+06, 124.92
14221, 29960, 127, 1, 0, 0.1, 1.77636e+06, 124.92
14222, 28677, 127, 3, 0, 0.1, 1.77649e+06, 124.92
14223, 29960, 127, 1, 0, 0.1, 1.77661e+06, 124.92
14224, 28677, 127, 1, 0, 0.1, 1.77674e+06, 124.92
14225, 29954, 127, 0, 0, 0.1, 1.77687e+06, 124.92
14226, 29962, 137, 2, 0, 0.1, 1.77700e+06, 124.921
14227, 29954, 127, 3, 0, 0.1, 1.77713e+06, 124.921
14228, 24581, 127, 3, 0, 0.1, 1.77726e+06, 124.922
14229, 29960, 127, 0, 0, 0.1, 1.77739e+06, 124.922
14230, 29962, 127, 2, 0, 0.1, 1.77751e+06, 124.922
14231, 29960, 127, 1, 0, 0.1, 1.77764e+06, 124.922
14232, 24581, 127, 3, 0, 0.1, 1.77777e+06, 124.922
14233, 29960, 127, 2, 0, 0.1, 1.77789e+06, 124.922
14234, 29962, 127, 2, 1, 0.1, 1.77802e+06, 124.922
14235, 32002, 137, 3, 0, 0.1, 1.77816e+06, 124.923
14236, 30725, 137, 1, 0, 0.1, 1.7783e+06, 124.924
14237, 32002, 127, 2, 0, 0.1, 1.77842e+06, 124.924
14238, 29962, 137, 2, 0, 0.1, 1.77856e+06, 124.925
14239, 32512, 127, 2, 0, 0.1, 1.77869e+06, 124.925
14240, 24842, 137, 0, 0, 0.1, 1.77882e+06, 124.926
14241, 31488, 127, 0, 0, 0.1, 1.77895e+06, 124.926
14242, 24842, 127, 0, 0, 0.1, 1.77908e+06, 124.926
14243, 30978, 127, 0, 0, 0.1, 1.7792e+06, 124.927
14244, 24842, 127, 1, 0, 0.1, 1.77933e+06, 124.927
14245, 24842, 117, 2, 0, 0.1, 1.77945e+06, 124.926
14246, 30978, 127, 3, 0, 0.1, 1.77958e+06, 124.926
14247, 30725, 127, 1, 0, 0.1, 1.7797e+06, 124.926
14248, 30994, 127, 0, 0, 0.1, 1.77983e+06, 124.927
14249, 24858, 127, 2, 0, 0.1, 1.77996e+06, 124.927
14250, 30978, 127, 0, 0, 0.1, 1.78008e+06, 124.927
14251, 24842, 127, 0, 0, 0.1, 1.78021e+06, 124.927
14252, 28936, 127, 3, 0, 0.1, 1.78034e+06, 124.927
14253, 28936, 117, 0, 0, 0.1, 1.78045e+06, 124.927
14254, 28938, 127, 2, 0, 0.1, 1.78058e+06, 124.927
14255, 28936, 127, 3, 1, 0.1, 1.78071e+06, 124.927
14256, 28936, 117, 0, 0, 0.1, 1.78082e+06, 124.926
14257, 28938, 127, 0, 0, 0.1, 1.78095e+06, 124.926
14258, 29448, 137, 3, 0, 0.1, 1.78109e+06, 124.927
14259, 29448, 117, 0, 0, 0.1, 1.78121e+06, 124.927
14260, 28938, 127, 0, 0, 0.1, 1.78133e+06, 124.927
14261, 30978, 137, 3, 0, 0.1, 1.78147e+06, 124.928
14262, 30725, 127, 3, 0, 0.1, 1.7816e+06, 124.928
14263, 31745, 127, 1, 0, 0.1, 1.78172e+06, 124.928
14264, 30725, 127, 3, 0, 0.1, 1.78185e+06, 124.928
14265, 31745, 127, 1, 0, 0.1, 1.78198e+06, 124.928
14266, 30725, 127, 1, 0, 0.1, 1.78210e+06, 124.928
14267, 30978, 127, 0, 0, 0.1, 1.78223e+06, 124.929
14268, 28938, 137, 2, 0, 0.1, 1.78237e+06, 124.929
14269, 26882, 127, 1, 1, 0.1, 1.7825e+06, 124.93
14270, 26898, 117, 3, 0, 0.1, 1.78261e+06, 124.929
14271, 30725, 127, 3, 0, 0.1, 1.78274e+06, 124.929
14272, 31745, 127, 1, 0, 0.1, 1.78287e+06, 124.929
14273, 30725, 127, 1, 0, 0.1, 1.78299e+06, 124.93
14274, 26882, 127, 1, 0, 0.1, 1.78312e+06, 124.93
14275, 26882, 117, 1, 0, 0.1, 1.78324e+06, 124.929
14276, 26882, 117, 1, 0, 0.1, 1.78336e+06, 124.929
14277, 26882, 117, 3, 0, 0.1, 1.78347e+06, 124.928
14278, 30725, 127, 0, 0, 0.1, 1.7836e+06, 124.928
14279, 30725, 117, 1, 0, 0.1, 1.78372e+06, 124.928
14280, 26882, 127, 3, 0, 0.1, 1.78384e+06, 124.928
14281, 30725, 127, 1, 0, 0.1, 1.78397e+06, 124.928
14282, 26882, 127, 3, 0, 0.1, 1.7841e+06, 124.928
14283, 30725, 127, 2, 1, 0.1, 1.78422e+06, 124.928
14284, 30725, 117, 1, 1, 0.1, 1.78434e+06, 124.928
14285, 26882, 127, 0, 0, 0.1, 1.78447e+06, 124.928
14286, 28938, 127, 0, 0, 0.1, 1.7846e+06, 124.928
14287, 31616, 127, 0, 0, 0.1, 1.78472e+06, 124.928
14288, 28682, 137, 2, 1, 0.1, 1.78486e+06, 124.929
14289, 31360, 127, 3, 0, 0.1, 1.78499e+06, 124.929
14290, 31365, 137, 3, 0, 0.1, 1.78512e+06, 124.93
14291, 27141, 127, 1, 1, 0.1, 1.78525e+06, 124.93
14292, 31237, 127, 1, 0, 0.1, 1.78538e+06, 124.93
14293, 31232, 127, 2, 0, 0.1, 1.7855e+06, 124.93
14294, 28682, 127, 3, 0, 0.1, 1.78563e+06, 124.93
14295, 28682, 117, 0, 0, 0.1, 1.78575e+06, 124.93
14296, 31232, 127, 3, 0, 0.1, 1.78588e+06, 124.93
14297, 31237, 127, 1, 0, 0.1, 1.786e+06, 124.93
14298, 31248, 127, 2, 0, 0.1, 1.78613e+06, 124.93
14299, 28698, 127, 2, 1, 0.1, 1.78626e+06, 124.93
14300, 26642, 127, 3, 0, 0.1, 1.78638e+06, 124.931
14301, 30725, 127, 3, 0, 0.1, 1.78651e+06, 124.931
14302, 31745, 127, 2, 0, 0.1, 1.78664e+06, 124.931
14303, 29706, 137, 2, 0, 0.1, 1.78677e+06, 124.932
14304, 25610, 127, 0, 0, 0.1, 1.7869e+06, 124.932
14305, 29706, 127, 1, 0, 0.1, 1.78703e+06, 124.932
14306, 29706, 117, 0, 0, 0.1, 1.78714e+06, 124.931
14307, 31777, 127, 1, 0, 0.1, 1.78727e+06, 124.932
14308, 30725, 77, 2, 0, 0.1, 1.78735e+06, 124.928
14309, 29960, 137, 1, 0, 0.1, 1.78749e+06, 124.929
14310, 28677, 127, 1, 0, 0.1, 1.78761e+06, 124.929
14311, 29954, 127, 2, 0, 0.1, 1.78774e+06, 124.929
14312, 29962, 137, 0, 0, 0.1, 1.78788e+06, 124.93
14313, 29954, 127, 3, 0, 0.1, 1.788e+06, 124.93
14314, 28677, 127, 1, 0, 0.1, 1.78813e+06, 124.931
14315, 29954, 127, 3, 0, 0.1, 1.78826e+06, 124.931
14316, 28677, 127, 3, 0, 0.1, 1.78838e+06, 124.931
14317, 29960, 127, 1, 0, 0.1, 1.78851e+06, 124.931
14318, 28677, 127, 3, 0, 0.1, 1.78864e+06, 124.931
14319, 29960, 127, 2, 0, 0.1, 1.78877e+06, 124.931
14320, 29962, 137, 1, 0, 0.1, 1.7889e+06, 124.932
14321, 29962, 117, 2, 0, 0.1, 1.78902e+06, 124.932
14322, 32002, 127, 2, 0, 0.1, 1.78915e+06, 124.932
14323, 29962, 137, 3, 0, 0.1, 1.78928e+06, 124.933
14324, 29962, 117, 2, 0, 0.1, 1.7894e+06, 124.932
14325, 32512, 127, 2, 0, 0.1, 1.78953e+06, 124.932
14326, 29962, 127, 2, 0, 0.1, 1.78966e+06, 124.932
14327, 29962, 137, 2, 0, 0.1, 1.78979e+06, 124.933
14328, 29452, 137, 0, 0, 0.1, 1.78993e+06, 124.934
14329, 28938, 127, 0, 0, 0.1, 1.79006e+06, 124.934
14330, 24842, 127, 2, 0, 0.1, 1.79018e+06, 124.934
14331, 28938, 127, 0, 0, 0.1, 1.79031e+06, 124.934
14332, 24842, 127, 2, 0, 0.1, 1.79044e+06, 124.935
14333, 28938, 127, 0, 0, 0.1, 1.79056e+06, 124.935
14334, 24842, 127, 0, 0, 0.1, 1.79069e+06, 124.935
14335, 31488, 127, 3, 0, 0.1, 1.79082e+06, 124.935
14336, 31237, 127, 1, 0, 0.1, 1.79094e+06, 124.935
14337, 31488, 127, 1, 0, 0.1, 1.79107e+06, 124.935
14338, 31237, 127, 3, 0, 0.1, 1.7912e+06, 124.935
14339, 31488, 127, 0, 0, 0.1, 1.79133e+06, 124.936
14340, 28938, 127, 2, 0, 0.1, 1.79145e+06, 124.936
14341, 31488, 127, 1, 0, 0.1, 1.79158e+06, 124.936
14342, 31237, 127, 3, 0, 0.1, 1.79171e+06, 124.936
14343, 31488, 127, 1, 0, 0.1, 1.79183e+06, 124.936
14344, 31237, 127, 1, 0, 0.1, 1.79196e+06, 124.936
14345, 31492, 127, 2, 0, 0.1, 1.79209e+06, 124.936
14346, 31492, 117, 2, 0, 0.1, 1.79220e+06, 124.936
14347, 31492, 117, 0, 0, 0.1, 1.79232e+06, 124.935
14348, 28938, 127, 0, 0, 0.1, 1.79245e+06, 124.935
14349, 29448, 137, 1, 0, 0.1, 1.79259e+06, 124.936
14350, 29189, 137, 1, 0, 0.1, 1.79272e+06, 124.937
14351, 28934, 137, 3, 0, 0.1, 1.79286e+06, 124.938
14352, 24581, 127, 1, 0, 0.1, 1.79299e+06, 124.938
14353, 28934, 127, 0, 0, 0.1, 1.79311e+06, 124.938
14354, 28938, 127, 2, 0, 0.1, 1.79324e+06, 124.938
14355, 28934, 127, 3, 0, 0.1, 1.79337e+06, 124.939
14356, 24581, 127, 3, 0, 0.1, 1.7935e+06, 124.939
14357, 24840, 127, 0, 0, 0.1, 1.79362e+06, 124.939
14358, 24842, 127, 2, 0, 0.1, 1.79375e+06, 124.939
14359, 24840, 127, 1, 0, 0.1, 1.79388e+06, 124.939
14360, 24581, 127, 3, 0, 0.1, 1.794e+06, 124.939
14361, 24840, 127, 1, 0, 0.1, 1.79413e+06, 124.939
14362, 24581, 127, 3, 0, 0.1, 1.79426e+06, 124.94
14363, 24840, 127, 2, 0, 0.1, 1.79438e+06, 124.94
14364, 28938, 127, 0, 0, 0.1, 1.79451e+06, 124.94
14365, 24840, 127, 3, 1, 0.1, 1.79464e+06, 124.94
14366, 24840, 117, 0, 0, 0.1, 1.79476e+06, 124.939
14367, 24842, 127, 2, 0, 0.1, 1.79488e+06, 124.94
14368, 24840, 127, 1, 0, 0.1, 1.79501e+06, 124.94
14369, 24581, 127, 3, 0, 0.1, 1.79514e+06, 124.94
14370, 24840, 127, 2, 0, 0.1, 1.79526e+06, 124.94
14371, 28938, 127, 0, 0, 0.1, 1.79539e+06, 124.94
14372, 24840, 127, 1, 0, 0.1, 1.79552e+06, 124.94
14373, 24581, 127, 2, 0, 0.1, 1.79564e+06, 124.94
14374, 24581, 117, 1, 0, 0.1, 1.79576e+06, 124.94
14375, 28934, 127, 0, 0, 0.1, 1.79589e+06, 124.94
14376, 28938, 127, 2, 0, 0.1, 1.79602e+06, 124.94
14377, 28934, 127, 3, 0, 0.1, 1.79614e+06, 124.94
14378, 24581, 127, 1, 0, 0.1, 1.79627e+06, 124.94
14379, 28934, 127, 0, 0, 0.1, 1.7964e+06, 124.941
14380, 28938, 127, 2, 0, 0.1, 1.79652e+06, 124.941
14381, 28934, 127, 0, 0, 0.1, 1.79665e+06, 124.941
14382, 28938, 127, 2, 0, 0.1, 1.79678e+06, 124.941
14383, 28934, 127, 3, 0, 0.1, 1.7969e+06, 124.941
14384, 24581, 127, 3, 0, 0.1, 1.79703e+06, 124.941
14385, 24840, 127, 3, 1, 0.1, 1.79716e+06, 124.941
14386, 24840, 117, 2, 0, 0.1, 1.79728e+06, 124.941
14387, 28938, 127, 3, 1, 0.1, 1.7974e+06, 124.941
14388, 28938, 117, 0, 0, 0.1, 1.79752e+06, 124.941
14389, 24840, 127, 2, 0, 0.1, 1.79765e+06, 124.941
14390, 28938, 127, 2, 0, 0.1, 1.79777e+06, 124.941
14391, 31492, 127, 0, 0, 0.1, 1.7979e+06, 124.941
14392, 28938, 127, 0, 0, 0.1, 1.79803e+06, 124.941
14393, 24840, 127, 1, 0, 0.1, 1.79815e+06, 124.941
14394, 24581, 127, 1, 0, 0.1, 1.79828e+06, 124.941
14395, 28934, 127, 1, 0, 0.1, 1.79841e+06, 124.942
14396, 28934, 117, 3, 0, 0.1, 1.79852e+06, 124.941
14397, 24581, 127, 1, 0, 0.1, 1.79865e+06, 124.941
14398, 28934, 127, 0, 0, 0.1, 1.79878e+06, 124.941
14399, 28938, 127, 2, 0, 0.1, 1.79891e+06, 124.941
14400, 28934, 127, 0, 0, 0.1, 1.79903e+06, 124.942
14401, 28938, 127, 2, 0, 0.1, 1.79916e+06, 124.942
14402, 28934, 127, 0, 0, 0.1, 1.79929e+06, 124.942
14403, 28938, 127, 2, 0, 0.1, 1.79941e+06, 124.942
14404, 28934, 127, 3, 0, 0.1, 1.79954e+06, 124.942
14405, 24581, 127, 1, 0, 0.1, 1.79967e+06, 124.942
14406, 28934, 127, 0, 0, 0.1, 1.7998e+06, 124.942
14407, 28938, 127, 0, 0, 0.1, 1.79992e+06, 124.943
14408, 29193, 137, 2, 0, 0.1, 1.80006e+06, 124.943
14409, 28682, 127, 0, 0, 0.1, 1.80019e+06, 124.944
14410, 29193, 127, 2, 0, 0.1, 1.80031e+06, 124.944
14411, 28682, 127, 0, 0, 0.1, 1.80044e+06, 124.944
14412, 29193, 127, 3, 0, 0.1, 1.80057e+06, 124.944
14413, 29193, 117, 1, 0, 0.1, 1.80068e+06, 124.943
14414, 28677, 137, 3, 0, 0.1, 1.80082e+06, 124.944
14415, 24585, 127, 1, 0, 0.1, 1.80095e+06, 124.944
14416, 28677, 127, 3, 0, 0.1, 1.80108e+06, 124.945
14417, 24585, 127, 2, 0, 0.1, 1.8012e+06, 124.945
14418, 16394, 127, 2, 0, 0.1, 1.80133e+06, 124.945
14419, 6, 127, 0, 0, 0.1, 1.80146e+06, 124.945
14420, 16394, 127, 0, 0, 0.1, 1.80158e+06, 124.945
14421, 24585, 127, 2, 0, 0.1, 1.80171e+06, 124.945
14422, 16394, 127, 3, 1, 0.1, 1.80184e+06, 124.945
14423, 16394, 117, 2, 0, 0.1, 1.80195e+06, 124.945
14424, 6, 127, 2, 0, 0.1, 1.80208e+06, 124.945
14425, 6, 117, 0, 0, 0.1, 1.8022e+06, 124.944
14426, 16394, 127, 0, 0, 0.1, 1.80232e+06, 124.945
14427, 24585, 127, 2, 0, 0.1, 1.80245e+06, 124.945
14428, 16394, 127, 2, 0, 0.1, 1.80258e+06, 124.945
14429, 6, 127, 2, 0, 0.1, 1.80271e+06, 124.945
14430, 6, 117, 3, 0, 0.1, 1.80282e+06, 124.944
14431, 16389, 127, 3, 0, 0.1, 1.80295e+06, 124.945
14432, 24840, 127, 1, 0, 0.1, 1.80308e+06, 124.945
14433, 16389, 127, 3, 0, 0.1, 1.8032e+06, 124.945
14434, 24840, 127, 0, 0, 0.1, 1.80333e+06, 124.945
14435, 24842, 127, 1, 1, 0.1, 1.80346e+06, 124.945
14436, 24842, 117, 0, 0, 0.1, 1.80358e+06, 124.945
14437, 28930, 127, 3, 0, 0.1, 1.8037e+06, 124.945
14438, 24581, 127, 1, 0, 0.1, 1.80383e+06, 124.945
14439, 28930, 127, 3, 0, 0.1, 1.80396e+06, 124.945
14440, 24581, 127, 1, 1, 0.1, 1.80408e+06, 124.945
14441, 28930, 127, 0, 0, 0.1, 1.80421e+06, 124.945
14442, 28938, 127, 3, 0, 0.1, 1.80434e+06, 124.945
14443, 28938, 117, 0, 0, 0.1, 1.80445e+06, 124.945
14444, 30978, 137, 0, 0, 0.1, 1.80459e+06, 124.946
14445, 28938, 127, 0, 0, 0.1, 1.80472e+06, 124.946
14446, 29448, 137, 0, 0, 0.1, 1.80486e+06, 124.947
14447, 28938, 127, 0, 0, 0.1, 1.80498e+06, 124.947
14448, 31233, 137, 0, 0, 0.1, 1.80512e+06, 124.948
14449, 31361, 117, 3, 1, 0.1, 1.80524e+06, 124.947
14450, 31237, 77, 2, 0, 0.1, 1.80531e+06, 124.944
14451, 29960, 127, 2, 0, 0.1, 1.80544e+06, 124.944
14452, 29962, 137, 2, 0, 0.1, 1.80558e+06, 124.945
14453, 32002, 137, 2, 0, 0.1, 1.80571e+06, 124.946
14454, 29962, 137, 2, 1, 0.1, 1.80585e+06, 124.946
14455, 32512, 127, 3, 0, 0.1, 1.80598e+06, 124.947
14456, 31237, 127, 1, 0, 0.1, 1.80610e+06, 124.947
14457, 32512, 127, 2, 0, 0.1, 1.80623e+06, 124.947
14458, 29962, 137, 0, 0, 0.1, 1.80637e+06, 124.948
14459, 32512, 127, 0, 0, 0.1, 1.8065e+06, 124.948
14460, 25866, 127, 0, 0, 0.1, 1.80662e+06, 124.948
14461, 19714, 127, 1, 0, 0.1, 1.80675e+06, 124.948
14462, 19714, 117, 2, 1, 0.1, 1.80687e+06, 124.948
14463, 25866, 127, 2, 0, 0.1, 1.80699e+06, 124.948
14464, 32512, 127, 2, 0, 0.1, 1.80712e+06, 124.948
14465, 29962, 127, 2, 0, 0.1, 1.80725e+06, 124.948
14466, 28938, 137, 0, 0, 0.1, 1.80738e+06, 124.949
14467, 24842, 127, 1, 0, 0.1, 1.80751e+06, 124.949
14468, 24842, 117, 0, 0, 0.1, 1.80763e+06, 124.948
14469, 31488, 127, 3, 0, 0.1, 1.80776e+06, 124.949
14470, 31237, 127, 3, 0, 0.1, 1.80788e+06, 124.949
14471, 18949, 137, 3, 0, 0.1, 1.80802e+06, 124.95
14472, 18949, 127, 1, 0, 0.1, 1.80815e+06, 124.95
14473, 18949, 127, 1, 0, 0.1, 1.80827e+06, 124.95
14474, 27141, 127, 3, 0, 0.1, 1.8084e+06, 124.95
14475, 18949, 127, 1, 0, 0.1, 1.80853e+06, 124.95
14476, 27141, 127, 1, 0, 0.1, 1.80866e+06, 124.95
14477, 31488, 127, 1, 0, 0.1, 1.80878e+06, 124.95
14478, 31237, 127, 2, 1, 0.1, 1.80891e+06, 124.951
14479, 31237, 117, 3, 0, 0.1, 1.80903e+06, 124.95
14480, 31504, 127, 1, 0, 0.1, 1.80915e+06, 124.95
14481, 31365, 127, 0, 0, 0.1, 1.80928e+06, 124.95
14482, 31237, 67, 3, 0, 0.1, 1.80935e+06, 124.946
14483, 29962, 117, 2, 0, 0.1, 1.80946e+06, 124.946
14484, 30472, 137, 1, 0, 0.1, 1.8096e+06, 124.947
14485, 29189, 137, 3, 0, 0.1, 1.80974e+06, 124.947
14486, 30472, 127, 1, 0, 0.1, 1.80986e+06, 124.948
14487, 29189, 127, 1, 0, 0.1, 1.80999e+06, 124.948
14488, 29954, 137, 2, 0, 0.1, 1.81013e+06, 124.949
14489, 29962, 127, 2, 0, 0.1, 1.81026e+06, 124.949
14490, 30472, 127, 1, 0, 0.1, 1.81038e+06, 124.949
14491, 29189, 127, 1, 0, 0.1, 1.81051e+06, 124.949
14492, 28934, 137, 3, 0, 0.1, 1.81065e+06, 124.95
14493, 28677, 127, 3, 0, 0.1, 1.81077e+06, 124.95
14494, 29960, 127, 2, 0, 0.1, 1.8109e+06, 124.95
14495, 29962, 137, 2, 0, 0.1, 1.81104e+06, 124.951
14496, 31492, 137, 3, 0, 0.1, 1.81118e+06, 124.952
14497, 31237, 127, 2, 0, 0.1, 1.8113e+06, 124.952
14498, 31237, 117, 3, 0, 0.1, 1.81142e+06, 124.951
14499, 32512, 127, 2, 0, 0.1, 1.81155e+06, 124.951
14500, 29962, 127, 3, 0, 0.1, 1.81167e+06, 124.952
14501, 29962, 117, 0, 0, 0.1, 1.81179e+06, 124.951
14502, 32512, 127, 3, 0, 0.1, 1.81192e+06, 124.951
14503, 31237, 137, 3, 0, 0.1, 1.81205e+06, 124.952
14504, 31237, 137, 1, 0, 0.1, 1.81219e+06, 124.953
14505, 27141, 127, 1, 0, 0.1, 1.81232e+06, 124.953
14506, 32512, 127, 2, 0, 0.1, 1.81244e+06, 124.953
14507, 29962, 127, 0, 0, 0.1, 1.81257e+06, 124.953
14508, 32512, 127, 0, 0, 0.1, 1.8127e+06, 124.953
14509, 29962, 127, 2, 0, 0.1, 1.81283e+06, 124.954
14510, 32512, 127, 2, 0, 0.1, 1.81295e+06, 124.954
14511, 29962, 127, 0, 0, 0.1, 1.81308e+06, 124.954
14512, 32512, 127, 0, 0, 0.1, 1.81321e+06, 124.954
14513, 29962, 127, 2, 0, 0.1, 1.81333e+06, 124.954
14514, 32512, 127, 3, 0, 0.1, 1.81346e+06, 124.954
14515, 27141, 127, 1, 0, 0.1, 1.81359e+06, 124.954
14516, 32512, 127, 0, 0, 0.1, 1.81372e+06, 124.955
14517, 29962, 127, 3, 1, 0.1, 1.81384e+06, 124.955
14518, 29962, 117, 0, 0, 0.1, 1.81396e+06, 124.954
14519, 32002, 127, 3, 0, 0.1, 1.81409e+06, 124.954
14520, 30725, 137, 2, 0, 0.1, 1.81422e+06, 124.955
14521, 30725, 117, 1, 0, 0.1, 1.81434e+06, 124.955
14522, 32002, 127, 2, 0, 0.1, 1.81447e+06, 124.955
14523, 29962, 127, 2, 0, 0.1, 1.81459e+06, 124.955
14524, 32512, 127, 2, 0, 0.1, 1.81472e+06, 124.955
14525, 29962, 127, 2, 0, 0.1, 1.81485e+06, 124.955
14526, 24842, 137, 1, 0, 0.1, 1.81498e+06, 124.956
14527, 24842, 117, 2, 0, 0.1, 1.8151e+06, 124.955
14528, 28940, 127, 0, 0, 0.1, 1.81523e+06, 124.956
14529, 24842, 127, 3, 0, 0.1, 1.81536e+06, 124.956
14530, 24842, 117, 0, 0, 0.1, 1.81547e+06, 124.955
14531, 16650, 127, 2, 0, 0.1, 1.8156e+06, 124.955
14532, 24842, 127, 0, 0, 0.1, 1.81573e+06, 124.955
14533, 16650, 127, 2, 0, 0.1, 1.81585e+06, 124.956
14534, 24842, 127, 0, 0, 0.1, 1.81598e+06, 124.956
14535, 16650, 127, 3, 0, 0.1, 1.81611e+06, 124.956
14536, 16650, 117, 0, 1, 0.1, 1.81622e+06, 124.955
14537, 27392, 127, 3, 0, 0.1, 1.81635e+06, 124.955
14538, 27141, 127, 3, 0, 0.1, 1.81648e+06, 124.956
14539, 31237, 127, 1, 0, 0.1, 1.81661e+06, 124.956
14540, 27141, 127, 3, 0, 0.1, 1.81673e+06, 124.956
14541, 31237, 127, 1, 0, 0.1, 1.81686e+06, 124.956
14542, 27141, 127, 3, 0, 0.1, 1.81699e+06, 124.956
14543, 31237, 127, 2, 1, 0.1, 1.81711e+06, 124.956
14544, 31237, 117, 1, 0, 0.1, 1.81723e+06, 124.956
14545, 27141, 127, 3, 0, 0.1, 1.81736e+06, 124.956
14546, 31237, 127, 0, 0, 0.1, 1.81748e+06, 124.956
14547, 31237, 117, 0, 0, 0.1, 1.8176e+06, 124.955
14548, 31237, 117, 3, 0, 0.1, 1.81772e+06, 124.955
14549, 31237, 127, 1, 0, 0.1, 1.81785e+06, 124.955
14550, 31237, 127, 1, 0, 0.1, 1.81797e+06, 124.955
14551, 27141, 127, 0, 0, 0.1, 1.8181e+06, 124.955
14552, 27141, 117, 3, 0, 0.1, 1.81822e+06, 124.955
14553, 31237, 127, 1, 0, 0.1, 1.81834e+06, 124.955
14554, 27141, 127, 2, 0, 0.1, 1.81847e+06, 124.955
14555, 27141, 117, 3, 0, 0.1, 1.81859e+06, 124.955
14556, 31237, 127, 1, 1, 0.1, 1.81872e+06, 124.955
14557, 27141, 127, 3, 0, 0.1, 1.81884e+06, 124.955
14558, 31269, 127, 3, 0, 0.1, 1.81897e+06, 124.955
14559, 31269, 127, 3, 0, 0.1, 1.8191e+06, 124.955
14560, 32289, 137, 1, 0, 0.1, 1.81923e+06, 124.956
14561, 27141, 77, 2, 0, 0.1, 1.81931e+06, 124.953
14562, 30472, 127, 2, 0, 0.1, 1.81944e+06, 124.953
14563, 29962, 127, 0, 0, 0.1, 1.81956e+06, 124.953
14564, 30472, 127, 2, 0, 0.1, 1.81969e+06, 124.953
14565, 29962, 127, 2, 0, 0.1, 1.81982e+06, 124.953
14566, 26882, 137, 3, 0, 0.1, 1.81996e+06, 124.954
14567, 30725, 127, 3, 0, 0.1, 1.82008e+06, 124.954
14568, 30980, 127, 0, 0, 0.1, 1.82021e+06, 124.954
14569, 28938, 127, 0, 0, 0.1, 1.82034e+06, 124.954
14570, 28938, 137, 0, 0, 0.1, 1.82047e+06, 124.955
14571, 24842, 137, 0, 0, 0.1, 1.82061e+06, 124.956
14572, 28938, 127, 0, 0, 0.1, 1.82074e+06, 124.956
14573, 28938, 127, 0, 1, 0.1, 1.82086e+06, 124.956
14574, 31361, 137, 1, 1, 0.1, 1.821e+06, 124.957
14575, 31365, 127, 1, 0, 0.1, 1.82113e+06, 124.957
14576, 32130, 137, 2, 0, 0.1, 1.82126e+06, 124.958
14577, 29978, 137, 2, 0, 0.1, 1.8214e+06, 124.959
14578, 24856, 137, 2, 1, 0.1, 1.82154e+06, 124.96
14579, 28954, 127, 0, 0, 0.1, 1.82167e+06, 124.96
14580, 24904, 77, 2, 0, 0.1, 1.82174e+06, 124.957
14581, 30472, 137, 1, 0, 0.1, 1.82188e+06, 124.957
14582, 29189, 127, 1, 0, 0.1, 1.82201e+06, 124.958
14583, 29954, 137, 3, 0, 0.1, 1.82214e+06, 124.958
14584, 28677, 127, 1, 1, 0.1, 1.82227e+06, 124.959
14585, 29954, 127, 0, 0, 0.1, 1.8224e+06, 124.959
14586, 25866, 137, 2, 0, 0.1, 1.82254e+06, 124.96
14587, 25858, 127, 3, 0, 0.1, 1.82266e+06, 124.96
14588, 28677, 127, 0, 0, 0.1, 1.82279e+06, 124.96
14589, 28677, 117, 3, 0, 0.1, 1.82291e+06, 124.959
14590, 29960, 127, 2, 0, 0.1, 1.82303e+06, 124.959
14591, 29962, 137, 2, 0, 0.1, 1.82317e+06, 124.96
14592, 32130, 127, 2, 0, 0.1, 1.8233e+06, 124.96
14593, 29962, 137, 2, 0, 0.1, 1.82343e+06, 124.961
14594, 32512, 127, 1, 0, 0.1, 1.82356e+06, 124.961
14595, 31237, 127, 3, 0, 0.1, 1.82369e+06, 124.961
14596, 32512, 127, 2, 0, 0.1, 1.82382e+06, 124.962
14597, 29962, 127, 0, 0, 0.1, 1.82394e+06, 124.962
14598, 32512, 127, 2, 0, 0.1, 1.82407e+06, 124.962
14599, 29962, 127, 2, 0, 0.1, 1.8242e+06, 124.962
14600, 29962, 137, 0, 0, 0.1, 1.82433e+06, 124.963
14601, 29962, 127, 2, 0, 0.1, 1.82446e+06, 124.963
14602, 29962, 127, 2, 0, 0.1, 1.82459e+06, 124.963
14603, 28940, 137, 0, 0, 0.1, 1.82472e+06, 124.964
14604, 24842, 127, 0, 1, 0.1, 1.82485e+06, 124.964
14605, 24842, 127, 2, 0, 0.1, 1.82498e+06, 124.964
14606, 24842, 127, 0, 0, 0.1, 1.82510e+06, 124.964
14607, 24842, 127, 2, 0, 0.1, 1.82523e+06, 124.965
14608, 24842, 127, 0, 0, 0.1, 1.82536e+06, 124.965
14609, 24842, 127, 0, 0, 0.1, 1.82549e+06, 124.965
14610, 31488, 127, 1, 0, 0.1, 1.82561e+06, 124.965
14611, 31237, 127, 2, 0, 0.1, 1.82574e+06, 124.965
14612, 31237, 117, 1, 0, 0.1, 1.82586e+06, 124.965
14613, 26884, 137, 1, 0, 0.1, 1.82599e+06, 124.965
14614, 26629, 127, 1, 0, 0.1, 1.82612e+06, 124.966
14615, 31747, 127, 2, 0, 0.1, 1.82625e+06, 124.966
14616, 29706, 127, 2, 1, 0.1, 1.82638e+06, 124.966
14617, 30722, 137, 2, 0, 0.1, 1.82651e+06, 124.967
14618, 29196, 127, 1, 0, 0.1, 1.82664e+06, 124.967
14619, 29189, 127, 1, 0, 0.1, 1.82677e+06, 124.967
14620, 16646, 137, 3, 0, 0.1, 1.8269e+06, 124.968
14621, 16389, 127, 1, 0, 0.1, 1.82703e+06, 124.968
14622, 16646, 127, 3, 0, 0.1, 1.82716e+06, 124.968
14623, 16389, 127, 1, 0, 0.1, 1.82728e+06, 124.968
14624, 16646, 127, 2, 0, 0.1, 1.82741e+06, 124.968
14625, 16646, 117, 0, 0, 0.1, 1.82753e+06, 124.968
14626, 24842, 127, 2, 0, 0.1, 1.82766e+06, 124.968
14627, 16646, 127, 3, 0, 0.1, 1.82778e+06, 124.968
14628, 16389, 127, 2, 1, 0.1, 1.82791e+06, 124.968
14629, 16389, 117, 3, 0, 0.1, 1.82803e+06, 124.968
14630, 24588, 127, 3, 0, 0.1, 1.82815e+06, 124.968
14631, 24588, 117, 2, 0, 0.1, 1.82827e+06, 124.967
14632, 24588, 117, 3, 0, 0.1, 1.82839e+06, 124.967
14633, 24588, 117, 1, 0, 0.1, 1.8285e+06, 124.966
14634, 16389, 127, 1, 0, 0.1, 1.82863e+06, 124.966
14635, 16646, 127, 3, 0, 0.1, 1.82876e+06, 124.966
14636, 16389, 127, 3, 0, 0.1, 1.82888e+06, 124.967
14637, 24588, 127, 3, 1, 0.1, 1.82901e+06, 124.967
14638, 24588, 117, 0, 0, 0.1, 1.82913e+06, 124.966
14639, 30722, 127, 3, 0, 0.1, 1.82926e+06, 124.966
14640, 30725, 127, 0, 0, 0.1, 1.82938e+06, 124.966
14641, 30725, 117, 3, 0, 0.1, 1.8295e+06, 124.966
14642, 28681, 137, 3, 0, 0.1, 1.82964e+06, 124.967
14643, 28681, 117, 3, 0, 0.1, 1.82975e+06, 124.966
14644, 28681, 117, 1, 0, 0.1, 1.82987e+06, 124.966
14645, 28677, 127, 1, 0, 0.1, 1.83e+06, 124.966
14646, 24578, 127, 3, 0, 0.1, 1.83012e+06, 124.966
14647, 28677, 127, 3, 0, 0.1, 1.83025e+06, 124.966
14648, 28681, 127, 1, 1, 0.1, 1.83038e+06, 124.966
14649, 28677, 127, 3, 0, 0.1, 1.83051e+06, 124.966
14650, 28681, 127, 3, 0, 0.1, 1.83063e+06, 124.966
14651, 28681, 117, 2, 0, 0.1, 1.83075e+06, 124.966
14652, 32774, 137, 2, 0, 0.1, 1.83089e+06, 124.967
14653, 32774, 117, 2, 0, 0.1, 1.831e+06, 124.966
14654, 32774, 117, 2, 0, 0.1, 1.83112e+06, 124.966
14655, 32774, 117, 2, 0, 0.1, 1.83124e+06, 124.965
14656, 32774, 117, 2, 0, 0.1, 1.83136e+06, 124.965
14657, 32774, 117, 2, 0, 0.1, 1.83147e+06, 124.964
14658, 32774, 117, 0, 0, 0.1, 1.83159e+06, 124.963
14659, 32777, 127, 3, 0, 0.1, 1.83172e+06, 124.964
14660, 32777, 117, 1, 1, 0.1, 1.83183e+06, 124.963
14661, 32773, 127, 3, 0, 0.1, 1.83196e+06, 124.963
14662, 32777, 127, 1, 0, 0.1, 1.83209e+06, 124.963
14663, 32773, 127, 3, 0, 0.1, 1.83221e+06, 124.963
14664, 32777, 127, 0, 0, 0.1, 1.83234e+06, 124.964
14665, 32777, 117, 0, 0, 0.1, 1.83246e+06, 124.963
14666, 32777, 117, 2, 0, 0.1, 1.83258e+06, 124.962
14667, 32774, 127, 2, 0, 0.1, 1.8327e+06, 124.963
14668, 32774, 117, 0, 0, 0.1, 1.83282e+06, 124.962
14669, 32777, 127, 3, 0, 0.1, 1.83295e+06, 124.962
14670, 32777, 117, 2, 0, 0.1, 1.83306e+06, 124.962
14671, 32774, 127, 1, 0, 0.1, 1.83319e+06, 124.962
14672, 32774, 117, 1, 0, 0.1, 1.83331e+06, 124.961
14673, 32774, 117, 1, 0, 0.1, 1.83342e+06, 124.961
14674, 32774, 117, 2, 0, 0.1, 1.83354e+06, 124.96
14675, 32774, 117, 0, 0, 0.1, 1.83366e+06, 124.96
14676, 32777, 127, 2, 0, 0.1, 1.83378e+06, 124.96
14677, 32774, 127, 3, 0, 0.1, 1.83391e+06, 124.96
14678, 32773, 127, 2, 0, 0.1, 1.83404e+06, 124.96
14679, 32773, 117, 3, 0, 0.1, 1.83416e+06, 124.96
14680, 33052, 127, 2, 0, 0.1, 1.83428e+06, 124.96
14681, 33052, 117, 2, 0, 0.1, 1.8344e+06, 124.959
14682, 33052, 117, 2, 0, 0.1, 1.83452e+06, 124.959
14683, 33052, 117, 2, 0, 0.1, 1.83463e+06, 124.958
14684, 33052, 117, 2, 0, 0.1, 1.83475e+06, 124.958
14685, 33052, 117, 0, 0, 0.1, 1.83487e+06, 124.957
14686, 33050, 127, 0, 0, 0.1, 1.835e+06, 124.957
14687, 49434, 127, 0, 0, 0.1, 1.83512e+06, 124.957
14688, 59664, 127, 2, 0, 0.1, 1.83525e+06, 124.957
14689, 49434, 127, 2, 0, 0.1, 1.83538e+06, 124.958
14690, 33050, 127, 1, 0, 0.1, 1.8355e+06, 124.958
14691, 33050, 117, 1, 0, 0.1, 1.83562e+06, 124.957
14692, 33050, 117, 1, 0, 0.1, 1.83574e+06, 124.957
14693, 33050, 117, 3, 0, 0.1, 1.83585e+06, 124.956
14694, 33050, 117, 0, 0, 0.1, 1.83597e+06, 124.955
14695, 49434, 127, 0, 0, 0.1, 1.8361e+06, 124.956
14696, 59664, 127, 0, 0, 0.1, 1.83622e+06, 124.956
14697, 61722, 127, 2, 0, 0.1, 1.83635e+06, 124.956
14698, 59664, 127, 0, 0, 0.1, 1.83648e+06, 124.956
14699, 61722, 127, 1, 1, 0.1, 1.83661e+06, 124.956
14700, 61722, 117, 0, 0, 0.1, 1.83672e+06, 124.956
14701, 63762, 127, 1, 0, 0.1, 1.83685e+06, 124.956
14702, 63762, 117, 3, 0, 0.1, 1.83697e+06, 124.955
14703, 63493, 137, 1, 0, 0.1, 1.8371e+06, 124.956
14704, 59666, 127, 1, 0, 0.1, 1.83723e+06, 124.956
14705, 59666, 117, 3, 0, 0.1, 1.83735e+06, 124.956
14706, 63493, 127, 2, 0, 0.1, 1.83748e+06, 124.956
14707, 63493, 117, 1, 0, 0.1, 1.83759e+06, 124.955
14708, 59666, 127, 2, 0, 0.1, 1.83772e+06, 124.955
14709, 49434, 127, 2, 0, 0.1, 1.83785e+06, 124.956
14710, 59664, 127, 0, 0, 0.1, 1.83797e+06, 124.956
14711, 49418, 127, 0, 0, 0.1, 1.8381e+06, 124.956
14712, 59650, 127, 1, 0, 0.1, 1.83823e+06, 124.956
14713, 59650, 117, 3, 0, 0.1, 1.83834e+06, 124.955
14714, 63493, 127, 2, 0, 0.1, 1.83847e+06, 124.956
14715, 63493, 117, 3, 0, 0.1, 1.83859e+06, 124.955
14716, 63748, 127, 2, 0, 0.1, 1.83872e+06, 124.955
14717, 63748, 117, 3, 0, 0.1, 1.83883e+06, 124.955
14718, 63493, 137, 2, 0, 0.1, 1.83897e+06, 124.955
14719, 63493, 117, 2, 0, 0.1, 1.83909e+06, 124.955
14720, 63493, 117, 3, 0, 0.1, 1.8392e+06, 124.954
14721, 63493, 137, 1, 0, 0.1, 1.83934e+06, 124.955
14722, 63493, 127, 3, 0, 0.1, 1.83947e+06, 124.955
14723, 63493, 127, 2, 0, 0.1, 1.83959e+06, 124.955
14724, 63493, 117, 1, 0, 0.1, 1.83971e+06, 124.955
14725, 63493, 127, 3, 0, 0.1, 1.83984e+06, 124.955
14726, 63493, 127, 3, 0, 0.1, 1.83996e+06, 124.955
14727, 63493, 137, 0, 0, 0.1, 1.8401e+06, 124.956
14728, 63493, 117, 2, 0, 0.1, 1.84022e+06, 124.955
14729, 63493, 117, 3, 0, 0.1, 1.84034e+06, 124.955
14730, 61708, 137, 0, 0, 0.1, 1.84047e+06, 124.956
14731, 61706, 127, 2, 0, 0.1, 1.8406e+06, 124.956
14732, 61708, 127, 0, 0, 0.1, 1.84073e+06, 124.956
14733, 61706, 127, 0, 0, 0.1, 1.84085e+06, 124.956
14734, 62208, 137, 2, 1, 0.1, 1.84099e+06, 124.957
14735, 61706, 127, 2, 1, 0.1, 1.84112e+06, 124.957
14736, 57612, 127, 3, 0, 0.1, 1.84124e+06, 124.957
14737, 57612, 117, 0, 0, 0.1, 1.84136e+06, 124.957
14738, 61706, 127, 1, 1, 0.1, 1.84149e+06, 124.957
14739, 61706, 117, 2, 0, 0.1, 1.84161e+06, 124.956
14740, 57612, 127, 1, 0, 0.1, 1.84173e+06, 124.956
14741, 49157, 127, 0, 0, 0.1, 1.84186e+06, 124.957
14742, 49157, 117, 0, 0, 0.1, 1.84198e+06, 124.956
14743, 49157, 117, 3, 0, 0.1, 1.84209e+06, 124.956
14744, 57612, 127, 2, 0, 0.1, 1.84222e+06, 124.956
14745, 57612, 117, 2, 1, 0.1, 1.84234e+06, 124.955
14746, 57612, 117, 1, 0, 0.1, 1.84246e+06, 124.955
14747, 49157, 127, 0, 0, 0.1, 1.84258e+06, 124.955
14748, 49157, 117, 0, 0, 0.1, 1.8427e+06, 124.954
14749, 49157, 117, 3, 0, 0.1, 1.84282e+06, 124.954
14750, 57612, 127, 3, 0, 0.1, 1.84294e+06, 124.954
14751, 57612, 117, 3, 0, 0.1, 1.84306e+06, 124.953
14752, 24844, 117, 0, 1, 0.1, 1.84318e+06, 124.953
14753, 28938, 127, 0, 0, 0.1, 1.8433e+06, 124.953
14754, 29440, 127, 1, 0, 0.1, 1.84343e+06, 124.953
14755, 28676, 137, 0, 0, 0.1, 1.84357e+06, 124.954
14756, 30720, 127, 1, 0, 0.1, 1.8437e+06, 124.954
14757, 30722, 127, 3, 0, 0.1, 1.84382e+06, 124.954
14758, 30720, 127, 3, 0, 0.1, 1.84395e+06, 124.954
14759, 28936, 137, 1, 1, 0.1, 1.84409e+06, 124.955
14760, 24576, 127, 1, 0, 0.1, 1.84421e+06, 124.955
14761, 16386, 127, 2, 0, 0.1, 1.84434e+06, 124.955
14762, 6, 127, 2, 0, 0.1, 1.84447e+06, 124.955
14763, 6, 117, 3, 0, 0.1, 1.84458e+06, 124.955
14764, 16388, 127, 1, 0, 0.1, 1.84471e+06, 124.955
14765, 6, 127, 2, 0, 0.1, 1.84484e+06, 124.955
14766, 6, 117, 3, 0, 0.1, 1.84496e+06, 124.955
14767, 16388, 127, 3, 0, 0.1, 1.84508e+06, 124.955
14768, 24832, 127, 3, 0, 0.1, 1.84521e+06, 124.955
14769, 16389, 127, 0, 0, 0.1, 1.84534e+06, 124.955
14770, 16389, 117, 3, 0, 0.1, 1.84545e+06, 124.954
14771, 9, 127, 1, 0, 0.1, 1.84558e+06, 124.955
14772, 16389, 127, 0, 0, 0.1, 1.84571e+06, 124.955
14773, 16389, 117, 3, 0, 0.1, 1.84582e+06, 124.954
14774, 9, 127, 2, 0, 0.1, 1.84595e+06, 124.954
14775, 16394, 127, 0, 0, 0.1, 1.84608e+06, 124.955
14776, 9, 127, 0, 0, 0.1, 1.84620e+06, 124.955
14777, 9, 117, 0, 1, 0.1, 1.84632e+06, 124.954
14778, 9, 117, 2, 0, 0.1, 1.84644e+06, 124.954
14779, 16394, 127, 0, 0, 0.1, 1.84657e+06, 124.954
14780, 9, 127, 0, 0, 0.1, 1.84669e+06, 124.954
14781, 9, 117, 2, 0, 0.1, 1.84681e+06, 124.953
14782, 16394, 127, 0, 0, 0.1, 1.84694e+06, 124.953
14783, 9, 127, 1, 0, 0.1, 1.84706e+06, 124.954
14784, 16389, 127, 1, 0, 0.1, 1.84719e+06, 124.954
14785, 24832, 127, 3, 0, 0.1, 1.84732e+06, 124.954
14786, 16389, 127, 3, 0, 0.1, 1.84744e+06, 124.954
14787, 9, 127, 3, 0, 0.1, 1.84757e+06, 124.954
14788, 9, 117, 0, 0, 0.1, 1.84769e+06, 124.954
14789, 9, 117, 3, 0, 0.1, 1.84781e+06, 124.953
14790, 9, 117, 2, 1, 0.1, 1.84792e+06, 124.953
14791, 16394, 127, 0, 0, 0.1, 1.84805e+06, 124.953
14792, 9, 127, 1, 0, 0.1, 1.84818e+06, 124.953
14793, 16389, 127, 1, 0, 0.1, 1.8483e+06, 124.953
14794, 24832, 127, 3, 0, 0.1, 1.84843e+06, 124.953
14795, 16389, 127, 1, 0, 0.1, 1.84856e+06, 124.953
14796, 24832, 127, 3, 1, 0.1, 1.84868e+06, 124.953
14797, 16389, 127, 2, 0, 0.1, 1.84881e+06, 124.954
14798, 16389, 117, 1, 1, 0.1, 1.84893e+06, 124.953
14799, 24896, 127, 2, 0, 0.1, 1.84906e+06, 124.953
14800, 16666, 77, 3, 0, 0.1, 1.84913e+06, 124.95
14801, 25866, 117, 2, 0, 0.1, 1.84925e+06, 124.949
14802, 29960, 127, 1, 0, 0.1, 1.84938e+06, 124.949
14803, 28677, 127, 1, 0, 0.1, 1.8495e+06, 124.95
14804, 29954, 127, 3, 0, 0.1, 1.84963e+06, 124.95
14805, 28677, 127, 1, 1, 0.1, 1.84976e+06, 124.95
14806, 29954, 127, 3, 0, 0.1, 1.84988e+06, 124.95
14807, 28677, 127, 3, 0, 0.1, 1.85001e+06, 124.95
14808, 29960, 127, 0, 0, 0.1, 1.85014e+06, 124.95
14809, 25866, 127, 2, 0, 0.1, 1.85027e+06, 124.95
14810, 29960, 127, 1, 0, 0.1, 1.85039e+06, 124.951
14811, 28677, 127, 3, 0, 0.1, 1.85052e+06, 124.951
14812, 29960, 127, 2, 0, 0.1, 1.85065e+06, 124.951
14813, 29962, 127, 2, 0, 0.1, 1.85077e+06, 124.951
14814, 32002, 137, 2, 0, 0.1, 1.85091e+06, 124.952
14815, 29962, 127, 2, 0, 0.1, 1.85104e+06, 124.952
14816, 32512, 127, 2, 0, 0.1, 1.85116e+06, 124.952
14817, 29962, 127, 2, 0, 0.1, 1.85129e+06, 124.952
14818, 29962, 127, 0, 0, 0.1, 1.85142e+06, 124.952
14819, 29962, 127, 3, 1, 0.1, 1.85155e+06, 124.952
14820, 29962, 117, 0, 0, 0.1, 1.85166e+06, 124.952
14821, 32512, 127, 2, 0, 0.1, 1.85179e+06, 124.952
14822, 29962, 127, 3, 0, 0.1, 1.85192e+06, 124.952
14823, 29962, 117, 0, 0, 0.1, 1.85203e+06, 124.952
14824, 32512, 127, 3, 0, 0.1, 1.85216e+06, 124.952
14825, 31237, 127, 3, 0, 0.1, 1.85229e+06, 124.952
14826, 31237, 137, 3, 0, 0.1, 1.85242e+06, 124.953
14827, 31237, 137, 0, 0, 0.1, 1.85256e+06, 124.954
14828, 31237, 117, 3, 0, 0.1, 1.85268e+06, 124.953
14829, 32257, 127, 3, 0, 0.1, 1.85281e+06, 124.953
14830, 31237, 127, 1, 0, 0.1, 1.85293e+06, 124.953
14831, 32257, 127, 2, 0, 0.1, 1.85306e+06, 124.953
14832, 29706, 137, 0, 0, 0.1, 1.8532e+06, 124.954
14833, 32257, 127, 3, 0, 0.1, 1.85332e+06, 124.954
14834, 31237, 127, 3, 0, 0.1, 1.85345e+06, 124.955
14835, 27141, 137, 1, 0, 0.1, 1.85359e+06, 124.955
14836, 27141, 127, 3, 0, 0.1, 1.85372e+06, 124.956
14837, 27141, 127, 2, 0, 0.1, 1.85384e+06, 124.956
14838, 27141, 117, 1, 0, 0.1, 1.85396e+06, 124.955
14839, 27141, 127, 0, 0, 0.1, 1.85409e+06, 124.955
14840, 27141, 117, 3, 0, 0.1, 1.8542e+06, 124.955
14841, 27141, 127, 3, 0, 0.1, 1.85433e+06, 124.955
14842, 31237, 127, 1, 0, 0.1, 1.85446e+06, 124.955
14843, 27141, 127, 1, 0, 0.1, 1.85458e+06, 124.955
14844, 27141, 127, 3, 0, 0.1, 1.85471e+06, 124.955
14845, 27141, 127, 0, 0, 0.1, 1.85484e+06, 124.955
14846, 27141, 117, 1, 0, 0.1, 1.85496e+06, 124.955
14847, 27141, 127, 3, 0, 0.1, 1.85508e+06, 124.955
14848, 27141, 127, 3, 0, 0.1, 1.85521e+06, 124.955
14849, 31237, 127, 1, 0, 0.1, 1.85534e+06, 124.955
14850, 27141, 127, 1, 0, 0.1, 1.85546e+06, 124.955
14851, 27141, 127, 1, 0, 0.1, 1.85559e+06, 124.956
14852, 32257, 127, 1, 0, 0.1, 1.85572e+06, 124.956
14853, 27141, 127, 1, 0, 0.1, 1.85584e+06, 124.956
14854, 18949, 127, 3, 0, 0.1, 1.85597e+06, 124.956
14855, 27141, 127, 3, 0, 0.1, 1.8561e+06, 124.956
14856, 32257, 127, 2, 0, 0.1, 1.85622e+06, 124.956
14857, 29706, 127, 2, 0, 0.1, 1.85635e+06, 124.956
14858, 29706, 137, 2, 0, 0.1, 1.85649e+06, 124.957
14859, 29706, 137, 2, 0, 0.1, 1.85663e+06, 124.958
14860, 29706, 137, 1, 0, 0.1, 1.85676e+06, 124.959
14861, 29706, 117, 2, 1, 0.1, 1.85688e+06, 124.958
14862, 29706, 137, 3, 0, 0.1, 1.85702e+06, 124.959
14863, 29706, 117, 0, 0, 0.1, 1.85713e+06, 124.959
14864, 29706, 127, 2, 0, 0.1, 1.85726e+06, 124.959
14865, 29706, 127, 1, 1, 0.1, 1.85739e+06, 124.959
14866, 29706, 117, 2, 0, 0.1, 1.85750e+06, 124.958
14867, 16394, 137, 2, 0, 0.1, 1.85764e+06, 124.959
14868, 24586, 127, 3, 0, 0.1, 1.85777e+06, 124.959
14869, 24586, 117, 2, 0, 0.1, 1.85789e+06, 124.959
14870, 28682, 127, 2, 0, 0.1, 1.85801e+06, 124.959
14871, 31236, 127, 0, 0, 0.1, 1.85814e+06, 124.959
14872, 28682, 127, 0, 0, 0.1, 1.85827e+06, 124.959
14873, 24586, 127, 0, 0, 0.1, 1.85839e+06, 124.959
14874, 16394, 127, 2, 0, 0.1, 1.85852e+06, 124.959
14875, 24586, 127, 0, 0, 0.1, 1.85865e+06, 124.96
14876, 16394, 127, 2, 0, 0.1, 1.85878e+06, 124.96
14877, 24586, 127, 0, 0, 0.1, 1.8589e+06, 124.96
14878, 16394, 127, 2, 0, 0.1, 1.85903e+06, 124.96
14879, 24586, 127, 1, 0, 0.1, 1.85916e+06, 124.96
14880, 24586, 117, 3, 0, 0.1, 1.85927e+06, 124.96
14881, 24586, 117, 1, 0, 0.1, 1.85939e+06, 124.959
14882, 24586, 117, 0, 0, 0.1, 1.85951e+06, 124.958
14883, 16394, 127, 2, 0, 0.1, 1.85963e+06, 124.959
14884, 24586, 127, 2, 0, 0.1, 1.85976e+06, 124.959
14885, 28682, 127, 2, 0, 0.1, 1.85989e+06, 124.959
14886, 31236, 127, 0, 0, 0.1, 1.86002e+06, 124.959
14887, 28682, 127, 1, 0, 0.1, 1.86014e+06, 124.959
14888, 28682, 117, 2, 0, 0.1, 1.86026e+06, 124.959
14889, 31236, 127, 0, 0, 0.1, 1.86039e+06, 124.959
14890, 28682, 127, 0, 0, 0.1, 1.86051e+06, 124.959
14891, 24586, 127, 0, 0, 0.1, 1.86064e+06, 124.959
14892, 16394, 127, 0, 0, 0.1, 1.86077e+06, 124.959
14893, 10, 127, 2, 0, 0.1, 1.86089e+06, 124.959
14894, 16394, 127, 2, 0, 0.1, 1.86102e+06, 124.959
14895, 24586, 127, 0, 0, 0.1, 1.86115e+06, 124.96
14896, 16394, 127, 0, 0, 0.1, 1.86128e+06, 124.96
14897, 10, 127, 2, 0, 0.1, 1.8614e+06, 124.96
14898, 16394, 127, 1, 0, 0.1, 1.86153e+06, 124.96
14899, 16394, 117, 2, 0, 0.1, 1.86165e+06, 124.959
14900, 24586, 127, 0, 0, 0.1, 1.86177e+06, 124.96
14901, 16394, 127, 2, 0, 0.1, 1.8619e+06, 124.96
14902, 24586, 127, 2, 0, 0.1, 1.86203e+06, 124.96
14903, 28682, 127, 3, 1, 0.1, 1.86215e+06, 124.96
14904, 28682, 117, 2, 0, 0.1, 1.86227e+06, 124.959
14905, 31396, 127, 3, 0, 0.1, 1.8624e+06, 124.96
14906, 31397, 137, 1, 0, 0.1, 1.86254e+06, 124.96
14907, 31396, 127, 2, 0, 0.1, 1.86266e+06, 124.961
14908, 31396, 117, 1, 0, 0.1, 1.86278e+06, 124.96
14909, 31365, 87, 3, 0, 0.1, 1.86287e+06, 124.957
14910, 29962, 117, 2, 0, 0.1, 1.86298e+06, 124.957
14911, 30472, 137, 2, 0, 0.1, 1.86312e+06, 124.958
14912, 29962, 137, 0, 1, 0.1, 1.86326e+06, 124.959
14913, 30472, 127, 2, 0, 0.1, 1.86338e+06, 124.959
14914, 29962, 127, 2, 0, 0.1, 1.86351e+06, 124.959
14915, 32002, 127, 0, 0, 0.1, 1.86364e+06, 124.959
14916, 29962, 127, 2, 0, 0.1, 1.86376e+06, 124.959
14917, 32002, 127, 1, 1, 0.1, 1.86389e+06, 124.959
14918, 32002, 117, 3, 0, 0.1, 1.86401e+06, 124.959
14919, 30725, 127, 3, 0, 0.1, 1.86414e+06, 124.959
14920, 30980, 137, 3, 0, 0.1, 1.86427e+06, 124.96
14921, 30725, 127, 3, 0, 0.1, 1.8644e+06, 124.96
14922, 24581, 137, 1, 0, 0.1, 1.86454e+06, 124.961
14923, 24581, 127, 3, 0, 0.1, 1.86466e+06, 124.961
14924, 24581, 127, 1, 0, 0.1, 1.86479e+06, 124.961
14925, 24581, 127, 1, 0, 0.1, 1.86492e+06, 124.961
14926, 28932, 127, 0, 0, 0.1, 1.86504e+06, 124.961
14927, 28938, 127, 1, 0, 0.1, 1.86517e+06, 124.961
14928, 28938, 117, 3, 0, 0.1, 1.86529e+06, 124.961
14929, 28938, 117, 0, 0, 0.1, 1.86541e+06, 124.96
14930, 24842, 137, 0, 0, 0.1, 1.86554e+06, 124.961
14931, 28938, 127, 0, 0, 0.1, 1.86567e+06, 124.961
14932, 28938, 127, 0, 0, 0.1, 1.8658e+06, 124.961
14933, 28938, 137, 0, 0, 0.1, 1.86593e+06, 124.962
14934, 30721, 137, 3, 0, 0.1, 1.86607e+06, 124.963
14935, 30725, 137, 1, 1, 0.1, 1.86621e+06, 124.964
14936, 26625, 127, 2, 1, 0.1, 1.86634e+06, 124.964
14937, 16394, 127, 1, 0, 0.1, 1.86646e+06, 124.964
14938, 16394, 117, 1, 1, 0.1, 1.86658e+06, 124.963
14939, 16394, 117, 2, 0, 0.1, 1.8667e+06, 124.963
14940, 10, 127, 1, 0, 0.1, 1.86682e+06, 124.963
14941, 10, 117, 0, 0, 0.1, 1.86694e+06, 124.963
14942, 16394, 127, 2, 0, 0.1, 1.86707e+06, 124.963
14943, 10, 127, 2, 0, 0.1, 1.86719e+06, 124.963
14944, 10, 127, 1, 0, 0.1, 1.86732e+06, 124.963
14945, 10, 117, 1, 0, 0.1, 1.86744e+06, 124.962
14946, 10, 117, 1, 0, 0.1, 1.86756e+06, 124.962
14947, 10, 117, 1, 0, 0.1, 1.86767e+06, 124.961
14948, 10, 117, 0, 0, 0.1, 1.86779e+06, 124.961
14949, 10, 127, 2, 0, 0.1, 1.86792e+06, 124.961
14950, 10, 127, 2, 0, 0.1, 1.86804e+06, 124.961
14951, 10, 127, 2, 0, 0.1, 1.86817e+06, 124.961
14952, 16394, 127, 3, 0, 0.1, 1.8683e+06, 124.961
14953, 16394, 117, 1, 0, 0.1, 1.86841e+06, 124.961
14954, 16394, 117, 2, 0, 0.1, 1.86853e+06, 124.96
14955, 24580, 127, 3, 0, 0.1, 1.86866e+06, 124.96
14956, 16389, 127, 1, 0, 0.1, 1.86878e+06, 124.961
14957, 24580, 127, 3, 0, 0.1, 1.86891e+06, 124.961
14958, 16389, 127, 3, 0, 0.1, 1.86904e+06, 124.961
14959, 24581, 127, 0, 0, 0.1, 1.86917e+06, 124.961
14960, 24581, 117, 3, 0, 0.1, 1.86928e+06, 124.96
14961, 28677, 127, 3, 0, 0.1, 1.86941e+06, 124.961
14962, 28940, 127, 1, 0, 0.1, 1.86954e+06, 124.961
14963, 28677, 127, 3, 0, 0.1, 1.86966e+06, 124.961
14964, 28940, 127, 1, 0, 0.1, 1.86979e+06, 124.961
14965, 28677, 127, 1, 0, 0.1, 1.86992e+06, 124.961
14966, 24581, 127, 3, 0, 0.1, 1.87004e+06, 124.961
14967, 28677, 127, 1, 0, 0.1, 1.87017e+06, 124.961
14968, 24581, 127, 1, 0, 0.1, 1.8703e+06, 124.962
14969, 16389, 127, 1, 0, 0.1, 1.87043e+06, 124.962
14970, 24580, 127, 3, 0, 0.1, 1.87055e+06, 124.962
14971, 16389, 127, 3, 1, 0.1, 1.87068e+06, 124.962
14972, 24581, 127, 3, 0, 0.1, 1.87081e+06, 124.962
14973, 28677, 127, 1, 0, 0.1, 1.87093e+06, 124.962
14974, 24581, 127, 1, 0, 0.1, 1.87106e+06, 124.962
14975, 16389, 127, 1, 0, 0.1, 1.87119e+06, 124.962
14976, 24580, 127, 3, 0, 0.1, 1.87132e+06, 124.963
14977, 16389, 127, 1, 0, 0.1, 1.87144e+06, 124.963
14978, 24580, 127, 1, 0, 0.1, 1.87157e+06, 124.963
14979, 28677, 127, 3, 0, 0.1, 1.8717e+06, 124.963
14980, 24580, 127, 1, 0, 0.1, 1.87182e+06, 124.963
14981, 28677, 127, 1, 0, 0.1, 1.87195e+06, 124.963
14982, 29954, 127, 3, 0, 0.1, 1.87208e+06, 124.963
14983, 28677, 127, 2, 0, 0.1, 1.8722e+06, 124.964
14984, 28677, 117, 2, 1, 0.1, 1.87232e+06, 124.963
14985, 28677, 117, 1, 0, 0.1, 1.87244e+06, 124.962
14986, 29954, 127, 1, 1, 0.1, 1.87256e+06, 124.963
14987, 29954, 117, 2, 0, 0.1, 1.87268e+06, 124.962
14988, 29962, 137, 2, 0, 0.1, 1.87282e+06, 124.963
14989, 31488, 137, 3, 0, 0.1, 1.87296e+06, 124.964
14990, 31237, 137, 0, 1, 0.1, 1.87309e+06, 124.965
14991, 31237, 117, 3, 0, 0.1, 1.87321e+06, 124.964
14992, 31237, 127, 2, 0, 0.1, 1.87334e+06, 124.964
14993, 31237, 117, 3, 0, 0.1, 1.87345e+06, 124.964
14994, 31237, 127, 3, 0, 0.1, 1.87358e+06, 124.964
14995, 32257, 137, 0, 0, 0.1, 1.87372e+06, 124.965
14996, 32257, 117, 2, 0, 0.1, 1.87384e+06, 124.964
14997, 29706, 127, 0, 0, 0.1, 1.87396e+06, 124.964
14998, 32257, 127, 3, 0, 0.1, 1.87409e+06, 124.964
14999, 27141, 137, 0, 1, 0.1, 1.87423e+06, 124.965
15000, 27141, 117, 3, 0, 0.1, 1.87434e+06, 124.965
15001, 31237, 127, 3, 0, 0.1, 1.87447e+06, 124.965
15002, 31237, 127, 2, 0, 0.1, 1.8746e+06, 124.965
15003, 31237, 117, 3, 0, 0.1, 1.87471e+06, 124.964
15004, 32257, 137, 3, 0, 0.1, 1.87485e+06, 124.965
15005, 31237, 127, 3, 0, 0.1, 1.87498e+06, 124.965
15006, 32512, 137, 2, 0, 0.1, 1.87512e+06, 124.966
15007, 29962, 127, 2, 0, 0.1, 1.87524e+06, 124.966
15008, 28938, 137, 3, 0, 0.1, 1.87538e+06, 124.967
15009, 28938, 117, 2, 0, 0.1, 1.8755e+06, 124.966
15010, 64260, 137, 2, 0, 0.1, 1.87563e+06, 124.967
15011, 64260, 117, 1, 0, 0.1, 1.87575e+06, 124.967
15012, 63493, 137, 2, 0, 0.1, 1.87589e+06, 124.967
15013, 63493, 117, 2, 0, 0.1, 1.876e+06, 124.967
15014, 63493, 117, 3, 0, 0.1, 1.87612e+06, 124.966
15015, 63748, 127, 0, 1, 0.1, 1.87625e+06, 124.967
15016, 61706, 127, 2, 0, 0.1, 1.87638e+06, 124.967
15017, 63748, 127, 3, 0, 0.1, 1.8765e+06, 124.967
15018, 63493, 137, 1, 0, 0.1, 1.87664e+06, 124.968
15019, 63748, 127, 1, 0, 0.1, 1.87677e+06, 124.968
15020, 59397, 127, 1, 0, 0.1, 1.87689e+06, 124.968
15021, 63750, 127, 3, 0, 0.1, 1.87702e+06, 124.968
15022, 59397, 127, 3, 0, 0.1, 1.87715e+06, 124.968
15023, 63748, 127, 1, 0, 0.1, 1.87727e+06, 124.968
15024, 59397, 127, 2, 0, 0.1, 1.8774e+06, 124.968
15025, 59397, 117, 1, 0, 0.1, 1.87752e+06, 124.968
15026, 63750, 127, 2, 0, 0.1, 1.87764e+06, 124.968
15027, 63750, 117, 3, 0, 0.1, 1.87776e+06, 124.968
15028, 59397, 127, 2, 0, 0.1, 1.87789e+06, 124.968
15029, 59397, 117, 0, 0, 0.1, 1.87801e+06, 124.967
15030, 59397, 117, 2, 0, 0.1, 1.87812e+06, 124.967
15031, 59397, 117, 2, 0, 0.1, 1.87824e+06, 124.966
15032, 59397, 117, 3, 0, 0.1, 1.87836e+06, 124.966
15033, 63748, 127, 1, 0, 0.1, 1.87848e+06, 124.966
15034, 59397, 127, 1, 0, 0.1, 1.87861e+06, 124.966
15035, 63750, 127, 1, 0, 0.1, 1.87874e+06, 124.966
15036, 63750, 117, 3, 0, 0.1, 1.87886e+06, 124.965
15037, 59397, 127, 3, 0, 0.1, 1.87898e+06, 124.966
15038, 63748, 127, 1, 0, 0.1, 1.87911e+06, 124.966
15039, 59397, 127, 1, 0, 0.1, 1.87924e+06, 124.966
15040, 63750, 127, 0, 0, 0.1, 1.87936e+06, 124.966
15041, 61706, 127, 0, 0, 0.1, 1.87949e+06, 124.966
15042, 49162, 137, 3, 0, 0.1, 1.87963e+06, 124.967
15043, 49162, 117, 1, 0, 0.1, 1.87974e+06, 124.966
15044, 49162, 117, 3, 0, 0.1, 1.87986e+06, 124.966
15045, 49162, 117, 0, 1, 0.1, 1.87998e+06, 124.965
15046, 59905, 127, 1, 0, 0.1, 1.88010e+06, 124.965
15047, 51717, 127, 3, 0, 0.1, 1.88023e+06, 124.966
15048, 59905, 127, 3, 0, 0.1, 1.88036e+06, 124.966
15049, 64005, 127, 0, 0, 0.1, 1.88049e+06, 124.966
15050, 64005, 117, 3, 0, 0.1, 1.8806e+06, 124.965
15051, 64256, 127, 2, 0, 0.1, 1.88073e+06, 124.965
15052, 61706, 127, 0, 0, 0.1, 1.88086e+06, 124.966
15053, 64256, 127, 1, 0, 0.1, 1.88098e+06, 124.966
15054, 64005, 127, 3, 0, 0.1, 1.88111e+06, 124.966
15055, 64256, 127, 2, 0, 0.1, 1.88124e+06, 124.966
15056, 61706, 127, 0, 0, 0.1, 1.88136e+06, 124.966
15057, 64272, 127, 3, 0, 0.1, 1.88149e+06, 124.966
15058, 64005, 137, 3, 0, 0.1, 1.88163e+06, 124.967
15059, 63240, 137, 3, 0, 0.1, 1.88177e+06, 124.968
15060, 63240, 117, 0, 0, 0.1, 1.88188e+06, 124.967
15061, 62730, 137, 1, 0, 0.1, 1.88202e+06, 124.968
15062, 62730, 117, 2, 1, 0.1, 1.88214e+06, 124.968
15063, 63240, 127, 0, 0, 0.1, 1.88226e+06, 124.968
15064, 62730, 127, 2, 0, 0.1, 1.88239e+06, 124.968
15065, 63240, 127, 0, 0, 0.1, 1.88252e+06, 124.968
15066, 62730, 127, 1, 0, 0.1, 1.88264e+06, 124.968
15067, 62746, 117, 0, 0, 0.1, 1.88276e+06, 124.968
15068, 58650, 137, 2, 0, 0.1, 1.8829e+06, 124.968
15069, 62746, 127, 1, 0, 0.1, 1.88303e+06, 124.969
15070, 62746, 117, 2, 0, 0.1, 1.88314e+06, 124.968
15071, 63256, 127, 0, 0, 0.1, 1.88327e+06, 124.968
15072, 62746, 127, 1, 1, 0.1, 1.8834e+06, 124.968
15073, 62746, 117, 0, 0, 0.1, 1.88351e+06, 124.968
15074, 58650, 127, 1, 0, 0.1, 1.88364e+06, 124.968
15075, 58650, 117, 2, 1, 0.1, 1.88376e+06, 124.967
15076, 62746, 127, 0, 0, 0.1, 1.88388e+06, 124.967
15077, 58650, 127, 2, 0, 0.1, 1.88401e+06, 124.968
15078, 62746, 127, 1, 1, 0.1, 1.88414e+06, 124.968
15079, 62746, 117, 3, 1, 0.1, 1.88426e+06, 124.967
15080, 62746, 117, 3, 0, 0.1, 1.88437e+06, 124.967
15081, 62746, 117, 2, 0, 0.1, 1.88449e+06, 124.966
15082, 63256, 127, 1, 0, 0.1, 1.88462e+06, 124.966
15083, 61957, 127, 0, 0, 0.1, 1.88474e+06, 124.966
15084, 61957, 117, 1, 0, 0.1, 1.88486e+06, 124.966
15085, 62208, 127, 3, 1, 0.1, 1.88499e+06, 124.966
15086, 61957, 127, 0, 0, 0.1, 1.88512e+06, 124.966
15087, 61957, 117, 2, 0, 0.1, 1.88523e+06, 124.966
15088, 61957, 117, 2, 0, 0.1, 1.88535e+06, 124.965
15089, 61957, 117, 2, 0, 0.1, 1.88547e+06, 124.965
15090, 61957, 117, 1, 0, 0.1, 1.88558e+06, 124.964
15091, 62208, 127, 2, 0, 0.1, 1.88571e+06, 124.964
15092, 61722, 127, 0, 0, 0.1, 1.88584e+06, 124.964
15093, 62208, 127, 2, 0, 0.1, 1.88596e+06, 124.964
15094, 61706, 127, 3, 0, 0.1, 1.88609e+06, 124.965
15095, 61706, 117, 0, 0, 0.1, 1.88621e+06, 124.964
15096, 62208, 127, 3, 0, 0.1, 1.88634e+06, 124.964
15097, 61957, 127, 0, 0, 0.1, 1.88646e+06, 124.964
15098, 61957, 117, 0, 0, 0.1, 1.88658e+06, 124.964
15099, 61957, 117, 1, 0, 0.1, 1.8867e+06, 124.963
15100, 62208, 127, 3, 0, 0.1, 1.88682e+06, 124.963
15101, 61957, 127, 0, 1, 0.1, 1.88695e+06, 124.964
15102, 61957, 117, 1, 0, 0.1, 1.88707e+06, 124.963
15103, 62224, 127, 1, 0, 0.1, 1.88719e+06, 124.963
15104, 61957, 127, 3, 0, 0.1, 1.88732e+06, 124.963
15105, 62224, 127, 2, 0, 0.1, 1.88745e+06, 124.963
15106, 61706, 127, 3, 0, 0.1, 1.88758e+06, 124.964
15107, 61722, 117, 1, 0, 0.1, 1.88769e+06, 124.963
15108, 61722, 117, 0, 0, 0.1, 1.88781e+06, 124.963
15109, 62224, 127, 1, 0, 0.1, 1.88794e+06, 124.963
15110, 29189, 127, 1, 0, 0.1, 1.88806e+06, 124.963
15111, 25089, 127, 1, 0, 0.1, 1.88819e+06, 124.963
15112, 16933, 127, 3, 0, 0.1, 1.88832e+06, 124.963
15113, 25121, 127, 1, 0, 0.1, 1.88844e+06, 124.963
15114, 16933, 127, 2, 1, 0.1, 1.88857e+06, 124.963
15115, 16933, 117, 3, 0, 0.1, 1.88869e+06, 124.963
15116, 25121, 127, 0, 0, 0.1, 1.88882e+06, 124.963
15117, 25121, 117, 0, 0, 0.1, 1.88893e+06, 124.962
15118, 25121, 117, 3, 0, 0.1, 1.88905e+06, 124.962
15119, 29189, 127, 0, 1, 0.1, 1.88918e+06, 124.962
15120, 29189, 117, 2, 1, 0.1, 1.88929e+06, 124.962
15121, 29189, 117, 3, 0, 0.1, 1.88941e+06, 124.961
15122, 29440, 127, 1, 0, 0.1, 1.88954e+06, 124.961
15123, 29189, 127, 1, 0, 0.1, 1.88966e+06, 124.961
15124, 25089, 127, 1, 0, 0.1, 1.88979e+06, 124.961
15125, 16901, 127, 3, 0, 0.1, 1.88992e+06, 124.962
15126, 25089, 127, 1, 1, 0.1, 1.89004e+06, 124.962
15127, 16901, 127, 3, 0, 0.1, 1.89017e+06, 124.962
15128, 25089, 127, 0, 0, 0.1, 1.8903e+06, 124.962
15129, 25089, 117, 1, 0, 0.1, 1.89042e+06, 124.961
15130, 16901, 127, 1, 0, 0.1, 1.89054e+06, 124.962
15131, 517, 127, 1, 0, 0.1, 1.89067e+06, 124.962
15132, 517, 127, 1, 0, 0.1, 1.8908e+06, 124.962
15133, 1537, 127, 2, 0, 0.1, 1.89092e+06, 124.962
15134, 17418, 127, 2, 0, 0.1, 1.89105e+06, 124.962
15135, 25610, 127, 2, 0, 0.1, 1.89118e+06, 124.962
15136, 29706, 127, 0, 0, 0.1, 1.89130e+06, 124.962
15137, 25610, 127, 0, 0, 0.1, 1.89143e+06, 124.962
15138, 17418, 127, 0, 1, 0.1, 1.89156e+06, 124.963
15139, 1537, 127, 2, 0, 0.1, 1.89169e+06, 124.963
15140, 17418, 127, 0, 0, 0.1, 1.89181e+06, 124.963
15141, 1537, 127, 1, 0, 0.1, 1.89194e+06, 124.963
15142, 16901, 127, 1, 0, 0.1, 1.89207e+06, 124.963
15143, 25093, 127, 1, 0, 0.1, 1.89219e+06, 124.963
15144, 29189, 127, 3, 0, 0.1, 1.89232e+06, 124.963
15145, 25093, 127, 1, 0, 0.1, 1.89245e+06, 124.964
15146, 29189, 127, 3, 0, 0.1, 1.89258e+06, 124.964
15147, 25093, 127, 1, 0, 0.1, 1.8927e+06, 124.964
15148, 29221, 127, 0, 0, 0.1, 1.89283e+06, 124.964
15149, 29221, 117, 1, 0, 0.1, 1.89295e+06, 124.963
15150, 29456, 77, 2, 0, 0.1, 1.89302e+06, 124.96
15151, 30472, 127, 1, 0, 0.1, 1.89315e+06, 124.96
15152, 29189, 137, 3, 0, 0.1, 1.89329e+06, 124.961
15153, 30472, 127, 3, 1, 0.1, 1.89341e+06, 124.961
15154, 30472, 117, 1, 0, 0.1, 1.89353e+06, 124.961
15155, 29189, 127, 1, 0, 0.1, 1.89366e+06, 124.961
15156, 29954, 137, 3, 0, 0.1, 1.8938e+06, 124.962
15157, 28677, 127, 1, 0, 0.1, 1.89392e+06, 124.962
15158, 29954, 127, 0, 0, 0.1, 1.89405e+06, 124.962
15159, 29962, 127, 2, 0, 0.1, 1.89418e+06, 124.962
15160, 29954, 127, 2, 0, 0.1, 1.8943e+06, 124.962
15161, 29962, 127, 0, 0, 0.1, 1.89443e+06, 124.962
15162, 29954, 127, 3, 0, 0.1, 1.89456e+06, 124.963
15163, 28677, 127, 3, 0, 0.1, 1.89468e+06, 124.963
15164, 29960, 127, 1, 1, 0.1, 1.89481e+06, 124.963
15165, 28677, 127, 3, 0, 0.1, 1.89494e+06, 124.963
15166, 29960, 127, 0, 0, 0.1, 1.89506e+06, 124.963
15167, 29962, 127, 2, 0, 0.1, 1.89519e+06, 124.963
15168, 29960, 127, 0, 0, 0.1, 1.89532e+06, 124.963
15169, 29962, 127, 0, 0, 0.1, 1.89545e+06, 124.963
15170, 30472, 137, 0, 0, 0.1, 1.89558e+06, 124.964
15171, 29962, 127, 2, 0, 0.1, 1.89571e+06, 124.964
15172, 30472, 127, 2, 0, 0.1, 1.89584e+06, 124.965
15173, 29962, 127, 0, 0, 0.1, 1.89596e+06, 124.965
15174, 30472, 127, 1, 0, 0.1, 1.89609e+06, 124.965
15175, 24581, 137, 0, 0, 0.1, 1.89623e+06, 124.966
15176, 24581, 117, 1, 0, 0.1, 1.89634e+06, 124.965
15177, 29954, 127, 2, 0, 0.1, 1.89647e+06, 124.965
15178, 25866, 127, 2, 0, 0.1, 1.8966e+06, 124.965
15179, 29954, 127, 2, 0, 0.1, 1.89673e+06, 124.965
15180, 29962, 127, 2, 0, 0.1, 1.89685e+06, 124.966
15181, 30472, 137, 3, 1, 0.1, 1.89699e+06, 124.966
15182, 30472, 117, 0, 0, 0.1, 1.89711e+06, 124.966
15183, 29962, 127, 2, 0, 0.1, 1.89723e+06, 124.966
15184, 30472, 127, 1, 0, 0.1, 1.89736e+06, 124.966
15185, 29189, 137, 1, 0, 0.1, 1.8975e+06, 124.967
15186, 28934, 137, 0, 0, 0.1, 1.89764e+06, 124.968
15187, 28938, 127, 0, 1, 0.1, 1.89776e+06, 124.968
15188, 29193, 137, 1, 0, 0.1, 1.8979e+06, 124.969
15189, 28677, 137, 1, 0, 0.1, 1.89804e+06, 124.969
15190, 29954, 127, 2, 0, 0.1, 1.89816e+06, 124.97
15191, 25866, 137, 2, 0, 0.1, 1.8983e+06, 124.97
15192, 29962, 127, 2, 0, 0.1, 1.89843e+06, 124.971
15193, 29962, 127, 2, 0, 0.1, 1.89855e+06, 124.971
15194, 29962, 137, 2, 0, 0.1, 1.89869e+06, 124.971
15195, 29962, 127, 0, 0, 0.1, 1.89882e+06, 124.972
15196, 29962, 127, 2, 0, 0.1, 1.89894e+06, 124.972
15197, 29962, 127, 2, 0, 0.1, 1.89907e+06, 124.972
15198, 24842, 137, 1, 0, 0.1, 1.89921e+06, 124.973
15199, 24842, 117, 2, 0, 0.1, 1.89933e+06, 124.972
15200, 30982, 127, 3, 0, 0.1, 1.89945e+06, 124.972
15201, 30725, 127, 1, 0, 0.1, 1.89958e+06, 124.972
15202, 30982, 127, 3, 1, 0.1, 1.89971e+06, 124.973
15203, 30725, 127, 3, 0, 0.1, 1.89983e+06, 124.973
15204, 28940, 137, 3, 0, 0.1, 1.89997e+06, 124.973
15205, 28940, 117, 2, 0, 0.1, 1.90009e+06, 124.973
15206, 28940, 117, 0, 0, 0.1, 1.90020e+06, 124.972
15207, 30978, 137, 0, 0, 0.1, 1.90034e+06, 124.973
15208, 28938, 137, 0, 0, 0.1, 1.90048e+06, 124.974
15209, 30723, 137, 3, 0, 0.1, 1.90062e+06, 124.975
15210, 30725, 137, 1, 1, 0.1, 1.90075e+06, 124.976
15211, 30723, 127, 1, 0, 0.1, 1.90088e+06, 124.976
15212, 30723, 117, 3, 0, 0.1, 1.901e+06, 124.975
15213, 30725, 127, 1, 0, 0.1, 1.90112e+06, 124.975
15214, 30723, 127, 1, 0, 0.1, 1.90125e+06, 124.975
15215, 30723, 117, 1, 0, 0.1, 1.90137e+06, 124.975
15216, 30723, 117, 1, 0, 0.1, 1.90148e+06, 124.974
15217, 30723, 117, 0, 0, 0.1, 1.9016e+06, 124.974
15218, 30723, 117, 3, 0, 0.1, 1.90172e+06, 124.973
15219, 30725, 127, 3, 0, 0.1, 1.90185e+06, 124.973
15220, 30980, 137, 3, 0, 0.1, 1.90198e+06, 124.974
15221, 30725, 127, 3, 0, 0.1, 1.90211e+06, 124.974
15222, 32000, 137, 2, 0, 0.1, 1.90225e+06, 124.975
15223, 29962, 127, 2, 0, 0.1, 1.90237e+06, 124.975
15224, 24858, 137, 0, 0, 0.1, 1.90251e+06, 124.976
15225, 24858, 127, 3, 0, 0.1, 1.90264e+06, 124.976
15226, 24858, 117, 2, 0, 0.1, 1.90276e+06, 124.976
15227, 24858, 127, 2, 0, 0.1, 1.90288e+06, 124.976
15228, 28956, 127, 0, 0, 0.1, 1.90301e+06, 124.976
15229, 24906, 77, 2, 0, 0.1, 1.90309e+06, 124.973
15230, 29960, 127, 2, 0, 0.1, 1.90321e+06, 124.973
15231, 29962, 127, 2, 0, 0.1, 1.90334e+06, 124.973
15232, 27906, 137, 3, 0, 0.1, 1.90348e+06, 124.974
15233, 30725, 127, 0, 0, 0.1, 1.9036e+06, 124.974
15234, 30725, 117, 3, 0, 0.1, 1.90372e+06, 124.973
15235, 30980, 127, 3, 0, 0.1, 1.90385e+06, 124.974
15236, 30725, 137, 1, 0, 0.1, 1.90398e+06, 124.974
15237, 26884, 127, 1, 0, 0.1, 1.90411e+06, 124.975
15238, 18437, 127, 2, 0, 0.1, 1.90424e+06, 124.975
15239, 18437, 117, 2, 0, 0.1, 1.90436e+06, 124.974
15240, 18437, 117, 1, 1, 0.1, 1.90447e+06, 124.974
15241, 27906, 127, 0, 0, 0.1, 1.9046e+06, 124.974
15242, 25866, 127, 0, 1, 0.1, 1.90473e+06, 124.974
15243, 29960, 127, 1, 0, 0.1, 1.90485e+06, 124.974
15244, 24581, 127, 3, 0, 0.1, 1.90498e+06, 124.974
15245, 29960, 127, 1, 0, 0.1, 1.90511e+06, 124.974
15246, 24581, 127, 1, 0, 0.1, 1.90524e+06, 124.974
15247, 29954, 127, 2, 0, 0.1, 1.90536e+06, 124.975
15248, 29962, 127, 2, 0, 0.1, 1.90549e+06, 124.975
15249, 29448, 137, 2, 0, 0.1, 1.90563e+06, 124.975
15250, 28938, 127, 2, 0, 0.1, 1.90575e+06, 124.976
15251, 31492, 127, 2, 0, 0.1, 1.90588e+06, 124.976
15252, 31492, 117, 0, 1, 0.1, 1.906e+06, 124.975
15253, 28938, 127, 0, 0, 0.1, 1.90612e+06, 124.975
15254, 29448, 127, 1, 0, 0.1, 1.90625e+06, 124.975
15255, 29189, 137, 3, 0, 0.1, 1.90639e+06, 124.976
15256, 29448, 127, 2, 0, 0.1, 1.90652e+06, 124.976
15257, 24842, 127, 0, 0, 0.1, 1.90664e+06, 124.977
15258, 29448, 127, 0, 0, 0.1, 1.90677e+06, 124.977
15259, 24842, 127, 0, 0, 0.1, 1.9069e+06, 124.977
15260, 24834, 127, 0, 0, 0.1, 1.90702e+06, 124.977
15261, 28938, 127, 1, 0, 0.1, 1.90715e+06, 124.977
15262, 28938, 117, 2, 0, 0.1, 1.90727e+06, 124.977
15263, 24834, 127, 0, 0, 0.1, 1.90739e+06, 124.977
15264, 28938, 127, 0, 0, 0.1, 1.90752e+06, 124.977
15265, 30978, 127, 0, 0, 0.1, 1.90765e+06, 124.977
15266, 28938, 127, 2, 0, 0.1, 1.90778e+06, 124.977
15267, 30978, 127, 3, 0, 0.1, 1.9079e+06, 124.977
15268, 30725, 137, 3, 0, 0.1, 1.90804e+06, 124.978
15269, 25880, 137, 3, 0, 0.1, 1.90818e+06, 124.979
15270, 25880, 117, 2, 0, 0.1, 1.90829e+06, 124.978
15271, 17690, 127, 2, 0, 0.1, 1.90842e+06, 124.978
15272, 1304, 127, 0, 0, 0.1, 1.90855e+06, 124.979
15273, 17690, 127, 1, 0, 0.1, 1.90867e+06, 124.979
15274, 17674, 67, 3, 0, 0.1, 1.90874e+06, 124.975
15275, 29962, 117, 2, 0, 0.1, 1.90886e+06, 124.974
15276, 29960, 137, 2, 0, 0.1, 1.909e+06, 124.975
15277, 29962, 137, 1, 0, 0.1, 1.90913e+06, 124.976
15278, 29962, 117, 2, 0, 0.1, 1.90925e+06, 124.975
15279, 32002, 127, 3, 1, 0.1, 1.90938e+06, 124.976
15280, 30725, 137, 0, 0, 0.1, 1.90951e+06, 124.976
15281, 30725, 117, 3, 0, 0.1, 1.90963e+06, 124.976
15282, 28932, 137, 0, 0, 0.1, 1.90977e+06, 124.977
15283, 28938, 137, 0, 1, 0.1, 1.9099e+06, 124.977
15284, 10, 137, 3, 1, 0.1, 1.91004e+06, 124.978
15285, 10, 117, 0, 0, 0.1, 1.91016e+06, 124.978
15286, 16394, 127, 1, 0, 0.1, 1.91028e+06, 124.978
15287, 16394, 117, 3, 0, 0.1, 1.9104e+06, 124.977
15288, 16394, 117, 2, 0, 0.1, 1.91052e+06, 124.977
15289, 10, 127, 2, 0, 0.1, 1.91065e+06, 124.977
15290, 10, 127, 2, 0, 0.1, 1.91077e+06, 124.977
15291, 16388, 127, 3, 0, 0.1, 1.9109e+06, 124.977
15292, 5, 127, 1, 0, 0.1, 1.91103e+06, 124.977
15293, 16388, 127, 3, 1, 0.1, 1.91115e+06, 124.977
15294, 5, 127, 0, 0, 0.1, 1.91128e+06, 124.978
15295, 5, 117, 0, 0, 0.1, 1.9114e+06, 124.977
15296, 5, 117, 1, 0, 0.1, 1.91152e+06, 124.976
15297, 16388, 127, 0, 0, 0.1, 1.91164e+06, 124.977
15298, 10, 127, 1, 0, 0.1, 1.91177e+06, 124.977
15299, 10, 117, 2, 0, 0.1, 1.91189e+06, 124.976
15300, 16388, 127, 3, 0, 0.1, 1.91201e+06, 124.976
15301, 5, 127, 1, 0, 0.1, 1.91214e+06, 124.976
15302, 16388, 127, 3, 0, 0.1, 1.91227e+06, 124.977
15303, 5, 127, 1, 0, 0.1, 1.91239e+06, 124.977
15304, 16388, 127, 3, 0, 0.1, 1.91252e+06, 124.977
15305, 5, 127, 1, 0, 0.1, 1.91265e+06, 124.977
15306, 16388, 127, 0, 0, 0.1, 1.91278e+06, 124.977
15307, 10, 127, 0, 0, 0.1, 1.9129e+06, 124.977
15308, 10, 127, 2, 0, 0.1, 1.91303e+06, 124.977
15309, 10, 127, 0, 0, 0.1, 1.91316e+06, 124.978
15310, 10, 127, 0, 0, 0.1, 1.91328e+06, 124.978
15311, 16394, 127, 1, 1, 0.1, 1.91341e+06, 124.978
15312, 16394, 117, 0, 0, 0.1, 1.91353e+06, 124.977
15313, 24586, 127, 2, 1, 0.1, 1.91365e+06, 124.977
15314, 16394, 127, 0, 0, 0.1, 1.91378e+06, 124.978
15315, 24586, 127, 2, 0, 0.1, 1.91391e+06, 124.978
15316, 16394, 127, 0, 0, 0.1, 1.91404e+06, 124.978
15317, 24586, 127, 0, 0, 0.1, 1.91416e+06, 124.978
15318, 28682, 127, 2, 1, 0.1, 1.91429e+06, 124.978
15319, 24586, 127, 0, 0, 0.1, 1.91442e+06, 124.978
15320, 28682, 127, 2, 0, 0.1, 1.91454e+06, 124.978
15321, 24586, 127, 2, 0, 0.1, 1.91467e+06, 124.978
15322, 16394, 127, 0, 0, 0.1, 1.9148e+06, 124.979
15323, 24586, 127, 2, 0, 0.1, 1.91492e+06, 124.979
15324, 16394, 127, 0, 0, 0.1, 1.91505e+06, 124.979
15325, 24586, 127, 2, 0, 0.1, 1.91518e+06, 124.979
15326, 16394, 127, 2, 0, 0.1, 1.91530e+06, 124.979
15327, 10, 127, 3, 1, 0.1, 1.91543e+06, 124.979
15328, 10, 117, 0, 0, 0.1, 1.91555e+06, 124.979
15329, 16394, 127, 0, 0, 0.1, 1.91568e+06, 124.979
15330, 24586, 127, 2, 0, 0.1, 1.9158e+06, 124.979
15331, 16394, 127, 2, 0, 0.1, 1.91593e+06, 124.979
15332, 10, 127, 0, 0, 0.1, 1.91606e+06, 124.979
15333, 16394, 127, 2, 0, 0.1, 1.91618e+06, 124.979
15334, 10, 127, 2, 0, 0.1, 1.91631e+06, 124.98
15335, 10, 127, 1, 0, 0.1, 1.91644e+06, 124.98
15336, 10, 117, 2, 0, 0.1, 1.91656e+06, 124.979
15337, 16388, 127, 0, 0, 0.1, 1.91668e+06, 124.979
15338, 10, 127, 0, 0, 0.1, 1.91681e+06, 124.979
15339, 10, 127, 0, 0, 0.1, 1.91694e+06, 124.98
15340, 16394, 127, 2, 0, 0.1, 1.91706e+06, 124.98
15341, 10, 127, 1, 0, 0.1, 1.91719e+06, 124.98
15342, 10, 117, 0, 0, 0.1, 1.91731e+06, 124.979
15343, 16394, 127, 0, 0, 0.1, 1.91743e+06, 124.979
15344, 24586, 127, 1, 0, 0.1, 1.91756e+06, 124.98
15345, 24586, 117, 2, 0, 0.1, 1.91768e+06, 124.979
15346, 16394, 127, 1, 0, 0.1, 1.91780e+06, 124.979
15347, 16394, 117, 2, 0, 0.1, 1.91792e+06, 124.979
15348, 10, 127, 0, 1, 0.1, 1.91805e+06, 124.979
15349, 16394, 127, 2, 0, 0.1, 1.91818e+06, 124.979
15350, 10, 127, 0, 0, 0.1, 1.9183e+06, 124.979
15351, 16394, 127, 2, 0, 0.1, 1.91843e+06, 124.979
15352, 10, 127, 1, 0, 0.1, 1.91856e+06, 124.979
15353, 10, 117, 2, 0, 0.1, 1.91867e+06, 124.979
15354, 10, 127, 2, 0, 0.1, 1.9188e+06, 124.979
15355, 16388, 127, 2, 1, 0.1, 1.91893e+06, 124.979
15356, 16388, 117, 0, 0, 0.1, 1.91904e+06, 124.979
15357, 10, 127, 0, 0, 0.1, 1.91917e+06, 124.979
15358, 10, 127, 3, 0, 0.1, 1.9193e+06, 124.979
15359, 10, 117, 0, 0, 0.1, 1.91942e+06, 124.978
15360, 16394, 127, 0, 0, 0.1, 1.91954e+06, 124.978
15361, 24586, 127, 1, 0, 0.1, 1.91967e+06, 124.979
15362, 24586, 117, 3, 0, 0.1, 1.91979e+06, 124.978
15363, 24586, 117, 0, 0, 0.1, 1.9199e+06, 124.977
15364, 28682, 127, 1, 1, 0.1, 1.92003e+06, 124.978
15365, 28682, 117, 3, 0, 0.1, 1.92015e+06, 124.977
15366, 28682, 117, 1, 1, 0.1, 1.92026e+06, 124.977
15367, 28682, 117, 0, 0, 0.1, 1.92038e+06, 124.976
15368, 30721, 127, 3, 0, 0.1, 1.92051e+06, 124.976
15369, 30725, 137, 1, 0, 0.1, 1.92065e+06, 124.977
15370, 30721, 127, 3, 0, 0.1, 1.92077e+06, 124.977
15371, 30725, 127, 3, 0, 0.1, 1.9209e+06, 124.977
15372, 30725, 137, 2, 0, 0.1, 1.92104e+06, 124.978
15373, 30725, 117, 3, 0, 0.1, 1.92115e+06, 124.977
15374, 28677, 137, 3, 0, 0.1, 1.92129e+06, 124.978
15375, 29705, 127, 2, 0, 0.1, 1.92142e+06, 124.978
15376, 29770, 137, 2, 0, 0.1, 1.92156e+06, 124.979
15377, 31760, 87, 3, 0, 0.1, 1.92164e+06, 124.977
15378, 29962, 117, 0, 0, 0.1, 1.92176e+06, 124.976
15379, 30472, 127, 1, 0, 0.1, 1.92189e+06, 124.976
15380, 29189, 127, 1, 0, 0.1, 1.92201e+06, 124.976
15381, 29954, 137, 1, 1, 0.1, 1.92215e+06, 124.977
15382, 29954, 117, 0, 0, 0.1, 1.92227e+06, 124.977
15383, 29962, 137, 2, 0, 0.1, 1.9224e+06, 124.978
15384, 29954, 127, 3, 0, 0.1, 1.92253e+06, 124.978
15385, 28677, 127, 3, 0, 0.1, 1.92266e+06, 124.978
15386, 29960, 127, 2, 0, 0.1, 1.92278e+06, 124.978
15387, 29962, 127, 0, 1, 0.1, 1.92291e+06, 124.978
15388, 29960, 127, 1, 0, 0.1, 1.92304e+06, 124.978
15389, 28677, 127, 3, 0, 0.1, 1.92317e+06, 124.978
15390, 29960, 127, 2, 0, 0.1, 1.92329e+06, 124.978
15391, 29962, 127, 2, 0, 0.1, 1.92342e+06, 124.979
15392, 30472, 137, 2, 0, 0.1, 1.92356e+06, 124.979
15393, 29962, 127, 2, 0, 0.1, 1.92368e+06, 124.979
15394, 32002, 137, 3, 0, 0.1, 1.92382e+06, 124.98
15395, 18437, 137, 3, 0, 0.1, 1.92396e+06, 124.981
15396, 26884, 127, 2, 1, 0.1, 1.92408e+06, 124.981
15397, 26884, 117, 0, 1, 0.1, 1.9242e+06, 124.981
15398, 28938, 127, 0, 0, 0.1, 1.92433e+06, 124.981
15399, 28938, 127, 2, 0, 0.1, 1.92446e+06, 124.981
15400, 28938, 127, 3, 0, 0.1, 1.92458e+06, 124.981
15401, 28938, 117, 0, 0, 0.1, 1.9247e+06, 124.981
15402, 28938, 127, 2, 0, 0.1, 1.92483e+06, 124.981
15403, 28938, 127, 0, 0, 0.1, 1.92495e+06, 124.981
15404, 28938, 127, 3, 0, 0.1, 1.92508e+06, 124.981
15405, 28938, 117, 0, 0, 0.1, 1.9252e+06, 124.98
15406, 28938, 137, 2, 0, 0.1, 1.92534e+06, 124.981
15407, 24842, 127, 0, 0, 0.1, 1.92546e+06, 124.981
15408, 28938, 127, 2, 1, 0.1, 1.92559e+06, 124.981
15409, 24842, 127, 0, 0, 0.1, 1.92572e+06, 124.982
15410, 28938, 127, 2, 0, 0.1, 1.92584e+06, 124.982
15411, 24842, 127, 2, 0, 0.1, 1.92597e+06, 124.982
15412, 16650, 127, 1, 0, 0.1, 1.9261e+06, 124.982
15413, 16650, 117, 2, 0, 0.1, 1.92621e+06, 124.981
15414, 26884, 127, 3, 0, 0.1, 1.92634e+06, 124.982
15415, 30725, 127, 1, 0, 0.1, 1.92647e+06, 124.982
15416, 26884, 127, 2, 0, 0.1, 1.9266e+06, 124.982
15417, 26884, 117, 2, 0, 0.1, 1.92671e+06, 124.981
15418, 26884, 117, 3, 1, 0.1, 1.92683e+06, 124.981
15419, 30725, 127, 1, 1, 0.1, 1.92696e+06, 124.981
15420, 26884, 127, 1, 0, 0.1, 1.92708e+06, 124.981
15421, 18437, 127, 3, 0, 0.1, 1.92721e+06, 124.981
15422, 26884, 127, 3, 0, 0.1, 1.92734e+06, 124.981
15423, 30725, 127, 3, 0, 0.1, 1.92746e+06, 124.981
15424, 30725, 127, 1, 1, 0.1, 1.92759e+06, 124.982
15425, 30725, 127, 3, 0, 0.1, 1.92772e+06, 124.982
15426, 30725, 127, 0, 0, 0.1, 1.92784e+06, 124.982
15427, 30725, 117, 3, 0, 0.1, 1.92796e+06, 124.981
15428, 28677, 137, 3, 0, 0.1, 1.9281e+06, 124.982
15429, 28940, 127, 2, 0, 0.1, 1.92823e+06, 124.982
15430, 28956, 117, 0, 0, 0.1, 1.92834e+06, 124.982
15431, 28954, 87, 3, 0, 0.1, 1.92843e+06, 124.979
15432, 29962, 117, 2, 0, 0.1, 1.92855e+06, 124.979
15433, 30472, 137, 1, 0, 0.1, 1.92868e+06, 124.98
15434, 29189, 127, 3, 0, 0.1, 1.92881e+06, 124.98
15435, 30472, 127, 1, 0, 0.1, 1.92894e+06, 124.98
15436, 29189, 127, 1, 0, 0.1, 1.92906e+06, 124.98
15437, 29954, 137, 2, 1, 0.1, 1.9292e+06, 124.981
15438, 29962, 137, 3, 0, 0.1, 1.92934e+06, 124.981
15439, 29962, 117, 0, 0, 0.1, 1.92946e+06, 124.981
15440, 29954, 127, 2, 0, 0.1, 1.92958e+06, 124.981
15441, 29962, 127, 2, 0, 0.1, 1.92971e+06, 124.981
15442, 30472, 127, 2, 0, 0.1, 1.92984e+06, 124.981
15443, 28938, 137, 3, 0, 0.1, 1.92997e+06, 124.982
15444, 28938, 117, 1, 1, 0.1, 1.93009e+06, 124.982
15445, 28938, 117, 2, 0, 0.1, 1.93021e+06, 124.981
15446, 31492, 127, 3, 1, 0.1, 1.93034e+06, 124.981
15447, 31237, 127, 1, 0, 0.1, 1.93046e+06, 124.981
15448, 31492, 127, 3, 0, 0.1, 1.93059e+06, 124.981
15449, 31237, 127, 1, 0, 0.1, 1.93072e+06, 124.982
15450, 31492, 127, 1, 0, 0.1, 1.93084e+06, 124.982
15451, 30725, 137, 2, 1, 0.1, 1.93098e+06, 124.983
15452, 30725, 117, 3, 1, 0.1, 1.9311e+06, 124.982
15453, 26884, 127, 1, 0, 0.1, 1.93122e+06, 124.982
15454, 30725, 127, 3, 0, 0.1, 1.93135e+06, 124.982
15455, 26884, 127, 1, 0, 0.1, 1.93148e+06, 124.982
15456, 30725, 127, 1, 0, 0.1, 1.93160e+06, 124.983
15457, 31747, 127, 2, 0, 0.1, 1.93173e+06, 124.983
15458, 29706, 137, 2, 0, 0.1, 1.93187e+06, 124.983
15459, 31746, 137, 2, 0, 0.1, 1.93201e+06, 124.984
15460, 29196, 137, 1, 0, 0.1, 1.93214e+06, 124.985
15461, 28677, 137, 1, 0, 0.1, 1.93228e+06, 124.986
15462, 28934, 127, 3, 0, 0.1, 1.93241e+06, 124.986
15463, 28677, 127, 1, 0, 0.1, 1.93253e+06, 124.986
15464, 28934, 127, 0, 0, 0.1, 1.93266e+06, 124.986
15465, 28938, 137, 2, 0, 0.1, 1.9328e+06, 124.987
15466, 24838, 127, 3, 0, 0.1, 1.93292e+06, 124.987
15467, 16389, 127, 1, 0, 0.1, 1.93305e+06, 124.987
15468, 24838, 127, 1, 0, 0.1, 1.93318e+06, 124.987
15469, 24838, 117, 2, 0, 0.1, 1.9333e+06, 124.987
15470, 24838, 117, 1, 0, 0.1, 1.93341e+06, 124.986
15471, 24838, 117, 1, 0, 0.1, 1.93353e+06, 124.986
15472, 24838, 117, 1, 0, 0.1, 1.93365e+06, 124.985
15473, 24838, 117, 1, 0, 0.1, 1.93376e+06, 124.985
15474, 24838, 117, 2, 0, 0.1, 1.93388e+06, 124.984
15475, 24838, 117, 3, 0, 0.1, 1.934e+06, 124.984
15476, 16389, 127, 3, 0, 0.1, 1.93412e+06, 124.984
15477, 24588, 127, 0, 0, 0.1, 1.93425e+06, 124.984
15478, 30722, 127, 3, 0, 0.1, 1.93438e+06, 124.984
15479, 30725, 127, 1, 0, 0.1, 1.93451e+06, 124.984
15480, 30722, 127, 3, 0, 0.1, 1.93463e+06, 124.984
15481, 30725, 127, 1, 0, 0.1, 1.93476e+06, 124.984
15482, 30722, 127, 0, 1, 0.1, 1.93489e+06, 124.985
15483, 24586, 127, 0, 0, 0.1, 1.93501e+06, 124.985
15484, 18435, 127, 0, 0, 0.1, 1.93514e+06, 124.985
15485, 18435, 117, 2, 0, 0.1, 1.93526e+06, 124.984
15486, 24586, 127, 0, 0, 0.1, 1.93538e+06, 124.985
15487, 18435, 127, 3, 0, 0.1, 1.93551e+06, 124.985
15488, 18437, 127, 3, 0, 0.1, 1.93564e+06, 124.985
15489, 26900, 127, 1, 0, 0.1, 1.93577e+06, 124.985
15490, 18437, 127, 3, 0, 0.1, 1.93589e+06, 124.985
15491, 26900, 127, 3, 0, 0.1, 1.93602e+06, 124.985
15492, 30725, 127, 1, 0, 0.1, 1.93615e+06, 124.985
15493, 26884, 77, 1, 1, 0.1, 1.93622e+06, 124.982
15494, 29962, 117, 2, 1, 0.1, 1.93634e+06, 124.982
15495, 29960, 127, 2, 0, 0.1, 1.93647e+06, 124.982
15496, 29962, 127, 0, 0, 0.1, 1.9366e+06, 124.982
15497, 29960, 127, 2, 0, 0.1, 1.93672e+06, 124.982
15498, 29962, 127, 2, 0, 0.1, 1.93685e+06, 124.982
15499, 32002, 137, 0, 0, 0.1, 1.93699e+06, 124.983
15500, 29962, 127, 0, 0, 0.1, 1.93711e+06, 124.983
15501, 29960, 127, 2, 0, 0.1, 1.93724e+06, 124.983
15502, 29962, 127, 1, 1, 0.1, 1.93737e+06, 124.983
15503, 29962, 117, 0, 0, 0.1, 1.93748e+06, 124.983
15504, 29960, 127, 2, 0, 0.1, 1.93761e+06, 124.983
15505, 29962, 127, 2, 0, 0.1, 1.93774e+06, 124.983
15506, 32002, 127, 0, 0, 0.1, 1.93786e+06, 124.983
15507, 29962, 127, 0, 0, 0.1, 1.93799e+06, 124.983
15508, 29960, 127, 2, 0, 0.1, 1.93812e+06, 124.983
15509, 29962, 127, 2, 0, 0.1, 1.93825e+06, 124.984
15510, 32002, 127, 0, 0, 0.1, 1.93837e+06, 124.984
15511, 29962, 127, 0, 0, 0.1, 1.9385e+06, 124.984
15512, 29960, 127, 0, 0, 0.1, 1.93863e+06, 124.984
15513, 29962, 127, 1, 1, 0.1, 1.93875e+06, 124.984
15514, 29962, 117, 2, 0, 0.1, 1.93887e+06, 124.984
15515, 29960, 127, 0, 1, 0.1, 1.939e+06, 124.984
15516, 29962, 127, 0, 0, 0.1, 1.93912e+06, 124.984
15517, 30472, 137, 2, 0, 0.1, 1.93926e+06, 124.985
15518, 29962, 127, 2, 0, 0.1, 1.93939e+06, 124.985
15519, 25864, 127, 2, 0, 0.1, 1.93952e+06, 124.985
15520, 29962, 127, 0, 0, 0.1, 1.93964e+06, 124.985
15521, 25864, 127, 1, 0, 0.1, 1.93977e+06, 124.985
15522, 28677, 127, 1, 1, 0.1, 1.9399e+06, 124.985
15523, 29954, 127, 3, 0, 0.1, 1.94002e+06, 124.985
15524, 28677, 127, 1, 0, 0.1, 1.94015e+06, 124.986
15525, 29954, 127, 3, 0, 0.1, 1.94028e+06, 124.986
15526, 28677, 127, 1, 1, 0.1, 1.94040e+06, 124.986
15527, 29954, 127, 0, 0, 0.1, 1.94053e+06, 124.986
15528, 29962, 127, 2, 0, 0.1, 1.94066e+06, 124.986
15529, 29954, 127, 3, 0, 0.1, 1.94079e+06, 124.986
15530, 28677, 127, 3, 0, 0.1, 1.94091e+06, 124.986
15531, 25864, 127, 0, 0, 0.1, 1.94104e+06, 124.986
15532, 29962, 127, 0, 0, 0.1, 1.94117e+06, 124.987
15533, 30472, 127, 1, 0, 0.1, 1.94129e+06, 124.987
15534, 29189, 137, 1, 0, 0.1, 1.94143e+06, 124.988
15535, 29954, 137, 3, 0, 0.1, 1.94157e+06, 124.988
15536, 28677, 127, 3, 0, 0.1, 1.9417e+06, 124.988
15537, 29960, 127, 1, 0, 0.1, 1.94182e+06, 124.989
15538, 28677, 127, 3, 0, 0.1, 1.94195e+06, 124.989
15539, 29960, 127, 3, 1, 0.1, 1.94208e+06, 124.989
15540, 29960, 117, 3, 1, 0.1, 1.94219e+06, 124.988
15541, 29960, 117, 2, 0, 0.1, 1.94231e+06, 124.988
15542, 29962, 127, 0, 0, 0.1, 1.94244e+06, 124.988
15543, 29960, 127, 2, 0, 0.1, 1.94256e+06, 124.988
15544, 29962, 127, 2, 0, 0.1, 1.94269e+06, 124.988
15545, 25864, 127, 1, 0, 0.1, 1.94282e+06, 124.988
15546, 28677, 127, 3, 0, 0.1, 1.94294e+06, 124.988
15547, 25864, 127, 0, 0, 0.1, 1.94307e+06, 124.989
15548, 29962, 127, 0, 0, 0.1, 1.9432e+06, 124.989
15549, 29960, 127, 0, 0, 0.1, 1.94333e+06, 124.989
15550, 29962, 137, 3, 0, 0.1, 1.94346e+06, 124.99
15551, 29962, 117, 2, 0, 0.1, 1.94358e+06, 124.989
15552, 25864, 127, 1, 0, 0.1, 1.94371e+06, 124.989
15553, 28677, 127, 3, 0, 0.1, 1.94383e+06, 124.989
15554, 25864, 127, 0, 0, 0.1, 1.94396e+06, 124.989
15555, 29962, 127, 0, 0, 0.1, 1.94409e+06, 124.99
15556, 32002, 127, 2, 0, 0.1, 1.94422e+06, 124.99
15557, 29962, 127, 0, 0, 0.1, 1.94434e+06, 124.99
15558, 32002, 127, 3, 0, 0.1, 1.94447e+06, 124.99
15559, 30725, 137, 3, 0, 0.1, 1.94461e+06, 124.991
15560, 31745, 137, 0, 0, 0.1, 1.94474e+06, 124.992
15561, 31745, 117, 1, 0, 0.1, 1.94486e+06, 124.991
15562, 30725, 127, 1, 1, 0.1, 1.94499e+06, 124.991
15563, 27906, 127, 0, 0, 0.1, 1.94511e+06, 124.991
15564, 29962, 127, 2, 0, 0.1, 1.94524e+06, 124.991
15565, 27906, 127, 3, 1, 0.1, 1.94537e+06, 124.992
15566, 30725, 127, 1, 0, 0.1, 1.9455e+06, 124.992
15567, 27906, 127, 1, 1, 0.1, 1.94562e+06, 124.992
15568, 27906, 117, 3, 0, 0.1, 1.94574e+06, 124.991
15569, 30725, 127, 3, 1, 0.1, 1.94587e+06, 124.991
15570, 31745, 127, 3, 0, 0.1, 1.94599e+06, 124.992
15571, 30725, 127, 1, 0, 0.1, 1.94612e+06, 124.992
15572, 31745, 127, 2, 0, 0.1, 1.94625e+06, 124.992
15573, 29706, 137, 0, 0, 0.1, 1.94638e+06, 124.993
15574, 31745, 127, 1, 0, 0.1, 1.94651e+06, 124.993
15575, 26629, 127, 1, 0, 0.1, 1.94664e+06, 124.993
15576, 27906, 127, 0, 0, 0.1, 1.94676e+06, 124.993
15577, 29962, 127, 0, 1, 0.1, 1.94689e+06, 124.993
15578, 32512, 127, 2, 0, 0.1, 1.94702e+06, 124.993
15579, 29962, 127, 2, 0, 0.1, 1.94715e+06, 124.993
15580, 27906, 127, 2, 0, 0.1, 1.94727e+06, 124.993
15581, 17674, 127, 0, 0, 0.1, 1.9474e+06, 124.994
15582, 27906, 127, 1, 1, 0.1, 1.94753e+06, 124.994
15583, 27906, 117, 3, 0, 0.1, 1.94764e+06, 124.993
15584, 26757, 127, 3, 0, 0.1, 1.94777e+06, 124.993
15585, 31873, 127, 0, 0, 0.1, 1.9479e+06, 124.993
15586, 31873, 117, 2, 0, 0.1, 1.94802e+06, 124.993
15587, 29706, 127, 3, 0, 0.1, 1.94814e+06, 124.993
15588, 29722, 117, 0, 0, 0.1, 1.94826e+06, 124.993
15589, 31809, 77, 2, 0, 0.1, 1.94834e+06, 124.989
15590, 30472, 127, 1, 0, 0.1, 1.94846e+06, 124.99
15591, 29189, 127, 3, 0, 0.1, 1.94859e+06, 124.99
15592, 30472, 127, 0, 0, 0.1, 1.94872e+06, 124.99
15593, 29962, 127, 2, 0, 0.1, 1.94884e+06, 124.99
15594, 30472, 127, 2, 0, 0.1, 1.94897e+06, 124.99
15595, 29962, 137, 2, 0, 0.1, 1.94911e+06, 124.991
15596, 32002, 127, 3, 0, 0.1, 1.94924e+06, 124.991
15597, 30725, 127, 3, 0, 0.1, 1.94936e+06, 124.991
15598, 30980, 137, 3, 0, 0.1, 1.9495e+06, 124.992
15599, 30725, 137, 2, 0, 0.1, 1.94964e+06, 124.993
15600, 30725, 117, 3, 0, 0.1, 1.94975e+06, 124.992
15601, 24581, 137, 3, 0, 0.1, 1.94989e+06, 124.993
15602, 28677, 127, 3, 0, 0.1, 1.95002e+06, 124.993
15603, 28940, 127, 0, 0, 0.1, 1.95014e+06, 124.993
15604, 28954, 137, 0, 0, 0.1, 1.95028e+06, 124.994
15605, 31552, 77, 3, 1, 0.1, 1.95036e+06, 124.991
15606, 29962, 117, 2, 0, 0.1, 1.95048e+06, 124.99
15607, 30472, 137, 2, 0, 0.1, 1.95061e+06, 124.991
15608, 29962, 127, 2, 0, 0.1, 1.95074e+06, 124.991
15609, 32002, 137, 3, 0, 0.1, 1.95088e+06, 124.992
15610, 30725, 137, 3, 1, 0.1, 1.95101e+06, 124.993
15611, 30980, 127, 3, 0, 0.1, 1.95114e+06, 124.993
15612, 30725, 137, 3, 0, 0.1, 1.95128e+06, 124.994
15613, 30725, 137, 3, 0, 0.1, 1.95141e+06, 124.994
15614, 30725, 137, 3, 0, 0.1, 1.95155e+06, 124.995
15615, 28940, 137, 0, 0, 0.1, 1.95169e+06, 124.996
15616, 28954, 127, 2, 0, 0.1, 1.95182e+06, 124.996
15617, 28956, 127, 0, 0, 0.1, 1.95194e+06, 124.996
15618, 28938, 77, 3, 0, 0.1, 1.95202e+06, 124.993
15619, 29962, 117, 2, 1, 0.1, 1.95214e+06, 124.993
15620, 30472, 127, 2, 0, 0.1, 1.95226e+06, 124.993
15621, 29962, 137, 2, 0, 0.1, 1.9524e+06, 124.994
15622, 32002, 137, 3, 0, 0.1, 1.95254e+06, 124.994
15623, 30725, 127, 3, 0, 0.1, 1.95266e+06, 124.994
15624, 30980, 137, 3, 0, 0.1, 1.9528e+06, 124.995
15625, 30725, 137, 1, 0, 0.1, 1.95294e+06, 124.996
15626, 30980, 127, 0, 0, 0.1, 1.95306e+06, 124.996
15627, 28938, 127, 2, 0, 0.1, 1.95319e+06, 124.996
15628, 30980, 127, 3, 0, 0.1, 1.95332e+06, 124.996
15629, 30725, 127, 0, 0, 0.1, 1.95345e+06, 124.997
15630, 30725, 117, 1, 0, 0.1, 1.95356e+06, 124.996
15631, 30980, 127, 1, 1, 0.1, 1.95369e+06, 124.996
15632, 30725, 127, 3, 0, 0.1, 1.95382e+06, 124.996
15633, 30980, 127, 2, 0, 0.1, 1.95394e+06, 124.996
15634, 30980, 117, 1, 0, 0.1, 1.95406e+06, 124.996
15635, 30725, 127, 1, 0, 0.1, 1.95419e+06, 124.996
15636, 32002, 127, 2, 0, 0.1, 1.95432e+06, 124.996
15637, 29962, 137, 2, 0, 0.1, 1.95445e+06, 124.997
15638, 32512, 137, 3, 0, 0.1, 1.95459e+06, 124.998
15639, 31237, 137, 3, 0, 0.1, 1.95473e+06, 124.998
15640, 31237, 137, 2, 1, 0.1, 1.95486e+06, 124.999
15641, 31237, 117, 1, 0, 0.1, 1.95498e+06, 124.999
15642, 31237, 127, 1, 0, 0.1, 1.95511e+06, 124.999
15643, 32512, 127, 2, 0, 0.1, 1.95523e+06, 124.999
15644, 29962, 137, 3, 0, 0.1, 1.95537e+06, 125
15645, 29962, 117, 2, 0, 0.1, 1.95549e+06, 124.999
15646, 29962, 137, 0, 0, 0.1, 1.95562e+06, 125
15647, 29962, 127, 0, 0, 0.1, 1.95575e+06, 125
15648, 32512, 127, 0, 0, 0.1, 1.95588e+06, 125
15649, 25866, 127, 0, 0, 0.1, 1.95601e+06, 125
15650, 27906, 127, 0, 0, 0.1, 1.95613e+06, 125.001
15651, 29962, 127, 2, 0, 0.1, 1.95626e+06, 125.001
15652, 27906, 127, 3, 0, 0.1, 1.95639e+06, 125.001
15653, 26629, 127, 3, 0, 0.1, 1.95651e+06, 125.001
15654, 30980, 127, 0, 0, 0.1, 1.95664e+06, 125.001
15655, 28938, 127, 3, 0, 0.1, 1.95677e+06, 125.001
15656, 28938, 117, 2, 0, 0.1, 1.95688e+06, 125.001
15657, 30980, 127, 3, 0, 0.1, 1.95701e+06, 125.001
15658, 30725, 127, 2, 1, 0.1, 1.95714e+06, 125.001
15659, 30725, 117, 3, 1, 0.1, 1.95726e+06, 125
15660, 30725, 137, 2, 0, 0.1, 1.95739e+06, 125.001
15661, 30725, 117, 3, 0, 0.1, 1.95751e+06, 125.001
15662, 16389, 137, 1, 0, 0.1, 1.95765e+06, 125.001
15663, 16389, 127, 3, 0, 0.1, 1.95777e+06, 125.002
15664, 16389, 127, 3, 0, 0.1, 1.9579e+06, 125.002
15665, 24844, 127, 1, 0, 0.1, 1.95803e+06, 125.002
15666, 16389, 127, 3, 0, 0.1, 1.95816e+06, 125.002
15667, 24844, 127, 0, 0, 0.1, 1.95828e+06, 125.002
15668, 28954, 127, 2, 0, 0.1, 1.95841e+06, 125.002
15669, 24860, 127, 1, 0, 0.1, 1.95854e+06, 125.002
15670, 16517, 127, 1, 0, 0.1, 1.95866e+06, 125.002
15671, 16517, 127, 3, 0, 0.1, 1.95879e+06, 125.003
15672, 16421, 77, 0, 0, 0.1, 1.95887e+06, 124.999
15673, 25864, 137, 2, 0, 0.1, 1.959e+06, 125
15674, 29962, 127, 2, 0, 0.1, 1.95913e+06, 125
15675, 30472, 127, 1, 0, 0.1, 1.95926e+06, 125.001
15676, 29189, 137, 0, 1, 0.1, 1.9594e+06, 125.001
15677, 29189, 117, 3, 0, 0.1, 1.95951e+06, 125.001
15678, 30472, 127, 1, 0, 0.1, 1.95964e+06, 125.001
15679, 29189, 127, 1, 0, 0.1, 1.95977e+06, 125.001
15680, 29954, 137, 2, 0, 0.1, 1.9599e+06, 125.002
15681, 29962, 137, 2, 0, 0.1, 1.96004e+06, 125.003
15682, 30472, 127, 1, 0, 0.1, 1.96017e+06, 125.003
15683, 29189, 137, 3, 0, 0.1, 1.9603e+06, 125.003
15684, 30472, 127, 2, 0, 0.1, 1.96043e+06, 125.004
15685, 28938, 137, 1, 0, 0.1, 1.96057e+06, 125.004
15686, 28938, 117, 3, 0, 0.1, 1.96068e+06, 125.004
15687, 28938, 117, 1, 0, 0.1, 1.9608e+06, 125.003
15688, 28938, 117, 2, 1, 0.1, 1.96092e+06, 125.003
15689, 31492, 127, 1, 0, 0.1, 1.96105e+06, 125.003
15690, 31237, 137, 3, 0, 0.1, 1.96118e+06, 125.004
15691, 31492, 127, 3, 0, 0.1, 1.96131e+06, 125.004
15692, 31237, 137, 2, 1, 0.1, 1.96145e+06, 125.005
15693, 31237, 117, 3, 0, 0.1, 1.96156e+06, 125.004
15694, 32512, 127, 2, 0, 0.1, 1.96169e+06, 125.004
15695, 28938, 137, 0, 0, 0.1, 1.96183e+06, 125.005
15696, 31504, 127, 0, 0, 0.1, 1.96196e+06, 125.005
15697, 28954, 137, 3, 0, 0.1, 1.96209e+06, 125.006
15698, 28954, 117, 1, 1, 0.1, 1.96221e+06, 125.005
15699, 28938, 117, 2, 1, 0.1, 1.96233e+06, 125.005
15700, 31488, 127, 2, 0, 0.1, 1.96245e+06, 125.005
15701, 24842, 127, 0, 0, 0.1, 1.96258e+06, 125.005
15702, 31488, 127, 2, 0, 0.1, 1.96271e+06, 125.005
15703, 24842, 127, 0, 0, 0.1, 1.96283e+06, 125.005
15704, 31488, 127, 3, 0, 0.1, 1.96296e+06, 125.005
15705, 31237, 127, 1, 0, 0.1, 1.96309e+06, 125.006
15706, 31488, 127, 3, 0, 0.1, 1.96322e+06, 125.006
15707, 31237, 127, 3, 0, 0.1, 1.96334e+06, 125.006
15708, 31237, 137, 3, 0, 0.1, 1.96348e+06, 125.007
15709, 31237, 137, 0, 1, 0.1, 1.96362e+06, 125.007
15710, 31237, 117, 1, 0, 0.1, 1.96373e+06, 125.007
15711, 27141, 127, 0, 0, 0.1, 1.96386e+06, 125.007
15712, 27141, 117, 3, 0, 0.1, 1.96398e+06, 125.006
15713, 31237, 127, 3, 0, 0.1, 1.9641e+06, 125.007
15714, 32257, 127, 3, 0, 0.1, 1.96423e+06, 125.007
15715, 31237, 137, 3, 0, 0.1, 1.96437e+06, 125.008
15716, 31237, 127, 2, 1, 0.1, 1.9645e+06, 125.008
15717, 31237, 117, 2, 0, 0.1, 1.96461e+06, 125.007
15718, 31237, 117, 0, 0, 0.1, 1.96473e+06, 125.007
15719, 31237, 117, 1, 0, 0.1, 1.96485e+06, 125.006
15720, 31237, 127, 1, 0, 0.1, 1.96497e+06, 125.006
15721, 32257, 127, 2, 0, 0.1, 1.9651e+06, 125.006
15722, 29706, 127, 0, 0, 0.1, 1.96523e+06, 125.006
15723, 32257, 127, 1, 0, 0.1, 1.96535e+06, 125.007
15724, 27141, 127, 1, 0, 0.1, 1.96548e+06, 125.007
15725, 18949, 127, 1, 0, 0.1, 1.96561e+06, 125.007
15726, 18949, 127, 3, 0, 0.1, 1.96574e+06, 125.007
15727, 18949, 127, 1, 0, 0.1, 1.96586e+06, 125.007
15728, 18949, 127, 0, 0, 0.1, 1.96599e+06, 125.007
15729, 18949, 117, 1, 0, 0.1, 1.96611e+06, 125.007
15730, 27408, 127, 3, 0, 0.1, 1.96623e+06, 125.007
15731, 18949, 127, 3, 0, 0.1, 1.96636e+06, 125.007
15732, 18949, 127, 1, 0, 0.1, 1.96649e+06, 125.007
15733, 18981, 127, 1, 0, 0.1, 1.96661e+06, 125.007
15734, 27536, 77, 2, 0, 0.1, 1.96669e+06, 125.004
15735, 30472, 137, 2, 0, 0.1, 1.96683e+06, 125.005
15736, 29962, 137, 2, 0, 0.1, 1.96696e+06, 125.006
15737, 32002, 127, 3, 1, 0.1, 1.96709e+06, 125.006
15738, 30725, 127, 3, 0, 0.1, 1.96722e+06, 125.006
15739, 30724, 127, 3, 1, 0.1, 1.96735e+06, 125.006
15740, 30725, 137, 3, 0, 0.1, 1.96748e+06, 125.007
15741, 30725, 137, 2, 0, 0.1, 1.96762e+06, 125.008
15742, 30725, 117, 0, 1, 0.1, 1.96774e+06, 125.007
15743, 30725, 117, 3, 0, 0.1, 1.96785e+06, 125.007
15744, 30725, 127, 3, 0, 0.1, 1.96798e+06, 125.007
15745, 28940, 137, 0, 0, 0.1, 1.96812e+06, 125.007
15746, 28698, 137, 3, 0, 0.1, 1.96826e+06, 125.008
15747, 28698, 67, 3, 0, 0.1, 1.96832e+06, 125.005
15748, 29962, 117, 2, 0, 0.1, 1.96844e+06, 125.004
15749, 30472, 137, 1, 0, 0.1, 1.96858e+06, 125.005
15750, 29189, 137, 3, 0, 0.1, 1.96871e+06, 125.006
15751, 30472, 127, 1, 0, 0.1, 1.96884e+06, 125.006
15752, 29189, 127, 0, 0, 0.1, 1.96897e+06, 125.006
15753, 29189, 117, 3, 0, 0.1, 1.96908e+06, 125.005
15754, 30472, 127, 2, 0, 0.1, 1.96921e+06, 125.005
15755, 29962, 127, 1, 1, 0.1, 1.96934e+06, 125.006
15756, 29962, 117, 1, 0, 0.1, 1.96946e+06, 125.005
15757, 29962, 117, 2, 0, 0.1, 1.96957e+06, 125.005
15758, 30978, 137, 0, 0, 0.1, 1.96971e+06, 125.005
15759, 24842, 127, 2, 0, 0.1, 1.96984e+06, 125.005
15760, 30978, 127, 3, 0, 0.1, 1.96996e+06, 125.006
15761, 30725, 127, 3, 0, 0.1, 1.97009e+06, 125.006
15762, 30980, 137, 3, 0, 0.1, 1.97023e+06, 125.006
15763, 30725, 137, 3, 0, 0.1, 1.97036e+06, 125.007
15764, 30725, 127, 1, 0, 0.1, 1.97049e+06, 125.007
15765, 30725, 127, 1, 0, 0.1, 1.97062e+06, 125.007
15766, 30980, 127, 2, 0, 0.1, 1.97074e+06, 125.008
15767, 30980, 117, 3, 0, 0.1, 1.97086e+06, 125.007
15768, 30725, 127, 2, 1, 0.1, 1.97099e+06, 125.007
15769, 30725, 117, 1, 0, 0.1, 1.97111e+06, 125.007
15770, 30980, 127, 0, 0, 0.1, 1.97123e+06, 125.007
15771, 28938, 137, 0, 0, 0.1, 1.97137e+06, 125.008
15772, 28938, 137, 3, 0, 0.1, 1.97151e+06, 125.008
15773, 28938, 117, 2, 0, 0.1, 1.97162e+06, 125.008
15774, 24842, 127, 0, 0, 0.1, 1.97175e+06, 125.008
15775, 28938, 127, 0, 0, 0.1, 1.97188e+06, 125.008
15776, 28938, 127, 0, 0, 0.1, 1.97200e+06, 125.008
15777, 28938, 137, 3, 0, 0.1, 1.97214e+06, 125.009
15778, 28938, 117, 2, 0, 0.1, 1.97226e+06, 125.008
15779, 28938, 127, 0, 0, 0.1, 1.97239e+06, 125.009
15780, 28938, 127, 0, 1, 0.1, 1.97251e+06, 125.009
15781, 28938, 137, 2, 0, 0.1, 1.97265e+06, 125.01
15782, 28938, 127, 2, 0, 0.1, 1.97278e+06, 125.01
15783, 24842, 127, 0, 0, 0.1, 1.9729e+06, 125.01
15784, 28938, 127, 2, 0, 0.1, 1.97303e+06, 125.01
15785, 24842, 127, 2, 0, 0.1, 1.97316e+06, 125.01
15786, 16650, 127, 3, 1, 0.1, 1.97328e+06, 125.01
15787, 16650, 117, 2, 0, 0.1, 1.9734e+06, 125.01
15788, 266, 127, 0, 0, 0.1, 1.97353e+06, 125.01
15789, 16650, 127, 2, 0, 0.1, 1.97366e+06, 125.01
15790, 266, 127, 0, 0, 0.1, 1.97378e+06, 125.01
15791, 16650, 127, 2, 0, 0.1, 1.97391e+06, 125.01
15792, 266, 127, 0, 0, 0.1, 1.97404e+06, 125.01
15793, 16650, 127, 0, 0, 0.1, 1.97416e+06, 125.01
15794, 24842, 127, 1, 0, 0.1, 1.97429e+06, 125.011
15795, 24842, 117, 0, 0, 0.1, 1.97441e+06, 125.01
15796, 28938, 127, 0, 0, 0.1, 1.97454e+06, 125.01
15797, 28938, 127, 0, 0, 0.1, 1.97466e+06, 125.01
15798, 31233, 137, 3, 0, 0.1, 1.9748e+06, 125.011
15799, 31237, 137, 3, 0, 0.1, 1.97494e+06, 125.012
15800, 31237, 127, 0, 0, 0.1, 1.97506e+06, 125.012
15801, 31237, 117, 1, 0, 0.1, 1.97518e+06, 125.011
15802, 31237, 127, 0, 1, 0.1, 1.97531e+06, 125.012
15803, 31237, 117, 1, 0, 0.1, 1.97542e+06, 125.011
15804, 31233, 127, 2, 0, 0.1, 1.97555e+06, 125.011
15805, 28682, 127, 2, 1, 0.1, 1.97568e+06, 125.011
15806, 24586, 127, 0, 0, 0.1, 1.97580e+06, 125.011
15807, 28682, 127, 0, 0, 0.1, 1.97593e+06, 125.012
15808, 31233, 127, 0, 0, 0.1, 1.97606e+06, 125.012
15809, 31233, 117, 1, 0, 0.1, 1.97618e+06, 125.011
15810, 30725, 137, 2, 0, 0.1, 1.97631e+06, 125.012
15811, 30725, 117, 3, 0, 0.1, 1.97643e+06, 125.011
15812, 26625, 127, 1, 0, 0.1, 1.97656e+06, 125.012
15813, 30725, 127, 3, 1, 0.1, 1.97668e+06, 125.012
15814, 26625, 127, 3, 0, 0.1, 1.97681e+06, 125.012
15815, 30725, 127, 3, 0, 0.1, 1.97694e+06, 125.012
15816, 30725, 127, 1, 0, 0.1, 1.97706e+06, 125.012
15817, 30853, 127, 1, 0, 0.1, 1.97719e+06, 125.012
15818, 26753, 127, 3, 0, 0.1, 1.97732e+06, 125.012
15819, 30853, 127, 0, 0, 0.1, 1.97745e+06, 125.012
15820, 30725, 67, 3, 0, 0.1, 1.97751e+06, 125.009
15821, 29962, 117, 2, 0, 0.1, 1.97763e+06, 125.008
15822, 30472, 127, 1, 0, 0.1, 1.97776e+06, 125.008
15823, 28677, 137, 2, 0, 0.1, 1.97789e+06, 125.009
15824, 28677, 117, 3, 0, 0.1, 1.97801e+06, 125.009
15825, 29960, 127, 0, 0, 0.1, 1.97814e+06, 125.009
15826, 29962, 127, 2, 0, 0.1, 1.97826e+06, 125.009
15827, 29960, 127, 2, 0, 0.1, 1.97839e+06, 125.009
15828, 29962, 127, 2, 0, 0.1, 1.97852e+06, 125.009
15829, 25858, 137, 0, 0, 0.1, 1.97866e+06, 125.01
15830, 25866, 127, 2, 0, 0.1, 1.97878e+06, 125.01
15831, 25858, 127, 0, 0, 0.1, 1.97891e+06, 125.01
15832, 25866, 127, 0, 0, 0.1, 1.97904e+06, 125.01
15833, 29960, 127, 1, 1, 0.1, 1.97916e+06, 125.01
15834, 28677, 127, 1, 0, 0.1, 1.97929e+06, 125.01
15835, 29954, 127, 2, 0, 0.1, 1.97942e+06, 125.011
15836, 29962, 127, 0, 0, 0.1, 1.97954e+06, 125.011
15837, 29954, 127, 2, 0, 0.1, 1.97967e+06, 125.011
15838, 29962, 127, 2, 0, 0.1, 1.9798e+06, 125.011
15839, 30472, 127, 0, 0, 0.1, 1.97993e+06, 125.011
15840, 29962, 127, 2, 0, 0.1, 1.98005e+06, 125.011
15841, 30472, 127, 1, 0, 0.1, 1.98018e+06, 125.011
15842, 29189, 127, 1, 0, 0.1, 1.98031e+06, 125.011
15843, 28934, 137, 0, 0, 0.1, 1.98044e+06, 125.012
15844, 28938, 137, 2, 0, 0.1, 1.98058e+06, 125.013
15845, 28934, 127, 3, 0, 0.1, 1.98071e+06, 125.013
15846, 28677, 127, 3, 0, 0.1, 1.98084e+06, 125.013
15847, 29960, 127, 1, 0, 0.1, 1.98096e+06, 125.013
15848, 28677, 127, 3, 0, 0.1, 1.98109e+06, 125.014
15849, 29960, 127, 2, 0, 0.1, 1.98122e+06, 125.014
15850, 16650, 137, 3, 0, 0.1, 1.98135e+06, 125.014
15851, 16666, 117, 3, 1, 0.1, 1.98147e+06, 125.014
15852, 16666, 117, 2, 0, 0.1, 1.98159e+06, 125.013
15853, 26900, 127, 0, 0, 0.1, 1.98171e+06, 125.013
15854, 16650, 77, 2, 1, 0.1, 1.98179e+06, 125.01
15855, 30472, 137, 2, 0, 0.1, 1.98193e+06, 125.011
15856, 29962, 127, 0, 0, 0.1, 1.98206e+06, 125.011
15857, 30472, 127, 1, 0, 0.1, 1.98218e+06, 125.011
15858, 28677, 137, 1, 0, 0.1, 1.98232e+06, 125.012
15859, 29954, 127, 2, 1, 0.1, 1.98245e+06, 125.012
15860, 29962, 127, 2, 0, 0.1, 1.98257e+06, 125.012
15861, 30472, 127, 1, 0, 0.1, 1.9827e+06, 125.013
15862, 29189, 127, 1, 0, 0.1, 1.98283e+06, 125.013
15863, 24582, 137, 0, 0, 0.1, 1.98296e+06, 125.013
15864, 28682, 127, 2, 0, 0.1, 1.98309e+06, 125.014
15865, 24582, 127, 0, 0, 0.1, 1.98322e+06, 125.014
15866, 28682, 127, 2, 0, 0.1, 1.98334e+06, 125.014
15867, 24582, 127, 1, 0, 0.1, 1.98347e+06, 125.014
15868, 24582, 117, 3, 0, 0.1, 1.98359e+06, 125.013
15869, 24581, 127, 1, 0, 0.1, 1.98372e+06, 125.014
15870, 24582, 127, 0, 0, 0.1, 1.98384e+06, 125.014
15871, 28682, 127, 2, 0, 0.1, 1.98397e+06, 125.014
15872, 24582, 127, 0, 0, 0.1, 1.9841e+06, 125.014
15873, 28682, 127, 1, 0, 0.1, 1.98422e+06, 125.014
15874, 28682, 117, 2, 0, 0.1, 1.98434e+06, 125.014
15875, 24582, 127, 0, 1, 0.1, 1.98447e+06, 125.014
15876, 28682, 127, 2, 0, 0.1, 1.9846e+06, 125.014
15877, 24582, 127, 0, 0, 0.1, 1.98472e+06, 125.014
15878, 28682, 127, 0, 0, 0.1, 1.98485e+06, 125.014
15879, 29193, 127, 1, 0, 0.1, 1.98498e+06, 125.014
15880, 29189, 137, 1, 0, 0.1, 1.98511e+06, 125.015
15881, 29954, 137, 3, 0, 0.1, 1.98525e+06, 125.016
15882, 28677, 127, 1, 0, 0.1, 1.98538e+06, 125.016
15883, 29954, 127, 3, 0, 0.1, 1.9855e+06, 125.016
15884, 28677, 127, 3, 0, 0.1, 1.98563e+06, 125.016
15885, 24585, 127, 2, 0, 0.1, 1.98576e+06, 125.016
15886, 16394, 127, 2, 0, 0.1, 1.98588e+06, 125.016
15887, 16390, 127, 2, 0, 0.1, 1.98601e+06, 125.016
15888, 16390, 117, 2, 0, 0.1, 1.98613e+06, 125.016
15889, 16390, 117, 2, 1, 0.1, 1.98625e+06, 125.015
15890, 16390, 117, 3, 0, 0.1, 1.98636e+06, 125.015
15891, 24581, 127, 0, 0, 0.1, 1.98649e+06, 125.015
15892, 24581, 117, 1, 0, 0.1, 1.98661e+06, 125.015
15893, 16390, 127, 0, 0, 0.1, 1.98673e+06, 125.015
15894, 16394, 127, 0, 0, 0.1, 1.98686e+06, 125.015
15895, 24585, 127, 1, 0, 0.1, 1.98699e+06, 125.015
15896, 28677, 127, 1, 0, 0.1, 1.98712e+06, 125.015
15897, 29954, 127, 0, 0, 0.1, 1.98724e+06, 125.015
15898, 29962, 137, 3, 0, 0.1, 1.98738e+06, 125.016
15899, 29962, 117, 2, 0, 0.1, 1.9875e+06, 125.015
15900, 29954, 127, 2, 0, 0.1, 1.98762e+06, 125.016
15901, 29962, 137, 2, 0, 0.1, 1.98776e+06, 125.016
15902, 29962, 127, 2, 0, 0.1, 1.98789e+06, 125.016
15903, 25866, 137, 2, 0, 0.1, 1.98802e+06, 125.017
15904, 29962, 127, 2, 0, 0.1, 1.98815e+06, 125.017
15905, 29962, 127, 2, 1, 0.1, 1.98828e+06, 125.017
15906, 29962, 137, 2, 0, 0.1, 1.98842e+06, 125.018
15907, 262, 137, 3, 0, 0.1, 1.98855e+06, 125.019
15908, 16389, 127, 1, 0, 0.1, 1.98868e+06, 125.019
15909, 262, 127, 0, 0, 0.1, 1.98881e+06, 125.019
15910, 266, 127, 2, 1, 0.1, 1.98893e+06, 125.019
15911, 262, 127, 3, 0, 0.1, 1.98906e+06, 125.019
15912, 16389, 127, 1, 0, 0.1, 1.98919e+06, 125.02
15913, 262, 127, 2, 0, 0.1, 1.98931e+06, 125.02
15914, 262, 117, 2, 0, 0.1, 1.98943e+06, 125.019
15915, 262, 117, 3, 0, 0.1, 1.98955e+06, 125.019
15916, 16389, 127, 3, 0, 0.1, 1.98968e+06, 125.019
15917, 24588, 127, 1, 0, 0.1, 1.9898e+06, 125.019
15918, 16389, 127, 1, 0, 0.1, 1.98993e+06, 125.019
15919, 262, 127, 3, 1, 0.1, 1.99006e+06, 125.019
15920, 16389, 127, 3, 0, 0.1, 1.99018e+06, 125.019
15921, 24588, 127, 1, 0, 0.1, 1.99031e+06, 125.019
15922, 16389, 127, 2, 0, 0.1, 1.99044e+06, 125.02
15923, 16389, 117, 3, 0, 0.1, 1.99055e+06, 125.019
15924, 24588, 127, 3, 0, 0.1, 1.99068e+06, 125.019
15925, 24588, 117, 0, 0, 0.1, 1.9908e+06, 125.019
15926, 30722, 127, 0, 0, 0.1, 1.99092e+06, 125.019
15927, 28682, 127, 2, 0, 0.1, 1.99105e+06, 125.019
15928, 30722, 127, 0, 0, 0.1, 1.99118e+06, 125.019
15929, 28682, 127, 2, 0, 0.1, 1.99131e+06, 125.019
15930, 30722, 127, 1, 0, 0.1, 1.99143e+06, 125.019
15931, 30722, 117, 3, 0, 0.1, 1.99155e+06, 125.019
15932, 30725, 127, 3, 0, 0.1, 1.99168e+06, 125.019
15933, 28681, 137, 3, 0, 0.1, 1.99181e+06, 125.02
15934, 28681, 117, 1, 0, 0.1, 1.99193e+06, 125.019
15935, 28677, 127, 1, 0, 0.1, 1.99206e+06, 125.019
15936, 24578, 127, 2, 0, 0.1, 1.99218e+06, 125.019
15937, 16396, 127, 0, 0, 0.1, 1.99231e+06, 125.02
15938, 24578, 127, 3, 0, 0.1, 1.99244e+06, 125.02
15939, 28677, 127, 1, 0, 0.1, 1.99257e+06, 125.02
15940, 24578, 127, 0, 0, 0.1, 1.99269e+06, 125.02
15941, 28682, 127, 2, 0, 0.1, 1.99282e+06, 125.02
15942, 24578, 127, 0, 0, 0.1, 1.99295e+06, 125.02
15943, 28682, 127, 2, 0, 0.1, 1.99307e+06, 125.02
15944, 24578, 127, 1, 0, 0.1, 1.9932e+06, 125.02
15945, 24578, 117, 2, 0, 0.1, 1.99332e+06, 125.02
15946, 16396, 127, 2, 0, 0.1, 1.99344e+06, 125.02
15947, 16396, 117, 0, 0, 0.1, 1.99356e+06, 125.02
15948, 24578, 127, 0, 0, 0.1, 1.99369e+06, 125.02
15949, 28682, 127, 2, 0, 0.1, 1.99382e+06, 125.02
15950, 24578, 127, 2, 1, 0.1, 1.99394e+06, 125.02
15951, 16396, 127, 1, 0, 0.1, 1.99407e+06, 125.02
15952, 5, 127, 0, 0, 0.1, 1.9942e+06, 125.02
15953, 5, 117, 1, 0, 0.1, 1.99431e+06, 125.02
15954, 262, 127, 2, 0, 0.1, 1.99444e+06, 125.02
15955, 262, 117, 1, 0, 0.1, 1.99456e+06, 125.019
15956, 262, 117, 0, 0, 0.1, 1.99468e+06, 125.019
15957, 266, 127, 2, 0, 0.1, 1.9948e+06, 125.019
15958, 262, 127, 0, 0, 0.1, 1.99493e+06, 125.019
15959, 266, 127, 0, 0, 0.1, 1.99506e+06, 125.019
15960, 266, 127, 0, 0, 0.1, 1.99518e+06, 125.019
15961, 266, 127, 2, 0, 0.1, 1.99531e+06, 125.019
15962, 266, 127, 2, 1, 0.1, 1.99544e+06, 125.02
15963, 266, 127, 1, 0, 0.1, 1.99556e+06, 125.02
15964, 266, 117, 3, 0, 0.1, 1.99568e+06, 125.019
15965, 266, 117, 2, 0, 0.1, 1.9958e+06, 125.019
15966, 262, 127, 3, 0, 0.1, 1.99592e+06, 125.019
15967, 5, 127, 1, 0, 0.1, 1.99605e+06, 125.019
15968, 262, 127, 3, 0, 0.1, 1.99618e+06, 125.019
15969, 5, 127, 1, 0, 0.1, 1.99631e+06, 125.019
15970, 262, 127, 2, 0, 0.1, 1.99643e+06, 125.019
15971, 262, 117, 2, 0, 0.1, 1.99655e+06, 125.019
15972, 262, 117, 0, 0, 0.1, 1.99667e+06, 125.018
15973, 266, 127, 0, 0, 0.1, 1.99679e+06, 125.018
15974, 266, 127, 2, 0, 0.1, 1.99692e+06, 125.019
15975, 266, 127, 2, 0, 0.1, 1.99705e+06, 125.019
15976, 262, 127, 2, 0, 0.1, 1.99718e+06, 125.019
15977, 262, 117, 1, 0, 0.1, 1.99729e+06, 125.018
15978, 262, 117, 2, 1, 0.1, 1.99741e+06, 125.018
15979, 262, 117, 1, 0, 0.1, 1.99753e+06, 125.017
15980, 262, 117, 2, 0, 0.1, 1.99764e+06, 125.017
15981, 262, 117, 0, 0, 0.1, 1.99776e+06, 125.016
15982, 266, 127, 0, 0, 0.1, 1.99789e+06, 125.016
15983, 266, 127, 2, 0, 0.1, 1.99801e+06, 125.017
15984, 266, 127, 2, 0, 0.1, 1.99814e+06, 125.017
15985, 262, 127, 3, 0, 0.1, 1.99827e+06, 125.017
15986, 5, 127, 0, 1, 0.1, 1.9984e+06, 125.017
15987, 5, 117, 1, 0, 0.1, 1.99851e+06, 125.016
15988, 262, 127, 2, 0, 0.1, 1.99864e+06, 125.017
15989, 262, 117, 3, 0, 0.1, 1.99876e+06, 125.016
15990, 5, 127, 3, 0, 0.1, 1.99888e+06, 125.016
15991, 16396, 127, 1, 0, 0.1, 1.99901e+06, 125.016
15992, 5, 127, 1, 1, 0.1, 1.99914e+06, 125.016
15993, 262, 127, 2, 0, 0.1, 1.99926e+06, 125.017
15994, 262, 117, 1, 1, 0.1, 1.99938e+06, 125.016
15995, 262, 117, 0, 0, 0.1, 1.9995e+06, 125.016
15996, 266, 127, 0, 0, 0.1, 1.99962e+06, 125.016
15997, 266, 127, 0, 0, 0.1, 1.99975e+06, 125.016
15998, 266, 127, 2, 0, 0.1, 1.99988e+06, 125.016
15999, 266, 127, 2, 0, 0.1, 2.00001e+06, 125.016
16000, 266, 127, 0, 0, 0.1, 2.00013e+06, 125.016
16001, 266, 127, 0, 0, 0.1, 2.00026e+06, 125.016
16002, 266, 127, 0, 0, 0.1, 2.00039e+06, 125.016
16003, 266, 127, 0, 0, 0.1, 2.00051e+06, 125.016
16004, 266, 127, 3, 0, 0.1, 2.00064e+06, 125.017
16005, 266, 117, 1, 1, 0.1, 2.00076e+06, 125.016
16006, 266, 117, 0, 0, 0.1, 2.00088e+06, 125.016
16007, 266, 127, 0, 0, 0.1, 2.001e+06, 125.016
16008, 258, 127, 1, 0, 0.1, 2.00113e+06, 125.016
16009, 258, 117, 0, 0, 0.1, 2.00125e+06, 125.015
16010, 16650, 127, 2, 0, 0.1, 2.00137e+06, 125.015
16011, 258, 127, 2, 0, 0.1, 2.0015e+06, 125.016
16012, 266, 127, 0, 0, 0.1, 2.00163e+06, 125.016
16013, 258, 127, 0, 0, 0.1, 2.00175e+06, 125.016
16014, 16650, 127, 2, 0, 0.1, 2.00188e+06, 125.016
16015, 258, 127, 3, 1, 0.1, 2.00201e+06, 125.016
16016, 5, 127, 3, 0, 0.1, 2.00214e+06, 125.016
16017, 9, 127, 2, 1, 0.1, 2.00226e+06, 125.016
16018, 10, 127, 2, 0, 0.1, 2.00239e+06, 125.016
16019, 16390, 127, 3, 0, 0.1, 2.00252e+06, 125.017
16020, 24581, 127, 1, 0, 0.1, 2.00264e+06, 125.017
16021, 16518, 127, 1, 0, 0.1, 2.00277e+06, 125.017
16022, 16518, 117, 1, 1, 0.1, 2.00289e+06, 125.016
16023, 16390, 67, 3, 0, 0.1, 2.00295e+06, 125.013
16024, 29962, 117, 2, 0, 0.1, 2.00307e+06, 125.012
16025, 30472, 127, 0, 0, 0.1, 2.0032e+06, 125.012
16026, 29962, 127, 0, 0, 0.1, 2.00332e+06, 125.012
16027, 30472, 137, 2, 0, 0.1, 2.00346e+06, 125.013
16028, 29962, 127, 2, 0, 0.1, 2.00359e+06, 125.013
16029, 30472, 127, 1, 1, 0.1, 2.00372e+06, 125.013
16030, 28677, 137, 3, 0, 0.1, 2.00385e+06, 125.014
16031, 29960, 127, 0, 1, 0.1, 2.00398e+06, 125.014
16032, 29962, 127, 2, 0, 0.1, 2.00411e+06, 125.014
16033, 29960, 127, 1, 0, 0.1, 2.00423e+06, 125.015
16034, 28677, 127, 3, 0, 0.1, 2.00436e+06, 125.015
16035, 29960, 127, 1, 1, 0.1, 2.00449e+06, 125.015
16036, 28677, 127, 1, 0, 0.1, 2.00462e+06, 125.015
16037, 29954, 127, 2, 0, 0.1, 2.00474e+06, 125.015
16038, 29962, 137, 1, 0, 0.1, 2.00488e+06, 125.016
16039, 29962, 117, 0, 0, 0.1, 2.005e+06, 125.015
16040, 29954, 127, 3, 0, 0.1, 2.00512e+06, 125.015
16041, 28677, 127, 1, 0, 0.1, 2.00525e+06, 125.016
16042, 29954, 127, 0, 0, 0.1, 2.00538e+06, 125.016
16043, 29962, 137, 3, 0, 0.1, 2.00551e+06, 125.016
16044, 29962, 117, 2, 0, 0.1, 2.00563e+06, 125.016
16045, 29954, 127, 3, 0, 0.1, 2.00576e+06, 125.016
16046, 28677, 127, 1, 0, 0.1, 2.00588e+06, 125.016
16047, 29954, 127, 2, 0, 0.1, 2.00601e+06, 125.016
16048, 29962, 127, 0, 0, 0.1, 2.00614e+06, 125.016
16049, 29954, 127, 3, 0, 0.1, 2.00627e+06, 125.017
16050, 28677, 127, 1, 0, 0.1, 2.00639e+06, 125.017
16051, 29954, 127, 0, 0, 0.1, 2.00652e+06, 125.017
16052, 29962, 127, 2, 0, 0.1, 2.00665e+06, 125.017
16053, 29954, 127, 3, 0, 0.1, 2.00677e+06, 125.017
16054, 28677, 127, 1, 0, 0.1, 2.0069e+06, 125.017
16055, 29954, 127, 2, 0, 0.1, 2.00703e+06, 125.017
16056, 29962, 127, 2, 0, 0.1, 2.00716e+06, 125.017
16057, 30472, 127, 1, 0, 0.1, 2.00728e+06, 125.018
16058, 29189, 127, 1, 0, 0.1, 2.00741e+06, 125.018
16059, 28934, 137, 2, 0, 0.1, 2.00755e+06, 125.018
16060, 28934, 117, 1, 0, 0.1, 2.00766e+06, 125.018
16061, 28934, 117, 3, 0, 0.1, 2.00778e+06, 125.017
16062, 28677, 127, 3, 0, 0.1, 2.00791e+06, 125.018
16063, 29960, 127, 2, 0, 0.1, 2.00803e+06, 125.018
16064, 28938, 137, 2, 0, 0.1, 2.00817e+06, 125.018
16065, 31492, 127, 0, 0, 0.1, 2.0083e+06, 125.019
16066, 28938, 127, 1, 1, 0.1, 2.00842e+06, 125.019
16067, 28938, 117, 0, 0, 0.1, 2.00854e+06, 125.018
16068, 24840, 127, 1, 0, 0.1, 2.00867e+06, 125.018
16069, 24581, 127, 3, 0, 0.1, 2.0088e+06, 125.018
16070, 24840, 127, 1, 0, 0.1, 2.00892e+06, 125.019
16071, 24581, 127, 3, 0, 0.1, 2.00905e+06, 125.019
16072, 24840, 127, 1, 0, 0.1, 2.00918e+06, 125.019
16073, 24581, 127, 1, 0, 0.1, 2.0093e+06, 125.019
16074, 28934, 127, 2, 0, 0.1, 2.00943e+06, 125.019
16075, 28934, 117, 3, 0, 0.1, 2.00955e+06, 125.019
16076, 24581, 127, 3, 1, 0.1, 2.00968e+06, 125.019
16077, 24840, 127, 3, 1, 0.1, 2.0098e+06, 125.019
16078, 24840, 117, 0, 0, 0.1, 2.00992e+06, 125.018
16079, 24842, 127, 0, 0, 0.1, 2.01005e+06, 125.018
16080, 28930, 127, 0, 0, 0.1, 2.01017e+06, 125.019
16081, 28938, 127, 2, 0, 0.1, 2.0103e+06, 125.019
16082, 29058, 127, 1, 0, 0.1, 2.01043e+06, 125.019
16083, 29058, 117, 3, 0, 0.1, 2.01054e+06, 125.018
16084, 28709, 77, 2, 0, 0.1, 2.01062e+06, 125.015
16085, 30472, 137, 1, 0, 0.1, 2.01076e+06, 125.016
16086, 29189, 127, 3, 0, 0.1, 2.01088e+06, 125.016
16087, 30472, 127, 2, 0, 0.1, 2.01101e+06, 125.016
16088, 29962, 127, 2, 0, 0.1, 2.01114e+06, 125.016
16089, 32002, 137, 2, 0, 0.1, 2.01128e+06, 125.017
16090, 28938, 137, 0, 0, 0.1, 2.01141e+06, 125.018
16091, 26882, 127, 3, 0, 0.1, 2.01154e+06, 125.018
16092, 26629, 127, 1, 0, 0.1, 2.01167e+06, 125.018
16093, 26882, 127, 1, 0, 0.1, 2.01179e+06, 125.018
16094, 26882, 117, 0, 0, 0.1, 2.01191e+06, 125.018
16095, 24842, 127, 0, 0, 0.1, 2.01204e+06, 125.018
16096, 29448, 127, 2, 0, 0.1, 2.01216e+06, 125.018
16097, 24842, 127, 0, 0, 0.1, 2.01229e+06, 125.018
16098, 29448, 127, 1, 0, 0.1, 2.01242e+06, 125.018
16099, 29189, 127, 3, 0, 0.1, 2.01255e+06, 125.018
16100, 29448, 127, 1, 0, 0.1, 2.01267e+06, 125.019
16101, 29189, 127, 1, 0, 0.1, 2.0128e+06, 125.019
16102, 29954, 137, 2, 0, 0.1, 2.01294e+06, 125.019
16103, 29962, 127, 3, 1, 0.1, 2.01306e+06, 125.02
16104, 29962, 117, 0, 1, 0.1, 2.01318e+06, 125.019
16105, 29954, 127, 0, 0, 0.1, 2.01331e+06, 125.019
16106, 29962, 137, 0, 0, 0.1, 2.01344e+06, 125.02
16107, 29954, 127, 2, 0, 0.1, 2.01357e+06, 125.02
16108, 29962, 127, 2, 0, 0.1, 2.0137e+06, 125.02
16109, 29954, 127, 3, 0, 0.1, 2.01383e+06, 125.02
16110, 24581, 127, 1, 0, 0.1, 2.01395e+06, 125.02
16111, 29954, 127, 2, 0, 0.1, 2.01408e+06, 125.02
16112, 29962, 127, 2, 1, 0.1, 2.01421e+06, 125.021
16113, 30488, 137, 0, 1, 0.1, 2.01434e+06, 125.021
16114, 29978, 127, 1, 0, 0.1, 2.01447e+06, 125.021
16115, 29978, 117, 2, 0, 0.1, 2.01459e+06, 125.021
16116, 30488, 127, 1, 0, 0.1, 2.01472e+06, 125.021
16117, 29317, 137, 1, 0, 0.1, 2.01485e+06, 125.022
16118, 29062, 137, 3, 0, 0.1, 2.01499e+06, 125.023
16119, 28709, 77, 2, 0, 0.1, 2.01507e+06, 125.02
16120, 30472, 137, 0, 0, 0.1, 2.0152e+06, 125.02
16121, 29962, 127, 2, 0, 0.1, 2.01533e+06, 125.02
16122, 30472, 127, 1, 0, 0.1, 2.01546e+06, 125.021
16123, 29189, 137, 3, 0, 0.1, 2.01559e+06, 125.021
16124, 30472, 127, 1, 0, 0.1, 2.01572e+06, 125.021
16125, 29189, 127, 3, 0, 0.1, 2.01585e+06, 125.022
16126, 30472, 127, 1, 0, 0.1, 2.01598e+06, 125.022
16127, 29189, 127, 1, 0, 0.1, 2.0161e+06, 125.022
16128, 24834, 137, 2, 1, 0.1, 2.01624e+06, 125.023
16129, 28938, 127, 0, 0, 0.1, 2.01637e+06, 125.023
16130, 24834, 127, 0, 0, 0.1, 2.01649e+06, 125.023
16131, 28938, 127, 2, 0, 0.1, 2.01662e+06, 125.023
16132, 24834, 127, 0, 0, 0.1, 2.01675e+06, 125.023
16133, 28938, 127, 1, 1, 0.1, 2.01687e+06, 125.023
16134, 28938, 117, 2, 0, 0.1, 2.01699e+06, 125.023
16135, 24834, 127, 3, 0, 0.1, 2.01712e+06, 125.023
16136, 24581, 127, 3, 0, 0.1, 2.01724e+06, 125.023
16137, 29960, 127, 3, 1, 0.1, 2.01737e+06, 125.023
16138, 29960, 117, 2, 0, 0.1, 2.01749e+06, 125.023
16139, 29962, 127, 0, 0, 0.1, 2.01762e+06, 125.023
16140, 29960, 127, 0, 0, 0.1, 2.01774e+06, 125.023
16141, 25866, 127, 2, 0, 0.1, 2.01787e+06, 125.023
16142, 29976, 127, 0, 0, 0.1, 2.018e+06, 125.023
16143, 25882, 127, 0, 0, 0.1, 2.01812e+06, 125.023
16144, 25864, 77, 3, 0, 0.1, 2.0182e+06, 125.02
16145, 29962, 117, 2, 0, 0.1, 2.01832e+06, 125.02
16146, 30472, 137, 0, 0, 0.1, 2.01846e+06, 125.02
16147, 29962, 127, 2, 0, 0.1, 2.01858e+06, 125.021
16148, 30472, 127, 0, 1, 0.1, 2.01871e+06, 125.021
16149, 29962, 127, 0, 0, 0.1, 2.01884e+06, 125.021
16150, 29960, 127, 0, 0, 0.1, 2.01896e+06, 125.021
16151, 29962, 127, 2, 0, 0.1, 2.01909e+06, 125.021
16152, 29960, 127, 1, 1, 0.1, 2.01922e+06, 125.021
16153, 28677, 127, 1, 0, 0.1, 2.01934e+06, 125.021
16154, 29954, 127, 2, 0, 0.1, 2.01947e+06, 125.021
16155, 29962, 137, 0, 0, 0.1, 2.01961e+06, 125.022
16156, 29954, 127, 3, 0, 0.1, 2.01974e+06, 125.022
16157, 24581, 127, 3, 0, 0.1, 2.01986e+06, 125.022
16158, 29960, 127, 0, 0, 0.1, 2.01999e+06, 125.023
16159, 29962, 127, 2, 0, 0.1, 2.02012e+06, 125.023
16160, 29960, 127, 2, 0, 0.1, 2.02024e+06, 125.023
16161, 29962, 127, 3, 1, 0.1, 2.02037e+06, 125.023
16162, 29962, 117, 2, 0, 0.1, 2.02049e+06, 125.022
16163, 30472, 127, 0, 0, 0.1, 2.02061e+06, 125.023
16164, 29962, 127, 0, 0, 0.1, 2.02074e+06, 125.023
16165, 29960, 127, 0, 0, 0.1, 2.02087e+06, 125.023
16166, 29962, 127, 2, 0, 0.1, 2.021e+06, 125.023
16167, 29960, 127, 2, 0, 0.1, 2.02112e+06, 125.023
16168, 29962, 127, 2, 0, 0.1, 2.02125e+06, 125.023
16169, 30472, 127, 1, 0, 0.1, 2.02138e+06, 125.023
16170, 29189, 137, 3, 0, 0.1, 2.02151e+06, 125.024
16171, 30472, 127, 1, 0, 0.1, 2.02164e+06, 125.024
16172, 29189, 127, 0, 1, 0.1, 2.02177e+06, 125.024
16173, 29189, 117, 1, 0, 0.1, 2.02188e+06, 125.024
16174, 29954, 137, 3, 0, 0.1, 2.02202e+06, 125.024
16175, 28677, 127, 1, 0, 0.1, 2.02215e+06, 125.025
16176, 29954, 127, 2, 0, 0.1, 2.02228e+06, 125.025
16177, 29962, 137, 2, 1, 0.1, 2.02241e+06, 125.025
16178, 30472, 127, 1, 0, 0.1, 2.02254e+06, 125.026
16179, 29189, 127, 1, 0, 0.1, 2.02267e+06, 125.026
16180, 28934, 137, 0, 0, 0.1, 2.0228e+06, 125.026
16181, 28682, 137, 2, 0, 0.1, 2.02294e+06, 125.027
16182, 24582, 127, 1, 0, 0.1, 2.02307e+06, 125.027
16183, 24582, 117, 2, 0, 0.1, 2.02318e+06, 125.027
16184, 24582, 117, 3, 0, 0.1, 2.0233e+06, 125.026
16185, 28677, 127, 3, 0, 0.1, 2.02343e+06, 125.026
16186, 29960, 127, 2, 0, 0.1, 2.02356e+06, 125.027
16187, 29962, 137, 3, 0, 0.1, 2.02369e+06, 125.027
16188, 29962, 117, 2, 0, 0.1, 2.02381e+06, 125.027
16189, 31492, 137, 1, 0, 0.1, 2.02395e+06, 125.028
16190, 31237, 127, 3, 0, 0.1, 2.02407e+06, 125.028
16191, 31492, 127, 0, 0, 0.1, 2.0242e+06, 125.028
16192, 28938, 127, 2, 0, 0.1, 2.02433e+06, 125.028
16193, 31492, 127, 0, 0, 0.1, 2.02445e+06, 125.028
16194, 28938, 127, 0, 0, 0.1, 2.02458e+06, 125.028
16195, 24840, 127, 1, 0, 0.1, 2.02471e+06, 125.028
16196, 16389, 127, 1, 1, 0.1, 2.02484e+06, 125.028
16197, 24582, 127, 0, 0, 0.1, 2.02496e+06, 125.029
16198, 28682, 127, 0, 0, 0.1, 2.02509e+06, 125.029
16199, 29193, 127, 2, 0, 0.1, 2.02522e+06, 125.029
16200, 28682, 127, 2, 1, 0.1, 2.02534e+06, 125.029
16201, 24582, 127, 0, 0, 0.1, 2.02547e+06, 125.029
16202, 28682, 127, 0, 0, 0.1, 2.0256e+06, 125.029
16203, 29193, 127, 1, 0, 0.1, 2.02572e+06, 125.029
16204, 29189, 137, 1, 0, 0.1, 2.02586e+06, 125.03
16205, 29954, 137, 0, 1, 0.1, 2.026e+06, 125.031
16206, 29962, 137, 0, 1, 0.1, 2.02614e+06, 125.031
16207, 29954, 137, 3, 0, 0.1, 2.02627e+06, 125.032
16208, 28677, 127, 2, 1, 0.1, 2.0264e+06, 125.032
16209, 28677, 117, 1, 0, 0.1, 2.02652e+06, 125.032
16210, 29954, 127, 3, 0, 0.1, 2.02664e+06, 125.032
16211, 28677, 127, 1, 0, 0.1, 2.02677e+06, 125.032
16212, 29954, 127, 3, 0, 0.1, 2.0269e+06, 125.032
16213, 28677, 127, 1, 0, 0.1, 2.02702e+06, 125.032
16214, 29954, 127, 0, 0, 0.1, 2.02715e+06, 125.032
16215, 17674, 137, 3, 0, 0.1, 2.02729e+06, 125.033
16216, 17674, 117, 2, 0, 0.1, 2.02740e+06, 125.033
16217, 25858, 127, 0, 0, 0.1, 2.02753e+06, 125.033
16218, 17674, 127, 2, 0, 0.1, 2.02766e+06, 125.033
16219, 25858, 127, 2, 0, 0.1, 2.02779e+06, 125.033
16220, 17674, 127, 1, 0, 0.1, 2.02791e+06, 125.033
16221, 17674, 117, 0, 0, 0.1, 2.02803e+06, 125.033
16222, 25858, 127, 2, 0, 0.1, 2.02816e+06, 125.033
16223, 17674, 127, 0, 0, 0.1, 2.02828e+06, 125.033
16224, 25858, 127, 0, 0, 0.1, 2.02841e+06, 125.033
16225, 17674, 127, 2, 0, 0.1, 2.02854e+06, 125.033
16226, 25858, 127, 0, 0, 0.1, 2.02866e+06, 125.033
16227, 17674, 127, 0, 0, 0.1, 2.02879e+06, 125.033
16228, 17674, 127, 2, 0, 0.1, 2.02892e+06, 125.034
16229, 17674, 127, 0, 0, 0.1, 2.02905e+06, 125.034
16230, 17674, 127, 1, 0, 0.1, 2.02917e+06, 125.034
16231, 17674, 117, 2, 0, 0.1, 2.02929e+06, 125.033
16232, 17674, 127, 0, 0, 0.1, 2.02942e+06, 125.033
16233, 17674, 127, 2, 0, 0.1, 2.02954e+06, 125.034
16234, 17674, 127, 2, 0, 0.1, 2.02967e+06, 125.034
16235, 25858, 127, 0, 0, 0.1, 2.0298e+06, 125.034
16236, 17674, 127, 0, 0, 0.1, 2.02992e+06, 125.034
16237, 17674, 127, 0, 0, 0.1, 2.03005e+06, 125.034
16238, 25866, 127, 2, 0, 0.1, 2.03018e+06, 125.034
16239, 17674, 127, 2, 0, 0.1, 2.03031e+06, 125.034
16240, 17674, 127, 2, 0, 0.1, 2.03043e+06, 125.034
16241, 25858, 127, 0, 0, 0.1, 2.03056e+06, 125.034
16242, 17674, 127, 0, 0, 0.1, 2.03069e+06, 125.035
16243, 17674, 127, 3, 0, 0.1, 2.03081e+06, 125.035
16244, 17674, 117, 0, 0, 0.1, 2.03093e+06, 125.034
16245, 25866, 127, 0, 0, 0.1, 2.03106e+06, 125.034
16246, 29962, 127, 2, 0, 0.1, 2.03118e+06, 125.034
16247, 25866, 127, 0, 0, 0.1, 2.03131e+06, 125.035
16248, 29962, 127, 0, 0, 0.1, 2.03144e+06, 125.035
16249, 29962, 127, 2, 0, 0.1, 2.03157e+06, 125.035
16250, 29962, 127, 2, 0, 0.1, 2.03169e+06, 125.035
16251, 25866, 127, 2, 0, 0.1, 2.03182e+06, 125.035
16252, 17674, 127, 0, 0, 0.1, 2.03195e+06, 125.035
16253, 25866, 127, 0, 0, 0.1, 2.03207e+06, 125.035
16254, 29962, 127, 0, 0, 0.1, 2.0322e+06, 125.035
16255, 29962, 127, 0, 0, 0.1, 2.03233e+06, 125.036
16256, 29706, 137, 3, 0, 0.1, 2.03246e+06, 125.036
16257, 29706, 117, 0, 0, 0.1, 2.03258e+06, 125.036
16258, 31747, 127, 2, 0, 0.1, 2.03271e+06, 125.036
16259, 29706, 127, 0, 0, 0.1, 2.03284e+06, 125.036
16260, 31747, 127, 2, 0, 0.1, 2.03296e+06, 125.036
16261, 29706, 127, 2, 0, 0.1, 2.03309e+06, 125.036
16262, 25610, 127, 2, 0, 0.1, 2.03322e+06, 125.036
16263, 17418, 127, 0, 0, 0.1, 2.03334e+06, 125.037
16264, 25610, 127, 2, 0, 0.1, 2.03347e+06, 125.037
16265, 17418, 127, 0, 0, 0.1, 2.0336e+06, 125.037
16266, 25610, 127, 0, 0, 0.1, 2.03372e+06, 125.037
16267, 29706, 127, 0, 0, 0.1, 2.03385e+06, 125.037
16268, 31747, 127, 0, 0, 0.1, 2.03398e+06, 125.037
16269, 31747, 117, 2, 0, 0.1, 2.0341e+06, 125.037
16270, 29706, 127, 0, 0, 0.1, 2.03422e+06, 125.037
16271, 31747, 127, 1, 0, 0.1, 2.03435e+06, 125.037
16272, 31747, 117, 3, 0, 0.1, 2.03447e+06, 125.036
16273, 28677, 137, 1, 0, 0.1, 2.0346e+06, 125.037
16274, 25603, 127, 2, 0, 0.1, 2.03473e+06, 125.037
16275, 17418, 127, 0, 0, 0.1, 2.03486e+06, 125.037
16276, 25603, 127, 0, 0, 0.1, 2.03498e+06, 125.037
16277, 25603, 117, 2, 0, 0.1, 2.0351e+06, 125.037
16278, 17418, 127, 2, 0, 0.1, 2.03523e+06, 125.037
16279, 1034, 127, 0, 0, 0.1, 2.03536e+06, 125.037
16280, 17418, 127, 2, 0, 0.1, 2.03548e+06, 125.037
16281, 1034, 127, 0, 0, 0.1, 2.03561e+06, 125.037
16282, 17418, 127, 0, 0, 0.1, 2.03574e+06, 125.038
16283, 25603, 127, 3, 0, 0.1, 2.03586e+06, 125.038
16284, 28677, 127, 3, 0, 0.1, 2.03599e+06, 125.038
16285, 29705, 127, 1, 0, 0.1, 2.03612e+06, 125.038
16286, 28677, 127, 3, 0, 0.1, 2.03624e+06, 125.038
16287, 29705, 127, 0, 0, 0.1, 2.03637e+06, 125.038
16288, 29705, 117, 1, 0, 0.1, 2.03649e+06, 125.038
16289, 28677, 127, 3, 0, 0.1, 2.03662e+06, 125.038
16290, 29705, 127, 2, 0, 0.1, 2.03674e+06, 125.038
16291, 31746, 137, 2, 0, 0.1, 2.03688e+06, 125.039
16292, 29706, 137, 2, 1, 0.1, 2.03702e+06, 125.039
16293, 30726, 137, 3, 0, 0.1, 2.03715e+06, 125.04
16294, 30725, 127, 3, 0, 0.1, 2.03728e+06, 125.04
16295, 26625, 137, 0, 1, 0.1, 2.03742e+06, 125.041
16296, 26625, 117, 1, 0, 0.1, 2.03754e+06, 125.041
16297, 18437, 127, 2, 0, 0.1, 2.03766e+06, 125.041
16298, 18437, 117, 1, 0, 0.1, 2.03778e+06, 125.04
16299, 26630, 127, 3, 0, 0.1, 2.03791e+06, 125.04
16300, 18437, 127, 3, 0, 0.1, 2.03803e+06, 125.04
16301, 26625, 127, 1, 0, 0.1, 2.03816e+06, 125.04
16302, 18437, 127, 3, 0, 0.1, 2.03829e+06, 125.041
16303, 26625, 127, 3, 0, 0.1, 2.03841e+06, 125.041
16304, 30725, 127, 0, 0, 0.1, 2.03854e+06, 125.041
16305, 30725, 117, 3, 0, 0.1, 2.03866e+06, 125.04
16306, 32000, 127, 1, 1, 0.1, 2.03878e+06, 125.04
16307, 30725, 127, 3, 0, 0.1, 2.03891e+06, 125.041
16308, 32064, 127, 3, 0, 0.1, 2.03904e+06, 125.041
16309, 30757, 137, 3, 0, 0.1, 2.03918e+06, 125.041
16310, 30757, 137, 3, 0, 0.1, 2.03931e+06, 125.042
16311, 30757, 137, 2, 0, 0.1, 2.03945e+06, 125.043
16312, 30757, 67, 3, 0, 0.1, 2.03952e+06, 125.039
16313, 29962, 117, 0, 0, 0.1, 2.03963e+06, 125.039
16314, 30472, 127, 1, 0, 0.1, 2.03976e+06, 125.039
16315, 29189, 137, 1, 0, 0.1, 2.0399e+06, 125.04
16316, 29954, 137, 2, 0, 0.1, 2.04004e+06, 125.04
16317, 29962, 127, 2, 0, 0.1, 2.04016e+06, 125.041
16318, 32002, 127, 3, 0, 0.1, 2.04029e+06, 125.041
16319, 30725, 137, 1, 0, 0.1, 2.04043e+06, 125.041
16320, 32002, 127, 2, 0, 0.1, 2.04055e+06, 125.042
16321, 25866, 137, 3, 0, 0.1, 2.04069e+06, 125.042
16322, 25866, 117, 2, 0, 0.1, 2.04081e+06, 125.042
16323, 30472, 127, 2, 0, 0.1, 2.04093e+06, 125.042
16324, 29962, 127, 2, 0, 0.1, 2.04106e+06, 125.042
16325, 31492, 137, 3, 0, 0.1, 2.0412e+06, 125.043
16326, 31237, 127, 1, 0, 0.1, 2.04132e+06, 125.043
16327, 31492, 127, 3, 0, 0.1, 2.04145e+06, 125.043
16328, 31237, 127, 1, 0, 0.1, 2.04158e+06, 125.043
16329, 31492, 127, 0, 0, 0.1, 2.04171e+06, 125.043
16330, 28938, 127, 2, 0, 0.1, 2.04183e+06, 125.043
16331, 31492, 127, 0, 1, 0.1, 2.04196e+06, 125.043
16332, 28938, 127, 0, 0, 0.1, 2.04209e+06, 125.044
16333, 29448, 127, 1, 0, 0.1, 2.04221e+06, 125.044
16334, 29189, 127, 3, 0, 0.1, 2.04234e+06, 125.044
16335, 29448, 127, 0, 0, 0.1, 2.04247e+06, 125.044
16336, 24842, 127, 2, 0, 0.1, 2.0426e+06, 125.044
16337, 29448, 127, 1, 0, 0.1, 2.04272e+06, 125.044
16338, 29189, 127, 2, 0, 0.1, 2.04285e+06, 125.044
16339, 29189, 117, 3, 1, 0.1, 2.04297e+06, 125.044
16340, 29448, 127, 1, 0, 0.1, 2.04309e+06, 125.044
16341, 29189, 127, 1, 0, 0.1, 2.04322e+06, 125.044
16342, 28934, 137, 3, 1, 0.1, 2.04336e+06, 125.045
16343, 24581, 127, 1, 0, 0.1, 2.04348e+06, 125.045
16344, 28934, 127, 3, 0, 0.1, 2.04361e+06, 125.045
16345, 24581, 127, 3, 0, 0.1, 2.04374e+06, 125.045
16346, 24840, 127, 1, 0, 0.1, 2.04386e+06, 125.045
16347, 24581, 127, 3, 0, 0.1, 2.04399e+06, 125.045
16348, 24840, 127, 2, 0, 0.1, 2.04412e+06, 125.046
16349, 28938, 127, 2, 0, 0.1, 2.04425e+06, 125.046
16350, 31492, 127, 0, 0, 0.1, 2.04437e+06, 125.046
16351, 28938, 127, 0, 0, 0.1, 2.0445e+06, 125.046
16352, 24840, 127, 1, 0, 0.1, 2.04463e+06, 125.046
16353, 24581, 127, 1, 0, 0.1, 2.04475e+06, 125.046
16354, 28934, 127, 3, 0, 0.1, 2.04488e+06, 125.046
16355, 24581, 127, 1, 0, 0.1, 2.04501e+06, 125.046
16356, 28934, 127, 2, 0, 0.1, 2.04514e+06, 125.046
16357, 28934, 117, 3, 0, 0.1, 2.04525e+06, 125.046
16358, 24581, 127, 3, 0, 0.1, 2.04538e+06, 125.046
16359, 24840, 127, 1, 0, 0.1, 2.04551e+06, 125.046
16360, 24581, 127, 3, 0, 0.1, 2.04563e+06, 125.046
16361, 24840, 127, 0, 0, 0.1, 2.04576e+06, 125.046
16362, 24842, 127, 2, 1, 0.1, 2.04589e+06, 125.047
16363, 24840, 127, 3, 1, 0.1, 2.04601e+06, 125.047
16364, 24840, 117, 0, 0, 0.1, 2.04613e+06, 125.046
16365, 24842, 127, 2, 0, 0.1, 2.04626e+06, 125.046
16366, 24840, 127, 1, 0, 0.1, 2.04638e+06, 125.046
16367, 24581, 127, 3, 0, 0.1, 2.04651e+06, 125.047
16368, 24840, 127, 1, 0, 0.1, 2.04664e+06, 125.047
16369, 24581, 127, 3, 0, 0.1, 2.04677e+06, 125.047
16370, 24840, 127, 2, 0, 0.1, 2.04689e+06, 125.047
16371, 28938, 127, 2, 0, 0.1, 2.04702e+06, 125.047
16372, 31492, 127, 2, 0, 0.1, 2.04715e+06, 125.047
16373, 31492, 117, 2, 0, 0.1, 2.04726e+06, 125.047
16374, 31492, 117, 3, 0, 0.1, 2.04738e+06, 125.046
16375, 31237, 127, 3, 0, 0.1, 2.04751e+06, 125.046
16376, 32512, 137, 2, 0, 0.1, 2.04764e+06, 125.047
16377, 28938, 137, 2, 0, 0.1, 2.04778e+06, 125.048
16378, 24842, 127, 2, 0, 0.1, 2.04791e+06, 125.048
16379, 28940, 127, 1, 0, 0.1, 2.04804e+06, 125.048
16380, 28677, 127, 1, 0, 0.1, 2.04816e+06, 125.048
16381, 61702, 137, 2, 0, 0.1, 2.0483e+06, 125.049
16382, 61702, 117, 0, 0, 0.1, 2.04842e+06, 125.048
16383, 61961, 137, 1, 1, 0.1, 2.04855e+06, 125.049
16384, 61445, 137, 1, 0, 0.1, 2.04869e+06, 125.05
16385, 62722, 127, 2, 0, 0.1, 2.04882e+06, 125.05
16386, 62220, 137, 3, 0, 0.1, 2.04896e+06, 125.051
16387, 62220, 117, 2, 0, 0.1, 2.04907e+06, 125.05
16388, 62220, 117, 0, 0, 0.1, 2.04919e+06, 125.05
16389, 61698, 127, 2, 0, 0.1, 2.04932e+06, 125.05
16390, 62220, 127, 1, 0, 0.1, 2.04944e+06, 125.05
16391, 57349, 137, 3, 0, 0.1, 2.04958e+06, 125.051
16392, 61708, 127, 2, 0, 0.1, 2.04971e+06, 125.051
16393, 61708, 117, 0, 0, 0.1, 2.04982e+06, 125.05
16394, 61698, 127, 3, 0, 0.1, 2.04995e+06, 125.05
16395, 61445, 127, 3, 0, 0.1, 2.05008e+06, 125.051
16396, 57353, 127, 1, 1, 0.1, 2.05020e+06, 125.051
16397, 61445, 127, 3, 0, 0.1, 2.05033e+06, 125.051
16398, 57353, 127, 0, 1, 0.1, 2.05046e+06, 125.051
16399, 57353, 117, 2, 0, 0.1, 2.05058e+06, 125.05
16400, 49158, 127, 1, 0, 0.1, 2.0507e+06, 125.05
16401, 49158, 117, 2, 0, 0.1, 2.05082e+06, 125.05
16402, 49158, 117, 2, 0, 0.1, 2.05094e+06, 125.05
16403, 49158, 117, 0, 0, 0.1, 2.05105e+06, 125.049
16404, 57353, 127, 0, 0, 0.1, 2.05118e+06, 125.049
16405, 57353, 117, 3, 0, 0.1, 2.0513e+06, 125.049
16406, 57353, 117, 0, 0, 0.1, 2.05142e+06, 125.048
16407, 57353, 117, 1, 0, 0.1, 2.05153e+06, 125.048
16408, 61445, 127, 3, 0, 0.1, 2.05166e+06, 125.048
16409, 57353, 127, 1, 0, 0.1, 2.05179e+06, 125.048
16410, 61445, 127, 1, 0, 0.1, 2.05191e+06, 125.048
16411, 61698, 127, 3, 0, 0.1, 2.05204e+06, 125.048
16412, 61445, 127, 3, 0, 0.1, 2.05217e+06, 125.048
16413, 57353, 127, 3, 0, 0.1, 2.05229e+06, 125.048
16414, 57353, 117, 2, 1, 0.1, 2.05241e+06, 125.048
16415, 49158, 127, 3, 1, 0.1, 2.05254e+06, 125.048
16416, 32773, 127, 2, 1, 0.1, 2.05266e+06, 125.048
16417, 32773, 117, 2, 0, 0.1, 2.05278e+06, 125.048
16418, 32773, 117, 2, 0, 0.1, 2.0529e+06, 125.047
16419, 32773, 117, 2, 0, 0.1, 2.05302e+06, 125.047
16420, 32773, 117, 1, 0, 0.1, 2.05313e+06, 125.046
16421, 49158, 127, 2, 0, 0.1, 2.05326e+06, 125.046
16422, 49158, 117, 3, 0, 0.1, 2.05338e+06, 125.046
16423, 32773, 127, 1, 0, 0.1, 2.0535e+06, 125.046
16424, 49158, 127, 3, 0, 0.1, 2.05363e+06, 125.046
16425, 32773, 127, 3, 1, 0.1, 2.05376e+06, 125.046
16426, 49436, 127, 2, 0, 0.1, 2.05388e+06, 125.046
16427, 49436, 117, 0, 0, 0.1, 2.054e+06, 125.046
16428, 57626, 127, 1, 0, 0.1, 2.05413e+06, 125.046
16429, 57626, 117, 2, 0, 0.1, 2.05425e+06, 125.045
16430, 49420, 127, 2, 0, 0.1, 2.05437e+06, 125.046
16431, 49436, 117, 2, 0, 0.1, 2.05449e+06, 125.045
16432, 49420, 117, 0, 0, 0.1, 2.05461e+06, 125.045
16433, 57626, 127, 2, 0, 0.1, 2.05473e+06, 125.045
16434, 49436, 127, 0, 0, 0.1, 2.05486e+06, 125.045
16435, 57626, 127, 2, 0, 0.1, 2.05499e+06, 125.045
16436, 49420, 127, 2, 0, 0.1, 2.05512e+06, 125.045
16437, 49436, 117, 2, 0, 0.1, 2.05523e+06, 125.045
16438, 49436, 117, 0, 0, 0.1, 2.05535e+06, 125.044
16439, 57626, 127, 2, 0, 0.1, 2.05548e+06, 125.044
16440, 49436, 127, 0, 0, 0.1, 2.0556e+06, 125.044
16441, 57626, 127, 0, 0, 0.1, 2.05573e+06, 125.044
16442, 61722, 127, 3, 0, 0.1, 2.05586e+06, 125.045
16443, 61722, 117, 0, 0, 0.1, 2.05597e+06, 125.044
16444, 64272, 127, 2, 0, 0.1, 2.0561e+06, 125.044
16445, 61706, 127, 0, 0, 0.1, 2.05623e+06, 125.044
16446, 64256, 127, 0, 0, 0.1, 2.05636e+06, 125.044
16447, 61706, 137, 2, 0, 0.1, 2.05649e+06, 125.045
16448, 64272, 127, 3, 0, 0.1, 2.05662e+06, 125.045
16449, 51717, 137, 1, 0, 0.1, 2.05676e+06, 125.046
16450, 60176, 127, 1, 0, 0.1, 2.05688e+06, 125.046
16451, 64005, 127, 1, 0, 0.1, 2.05701e+06, 125.046
16452, 64260, 127, 1, 0, 0.1, 2.05714e+06, 125.046
16453, 64005, 137, 2, 0, 0.1, 2.05727e+06, 125.047
16454, 64005, 117, 1, 0, 0.1, 2.05739e+06, 125.047
16455, 64515, 137, 3, 0, 0.1, 2.05753e+06, 125.047
16456, 63493, 127, 3, 0, 0.1, 2.05766e+06, 125.047
16457, 59652, 127, 0, 0, 0.1, 2.05778e+06, 125.048
16458, 49434, 127, 0, 0, 0.1, 2.05791e+06, 125.048
16459, 49416, 127, 0, 0, 0.1, 2.05804e+06, 125.048
16460, 57626, 127, 3, 0, 0.1, 2.05816e+06, 125.048
16461, 57626, 117, 2, 1, 0.1, 2.05828e+06, 125.047
16462, 49432, 127, 2, 0, 0.1, 2.05841e+06, 125.048
16463, 49418, 127, 2, 0, 0.1, 2.05853e+06, 125.048
16464, 59652, 127, 2, 0, 0.1, 2.05866e+06, 125.048
16465, 59652, 117, 2, 0, 0.1, 2.05878e+06, 125.047
16466, 59652, 117, 3, 0, 0.1, 2.0589e+06, 125.047
16467, 51205, 127, 3, 0, 0.1, 2.05902e+06, 125.047
16468, 51456, 127, 0, 0, 0.1, 2.05915e+06, 125.047
16469, 57610, 127, 0, 0, 0.1, 2.05928e+06, 125.047
16470, 63746, 127, 0, 1, 0.1, 2.0594e+06, 125.047
16471, 61706, 127, 0, 0, 0.1, 2.05953e+06, 125.047
16472, 49416, 137, 3, 0, 0.1, 2.05967e+06, 125.048
16473, 49416, 117, 2, 0, 0.1, 2.05978e+06, 125.048
16474, 57610, 127, 1, 1, 0.1, 2.05991e+06, 125.048
16475, 57610, 117, 2, 0, 0.1, 2.06003e+06, 125.047
16476, 63746, 127, 3, 0, 0.1, 2.06016e+06, 125.047
16477, 63493, 127, 1, 1, 0.1, 2.06028e+06, 125.047
16478, 63746, 127, 0, 1, 0.1, 2.06041e+06, 125.048
16479, 57610, 127, 0, 0, 0.1, 2.06054e+06, 125.048
16480, 49416, 127, 2, 0, 0.1, 2.06066e+06, 125.048
16481, 24842, 127, 3, 0, 0.1, 2.06079e+06, 125.048
16482, 24842, 117, 0, 0, 0.1, 2.06091e+06, 125.047
16483, 16648, 127, 0, 0, 0.1, 2.06103e+06, 125.048
16484, 16650, 127, 2, 0, 0.1, 2.06116e+06, 125.048
16485, 16648, 127, 0, 0, 0.1, 2.06129e+06, 125.048
16486, 16666, 127, 2, 0, 0.1, 2.06142e+06, 125.048
16487, 16664, 127, 2, 0, 0.1, 2.06154e+06, 125.048
16488, 24858, 127, 1, 0, 0.1, 2.06167e+06, 125.048
16489, 24842, 117, 2, 0, 0.1, 2.06179e+06, 125.048
16490, 30994, 127, 3, 0, 0.1, 2.06191e+06, 125.048
16491, 30725, 127, 3, 0, 0.1, 2.06204e+06, 125.048
16492, 28932, 137, 3, 1, 0.1, 2.06218e+06, 125.049
16493, 24581, 127, 3, 0, 0.1, 2.0623e+06, 125.049
16494, 24581, 127, 3, 0, 0.1, 2.06243e+06, 125.049
16495, 28677, 127, 3, 0, 0.1, 2.06256e+06, 125.049
16496, 28940, 127, 0, 0, 0.1, 2.06268e+06, 125.049
16497, 28938, 137, 0, 0, 0.1, 2.06282e+06, 125.05
16498, 31488, 127, 3, 0, 0.1, 2.06295e+06, 125.05
16499, 29189, 137, 3, 0, 0.1, 2.06309e+06, 125.051
16500, 25097, 127, 3, 0, 0.1, 2.06321e+06, 125.051
16501, 25097, 117, 1, 0, 0.1, 2.06333e+06, 125.05
16502, 29189, 127, 3, 0, 0.1, 2.06346e+06, 125.05
16503, 25097, 127, 1, 0, 0.1, 2.06358e+06, 125.051
16504, 29189, 127, 3, 1, 0.1, 2.06371e+06, 125.051
16505, 25097, 127, 1, 0, 0.1, 2.06384e+06, 125.051
16506, 29189, 127, 1, 0, 0.1, 2.06396e+06, 125.051
16507, 29440, 127, 2, 0, 0.1, 2.06409e+06, 125.051
16508, 28938, 127, 2, 1, 0.1, 2.06422e+06, 125.051
16509, 24844, 127, 1, 0, 0.1, 2.06435e+06, 125.051
16510, 16389, 127, 1, 0, 0.1, 2.06447e+06, 125.051
16511, 16389, 127, 3, 0, 0.1, 2.0646e+06, 125.051
16512, 16389, 127, 0, 0, 0.1, 2.06473e+06, 125.052
16513, 16389, 117, 3, 0, 0.1, 2.06484e+06, 125.051
16514, 24844, 127, 0, 0, 0.1, 2.06497e+06, 125.051
16515, 28938, 127, 0, 0, 0.1, 2.0651e+06, 125.051
16516, 29440, 127, 1, 0, 0.1, 2.06522e+06, 125.051
16517, 24580, 137, 2, 0, 0.1, 2.06536e+06, 125.052
16518, 24580, 117, 3, 0, 0.1, 2.06548e+06, 125.052
16519, 28928, 127, 2, 0, 0.1, 2.06561e+06, 125.052
16520, 24842, 127, 0, 0, 0.1, 2.06573e+06, 125.052
16521, 28928, 127, 0, 0, 0.1, 2.06586e+06, 125.052
16522, 28936, 127, 1, 0, 0.1, 2.06599e+06, 125.052
16523, 28672, 127, 1, 0, 0.1, 2.06611e+06, 125.052
16524, 24578, 127, 3, 0, 0.1, 2.06624e+06, 125.052
16525, 28672, 127, 0, 0, 0.1, 2.06637e+06, 125.053
16526, 30721, 127, 3, 0, 0.1, 2.0665e+06, 125.053
16527, 30976, 137, 2, 0, 0.1, 2.06663e+06, 125.053
16528, 28936, 127, 1, 1, 0.1, 2.06676e+06, 125.053
16529, 24576, 127, 3, 0, 0.1, 2.06689e+06, 125.054
16530, 28936, 127, 0, 0, 0.1, 2.06701e+06, 125.054
16531, 30976, 127, 1, 1, 0.1, 2.06714e+06, 125.054
16532, 30721, 127, 1, 0, 0.1, 2.06727e+06, 125.054
16533, 26627, 127, 1, 0, 0.1, 2.06739e+06, 125.054
16534, 26627, 117, 0, 0, 0.1, 2.06751e+06, 125.054
16535, 26627, 117, 1, 0, 0.1, 2.06763e+06, 125.053
16536, 26627, 117, 3, 0, 0.1, 2.06774e+06, 125.053
16537, 30721, 127, 1, 0, 0.1, 2.06787e+06, 125.053
16538, 26627, 127, 1, 0, 0.1, 2.068e+06, 125.053
16539, 26627, 117, 1, 0, 0.1, 2.06812e+06, 125.052
16540, 26627, 117, 1, 0, 0.1, 2.06823e+06, 125.052
16541, 26627, 117, 1, 0, 0.1, 2.06835e+06, 125.051
16542, 26627, 117, 1, 0, 0.1, 2.06847e+06, 125.051
16543, 26627, 117, 3, 0, 0.1, 2.06858e+06, 125.05
16544, 30721, 127, 1, 0, 0.1, 2.06871e+06, 125.051
16545, 26627, 127, 0, 1, 0.1, 2.06884e+06, 125.051
16546, 26627, 117, 1, 0, 0.1, 2.06896e+06, 125.05
16547, 26627, 117, 3, 0, 0.1, 2.06907e+06, 125.05
16548, 30721, 127, 3, 1, 0.1, 2.0692e+06, 125.05
16549, 30976, 127, 3, 0, 0.1, 2.06933e+06, 125.05
16550, 30725, 127, 1, 0, 0.1, 2.06945e+06, 125.05
16551, 30976, 127, 3, 0, 0.1, 2.06958e+06, 125.05
16552, 30725, 127, 3, 0, 0.1, 2.06971e+06, 125.05
16553, 28940, 137, 2, 0, 0.1, 2.06984e+06, 125.051
16554, 28940, 117, 0, 0, 0.1, 2.06996e+06, 125.051
16555, 28938, 137, 0, 0, 0.1, 2.0701e+06, 125.051
16556, 30723, 137, 1, 0, 0.1, 2.07024e+06, 125.052
16557, 30723, 117, 3, 0, 0.1, 2.07035e+06, 125.051
16558, 28677, 137, 3, 0, 0.1, 2.07049e+06, 125.052
16559, 29960, 127, 2, 0, 0.1, 2.07062e+06, 125.052
16560, 29962, 137, 2, 0, 0.1, 2.07075e+06, 125.053
16561, 29970, 127, 3, 1, 0.1, 2.07088e+06, 125.053
16562, 28677, 127, 1, 0, 0.1, 2.07101e+06, 125.053
16563, 29970, 127, 2, 0, 0.1, 2.07113e+06, 125.053
16564, 25882, 137, 2, 0, 0.1, 2.07127e+06, 125.054
16565, 32018, 127, 3, 0, 0.1, 2.0714e+06, 125.054
16566, 30725, 127, 1, 0, 0.1, 2.07152e+06, 125.054
16567, 32002, 77, 2, 0, 0.1, 2.0716e+06, 125.051
16568, 30472, 137, 2, 0, 0.1, 2.07174e+06, 125.052
16569, 29962, 127, 2, 0, 0.1, 2.07187e+06, 125.052
16570, 32002, 127, 3, 0, 0.1, 2.07199e+06, 125.052
16571, 30725, 127, 2, 0, 0.1, 2.07212e+06, 125.053
16572, 30725, 117, 3, 0, 0.1, 2.07224e+06, 125.052
16573, 30980, 127, 0, 1, 0.1, 2.07236e+06, 125.052
16574, 28938, 137, 2, 0, 0.1, 2.0725e+06, 125.053
16575, 30980, 127, 0, 0, 0.1, 2.07263e+06, 125.053
16576, 28938, 127, 2, 0, 0.1, 2.07276e+06, 125.053
16577, 30980, 127, 3, 0, 0.1, 2.07288e+06, 125.053
16578, 30725, 137, 3, 0, 0.1, 2.07302e+06, 125.054
16579, 30725, 137, 2, 0, 0.1, 2.07316e+06, 125.055
16580, 30725, 117, 1, 1, 0.1, 2.07327e+06, 125.054
16581, 26629, 127, 3, 1, 0.1, 2.0734e+06, 125.054
16582, 30725, 127, 1, 0, 0.1, 2.07353e+06, 125.054
16583, 26629, 127, 3, 0, 0.1, 2.07365e+06, 125.055
16584, 30725, 127, 3, 0, 0.1, 2.07378e+06, 125.055
16585, 30725, 127, 3, 0, 0.1, 2.07391e+06, 125.055
16586, 28940, 137, 0, 0, 0.1, 2.07404e+06, 125.055
16587, 28954, 137, 1, 1, 0.1, 2.07418e+06, 125.056
16588, 28954, 67, 3, 1, 0.1, 2.07425e+06, 125.053
16589, 29962, 117, 2, 0, 0.1, 2.07437e+06, 125.052
16590, 30472, 137, 1, 0, 0.1, 2.0745e+06, 125.053
16591, 29189, 127, 3, 0, 0.1, 2.07463e+06, 125.053
16592, 30472, 127, 1, 0, 0.1, 2.07476e+06, 125.053
16593, 29189, 127, 1, 0, 0.1, 2.07488e+06, 125.053
16594, 29954, 137, 3, 0, 0.1, 2.07502e+06, 125.054
16595, 28677, 127, 3, 0, 0.1, 2.07515e+06, 125.054
16596, 29960, 127, 1, 0, 0.1, 2.07528e+06, 125.054
16597, 28677, 127, 2, 1, 0.1, 2.0754e+06, 125.054
16598, 28677, 117, 1, 0, 0.1, 2.07552e+06, 125.054
16599, 29954, 127, 2, 0, 0.1, 2.07565e+06, 125.054
16600, 29962, 137, 2, 0, 0.1, 2.07578e+06, 125.055
16601, 29960, 137, 0, 1, 0.1, 2.07592e+06, 125.055
16602, 29962, 127, 2, 0, 0.1, 2.07605e+06, 125.056
16603, 29960, 127, 2, 0, 0.1, 2.07617e+06, 125.056
16604, 29962, 137, 0, 1, 0.1, 2.07631e+06, 125.056
16605, 29960, 127, 1, 0, 0.1, 2.07644e+06, 125.056
16606, 28677, 127, 3, 0, 0.1, 2.07656e+06, 125.057
16607, 29960, 127, 1, 0, 0.1, 2.07669e+06, 125.057
16608, 28677, 127, 3, 0, 0.1, 2.07682e+06, 125.057
16609, 29960, 127, 2, 0, 0.1, 2.07695e+06, 125.057
16610, 29962, 127, 3, 0, 0.1, 2.07707e+06, 125.057
16611, 29962, 117, 2, 0, 0.1, 2.07719e+06, 125.057
16612, 31492, 137, 1, 0, 0.1, 2.07733e+06, 125.057
16613, 31237, 137, 3, 0, 0.1, 2.07746e+06, 125.058
16614, 31492, 127, 2, 0, 0.1, 2.07759e+06, 125.058
16615, 31492, 117, 0, 0, 0.1, 2.07771e+06, 125.058
16616, 24842, 127, 2, 0, 0.1, 2.07784e+06, 125.058
16617, 31492, 127, 3, 0, 0.1, 2.07796e+06, 125.058
16618, 31237, 127, 2, 0, 0.1, 2.07809e+06, 125.058
16619, 31237, 117, 2, 1, 0.1, 2.07821e+06, 125.058
16620, 31237, 117, 0, 0, 0.1, 2.07832e+06, 125.057
16621, 31237, 117, 3, 0, 0.1, 2.07844e+06, 125.057
16622, 32512, 137, 2, 0, 0.1, 2.07858e+06, 125.057
16623, 29962, 127, 0, 0, 0.1, 2.0787e+06, 125.057
16624, 32512, 127, 2, 0, 0.1, 2.07883e+06, 125.058
16625, 29962, 127, 0, 0, 0.1, 2.07896e+06, 125.058
16626, 32512, 127, 0, 0, 0.1, 2.07908e+06, 125.058
16627, 29962, 127, 3, 1, 0.1, 2.07921e+06, 125.058
16628, 29962, 117, 3, 0, 0.1, 2.07933e+06, 125.057
16629, 29962, 117, 2, 0, 0.1, 2.07945e+06, 125.057
16630, 32512, 127, 2, 0, 0.1, 2.07957e+06, 125.057
16631, 29962, 127, 2, 0, 0.1, 2.0797e+06, 125.057
16632, 29962, 127, 2, 0, 0.1, 2.07983e+06, 125.057
16633, 28956, 137, 0, 0, 0.1, 2.07996e+06, 125.058
16634, 24858, 127, 3, 1, 0.1, 2.08009e+06, 125.058
16635, 24858, 117, 0, 0, 0.1, 2.08021e+06, 125.058
16636, 24842, 77, 2, 0, 0.1, 2.08028e+06, 125.055
16637, 29960, 137, 0, 0, 0.1, 2.08042e+06, 125.055
16638, 29962, 127, 0, 0, 0.1, 2.08055e+06, 125.056
16639, 29960, 127, 0, 0, 0.1, 2.08068e+06, 125.056
16640, 29962, 137, 3, 0, 0.1, 2.08081e+06, 125.056
16641, 29962, 117, 2, 0, 0.1, 2.08093e+06, 125.056
16642, 25864, 127, 2, 0, 0.1, 2.08106e+06, 125.056
16643, 25866, 127, 2, 0, 0.1, 2.08118e+06, 125.056
16644, 29960, 127, 2, 0, 0.1, 2.08131e+06, 125.056
16645, 29962, 127, 2, 0, 0.1, 2.08144e+06, 125.056
16646, 32002, 137, 3, 0, 0.1, 2.08158e+06, 125.057
16647, 26629, 127, 3, 0, 0.1, 2.0817e+06, 125.057
16648, 30980, 127, 0, 0, 0.1, 2.08183e+06, 125.057
16649, 28938, 127, 2, 0, 0.1, 2.08196e+06, 125.057
16650, 30980, 127, 0, 0, 0.1, 2.08208e+06, 125.058
16651, 28938, 127, 0, 0, 0.1, 2.08221e+06, 125.058
16652, 28938, 137, 2, 0, 0.1, 2.08235e+06, 125.058
16653, 28938, 127, 0, 0, 0.1, 2.08247e+06, 125.058
16654, 28938, 127, 2, 0, 0.1, 2.0826e+06, 125.059
16655, 28938, 127, 0, 0, 0.1, 2.08273e+06, 125.059
16656, 28938, 127, 0, 0, 0.1, 2.08286e+06, 125.059
16657, 28938, 137, 0, 0, 0.1, 2.08299e+06, 125.06
16658, 28938, 137, 2, 0, 0.1, 2.08313e+06, 125.06
16659, 28938, 127, 2, 0, 0.1, 2.08326e+06, 125.06
16660, 24842, 127, 0, 0, 0.1, 2.08338e+06, 125.061
16661, 28938, 127, 1, 0, 0.1, 2.08351e+06, 125.061
16662, 28938, 117, 3, 0, 0.1, 2.08363e+06, 125.06
16663, 28938, 117, 0, 0, 0.1, 2.08374e+06, 125.06
16664, 28938, 127, 0, 0, 0.1, 2.08387e+06, 125.06
16665, 28938, 137, 0, 1, 0.1, 2.08401e+06, 125.06
16666, 29185, 137, 1, 0, 0.1, 2.08414e+06, 125.061
16667, 28677, 137, 0, 0, 0.1, 2.08428e+06, 125.062
16668, 28677, 117, 1, 0, 0.1, 2.0844e+06, 125.061
16669, 29954, 127, 2, 0, 0.1, 2.08453e+06, 125.062
16670, 29962, 127, 2, 0, 0.1, 2.08465e+06, 125.062
16671, 25864, 127, 2, 0, 0.1, 2.08478e+06, 125.062
16672, 17674, 127, 2, 0, 0.1, 2.08491e+06, 125.062
16673, 17672, 127, 1, 1, 0.1, 2.08503e+06, 125.062
16674, 16389, 127, 1, 0, 0.1, 2.08516e+06, 125.062
16675, 25602, 127, 0, 0, 0.1, 2.08529e+06, 125.062
16676, 17418, 127, 0, 0, 0.1, 2.08542e+06, 125.062
16677, 25602, 127, 0, 0, 0.1, 2.08554e+06, 125.062
16678, 29706, 127, 1, 1, 0.1, 2.08567e+06, 125.063
16679, 29706, 117, 2, 0, 0.1, 2.08579e+06, 125.062
16680, 25602, 127, 3, 0, 0.1, 2.08591e+06, 125.062
16681, 16389, 127, 1, 0, 0.1, 2.08604e+06, 125.062
16682, 25602, 127, 3, 1, 0.1, 2.08617e+06, 125.062
16683, 16389, 127, 2, 0, 0.1, 2.08629e+06, 125.063
16684, 16389, 117, 3, 0, 0.1, 2.08641e+06, 125.062
16685, 25864, 127, 3, 1, 0.1, 2.08654e+06, 125.062
16686, 25864, 117, 2, 0, 0.1, 2.08666e+06, 125.062
16687, 17674, 127, 0, 0, 0.1, 2.08678e+06, 125.062
16688, 25864, 127, 1, 0, 0.1, 2.08691e+06, 125.062
16689, 16389, 127, 3, 0, 0.1, 2.08704e+06, 125.062
16690, 25864, 127, 1, 0, 0.1, 2.08716e+06, 125.062
16691, 16389, 127, 3, 0, 0.1, 2.08729e+06, 125.062
16692, 25864, 127, 0, 0, 0.1, 2.08742e+06, 125.062
16693, 29962, 127, 2, 0, 0.1, 2.08754e+06, 125.063
16694, 25864, 127, 0, 0, 0.1, 2.08767e+06, 125.063
16695, 29962, 127, 0, 0, 0.1, 2.0878e+06, 125.063
16696, 30082, 127, 1, 1, 0.1, 2.08792e+06, 125.063
16697, 30082, 117, 0, 1, 0.1, 2.08804e+06, 125.062
16698, 30026, 137, 3, 0, 0.1, 2.08818e+06, 125.063
16699, 29962, 67, 3, 0, 0.1, 2.08825e+06, 125.06
16700, 29962, 117, 0, 0, 0.1, 2.08836e+06, 125.059
16701, 30472, 127, 1, 0, 0.1, 2.08849e+06, 125.059
16702, 28677, 137, 3, 0, 0.1, 2.08863e+06, 125.06
16703, 29960, 127, 2, 0, 0.1, 2.08875e+06, 125.06
16704, 29962, 127, 2, 0, 0.1, 2.08888e+06, 125.06
16705, 30472, 137, 2, 0, 0.1, 2.08902e+06, 125.061
16706, 29962, 127, 3, 1, 0.1, 2.08914e+06, 125.061
16707, 29962, 117, 0, 0, 0.1, 2.08926e+06, 125.061
16708, 30472, 127, 1, 0, 0.1, 2.08939e+06, 125.061
16709, 29189, 127, 3, 0, 0.1, 2.08952e+06, 125.061
16710, 30472, 127, 1, 0, 0.1, 2.08964e+06, 125.061
16711, 29189, 127, 3, 0, 0.1, 2.08977e+06, 125.061
16712, 30472, 127, 0, 0, 0.1, 2.0899e+06, 125.061
16713, 29962, 127, 3, 1, 0.1, 2.09002e+06, 125.061
16714, 29962, 117, 2, 0, 0.1, 2.09014e+06, 125.061
16715, 30472, 127, 2, 0, 0.1, 2.09027e+06, 125.061
16716, 29962, 127, 0, 1, 0.1, 2.0904e+06, 125.061
16717, 30472, 127, 1, 0, 0.1, 2.09052e+06, 125.061
16718, 29189, 127, 3, 0, 0.1, 2.09065e+06, 125.061
16719, 30472, 127, 0, 0, 0.1, 2.09078e+06, 125.061
16720, 29962, 127, 2, 0, 0.1, 2.0909e+06, 125.061
16721, 30472, 127, 2, 0, 0.1, 2.09103e+06, 125.062
16722, 29962, 127, 2, 0, 0.1, 2.09116e+06, 125.062
16723, 27906, 137, 3, 0, 0.1, 2.09129e+06, 125.062
16724, 30725, 127, 1, 0, 0.1, 2.09142e+06, 125.063
16725, 28034, 127, 0, 0, 0.1, 2.09155e+06, 125.063
16726, 25866, 127, 3, 0, 0.1, 2.09168e+06, 125.063
16727, 25930, 117, 1, 0, 0.1, 2.09179e+06, 125.062
16728, 25866, 67, 2, 0, 0.1, 2.09186e+06, 125.059
16729, 17672, 137, 3, 0, 0.1, 2.092e+06, 125.06
16730, 17672, 117, 1, 0, 0.1, 2.09211e+06, 125.059
16731, 16389, 127, 3, 0, 0.1, 2.09224e+06, 125.059
16732, 17672, 127, 2, 0, 0.1, 2.09237e+06, 125.059
16733, 25866, 127, 2, 0, 0.1, 2.09249e+06, 125.059
16734, 32002, 127, 2, 0, 0.1, 2.09262e+06, 125.06
16735, 29962, 127, 2, 0, 0.1, 2.09275e+06, 125.06
16736, 32512, 137, 1, 0, 0.1, 2.09288e+06, 125.06
16737, 31237, 127, 1, 1, 0.1, 2.09301e+06, 125.06
16738, 31492, 137, 3, 0, 0.1, 2.09315e+06, 125.061
16739, 31237, 127, 3, 0, 0.1, 2.09328e+06, 125.061
16740, 32512, 127, 2, 0, 0.1, 2.0934e+06, 125.061
16741, 28938, 137, 3, 1, 0.1, 2.09354e+06, 125.062
16742, 28938, 117, 0, 0, 0.1, 2.09366e+06, 125.062
16743, 31488, 127, 2, 0, 0.1, 2.09378e+06, 125.062
16744, 28938, 127, 2, 0, 0.1, 2.09391e+06, 125.062
16745, 24842, 127, 0, 0, 0.1, 2.09404e+06, 125.062
16746, 28938, 127, 0, 0, 0.1, 2.09416e+06, 125.062
16747, 31488, 127, 1, 0, 0.1, 2.09429e+06, 125.062
16748, 31237, 127, 0, 0, 0.1, 2.09442e+06, 125.062
16749, 31237, 117, 1, 0, 0.1, 2.09454e+06, 125.062
16750, 31492, 127, 1, 0, 0.1, 2.09466e+06, 125.062
16751, 31237, 137, 0, 0, 0.1, 2.0948e+06, 125.063
16752, 31237, 117, 1, 0, 0.1, 2.09492e+06, 125.062
16753, 31747, 137, 2, 0, 0.1, 2.09505e+06, 125.063
16754, 29706, 127, 0, 1, 0.1, 2.09518e+06, 125.063
16755, 31747, 127, 1, 0, 0.1, 2.09531e+06, 125.063
16756, 31747, 117, 2, 0, 0.1, 2.09542e+06, 125.063
16757, 29706, 127, 2, 0, 0.1, 2.09555e+06, 125.063
16758, 31746, 137, 2, 0, 0.1, 2.09569e+06, 125.063
16759, 29196, 137, 0, 0, 0.1, 2.09583e+06, 125.064
16760, 30722, 127, 3, 0, 0.1, 2.09595e+06, 125.064
16761, 30725, 137, 1, 0, 0.1, 2.09609e+06, 125.065
16762, 30722, 127, 1, 0, 0.1, 2.09622e+06, 125.065
16763, 30722, 117, 1, 0, 0.1, 2.09633e+06, 125.065
16764, 30722, 117, 3, 0, 0.1, 2.09645e+06, 125.064
16765, 30725, 127, 3, 0, 0.1, 2.09658e+06, 125.064
16766, 28681, 137, 3, 0, 0.1, 2.09672e+06, 125.065
16767, 28681, 117, 1, 0, 0.1, 2.09683e+06, 125.065
16768, 28677, 127, 3, 0, 0.1, 2.09696e+06, 125.065
16769, 28681, 127, 3, 0, 0.1, 2.09709e+06, 125.065
16770, 28681, 117, 1, 1, 0.1, 2.0972e+06, 125.064
16771, 28677, 127, 1, 0, 0.1, 2.09733e+06, 125.064
16772, 24578, 127, 0, 0, 0.1, 2.09746e+06, 125.065
16773, 16394, 127, 0, 0, 0.1, 2.09758e+06, 125.065
16774, 2051, 127, 1, 0, 0.1, 2.09771e+06, 125.065
16775, 2051, 117, 2, 0, 0.1, 2.09783e+06, 125.064
16776, 16394, 127, 2, 0, 0.1, 2.09796e+06, 125.064
16777, 24578, 127, 2, 0, 0.1, 2.09808e+06, 125.064
16778, 29196, 127, 0, 0, 0.1, 2.09821e+06, 125.065
16779, 24578, 127, 3, 0, 0.1, 2.09834e+06, 125.065
16780, 28677, 127, 3, 0, 0.1, 2.09846e+06, 125.065
16781, 28681, 127, 1, 0, 0.1, 2.09859e+06, 125.065
16782, 28677, 127, 3, 0, 0.1, 2.09872e+06, 125.065
16783, 28681, 127, 3, 0, 0.1, 2.09884e+06, 125.065
16784, 28681, 117, 3, 1, 0.1, 2.09896e+06, 125.065
16785, 28681, 117, 2, 0, 0.1, 2.09908e+06, 125.064
16786, 32774, 137, 3, 0, 0.1, 2.09922e+06, 125.065
16787, 32773, 127, 3, 0, 0.1, 2.09934e+06, 125.065
16788, 49420, 127, 0, 0, 0.1, 2.09947e+06, 125.065
16789, 57610, 127, 1, 0, 0.1, 2.0996e+06, 125.065
16790, 57610, 117, 2, 0, 0.1, 2.09971e+06, 125.065
16791, 49420, 127, 2, 0, 0.1, 2.09984e+06, 125.065
16792, 49420, 117, 0, 1, 0.1, 2.09996e+06, 125.064
16793, 57610, 127, 1, 0, 0.1, 2.10008e+06, 125.065
16794, 57610, 117, 2, 0, 0.1, 2.1002e+06, 125.064
16795, 49420, 127, 1, 0, 0.1, 2.10033e+06, 125.064
16796, 32773, 127, 3, 0, 0.1, 2.10046e+06, 125.064
16797, 49420, 127, 1, 0, 0.1, 2.10058e+06, 125.064
16798, 32773, 127, 3, 0, 0.1, 2.10071e+06, 125.065
16799, 49420, 127, 3, 0, 0.1, 2.10084e+06, 125.065
16800, 49420, 117, 2, 0, 0.1, 2.10095e+06, 125.064
16801, 49420, 117, 0, 1, 0.1, 2.10107e+06, 125.064
16802, 57610, 127, 2, 0, 0.1, 2.1012e+06, 125.064
16803, 49420, 127, 0, 0, 0.1, 2.10132e+06, 125.064
16804, 57610, 127, 0, 0, 0.1, 2.10145e+06, 125.064
16805, 61706, 127, 0, 0, 0.1, 2.10158e+06, 125.064
16806, 63744, 127, 0, 0, 0.1, 2.10170e+06, 125.064
16807, 61706, 127, 0, 0, 0.1, 2.10183e+06, 125.064
16808, 63746, 127, 3, 1, 0.1, 2.10196e+06, 125.064
16809, 63493, 127, 1, 0, 0.1, 2.10209e+06, 125.065
16810, 63746, 127, 3, 0, 0.1, 2.10221e+06, 125.065
16811, 63493, 127, 3, 0, 0.1, 2.10234e+06, 125.065
16812, 63748, 137, 0, 1, 0.1, 2.10248e+06, 125.066
16813, 61706, 137, 1, 0, 0.1, 2.10261e+06, 125.066
16814, 61706, 117, 2, 0, 0.1, 2.10273e+06, 125.066
16815, 63748, 127, 3, 0, 0.1, 2.10286e+06, 125.066
16816, 57349, 137, 2, 0, 0.1, 2.103e+06, 125.067
16817, 57349, 117, 2, 0, 0.1, 2.10311e+06, 125.066
16818, 57349, 117, 2, 0, 0.1, 2.10323e+06, 125.066
16819, 57349, 117, 3, 0, 0.1, 2.10335e+06, 125.065
16820, 57349, 127, 3, 0, 0.1, 2.10347e+06, 125.065
16821, 61445, 127, 1, 0, 0.1, 2.1036e+06, 125.065
16822, 57349, 127, 2, 0, 0.1, 2.10373e+06, 125.066
16823, 57349, 117, 3, 0, 0.1, 2.10384e+06, 125.065
16824, 61445, 127, 0, 0, 0.1, 2.10397e+06, 125.065
16825, 61445, 117, 3, 0, 0.1, 2.10409e+06, 125.065
16826, 61724, 127, 2, 0, 0.1, 2.10422e+06, 125.065
16827, 61708, 117, 2, 0, 0.1, 2.10433e+06, 125.064
16828, 61708, 117, 2, 1, 0.1, 2.10445e+06, 125.064
16829, 61708, 117, 0, 0, 0.1, 2.10457e+06, 125.063
16830, 61706, 137, 0, 0, 0.1, 2.1047e+06, 125.064
16831, 63744, 137, 2, 0, 0.1, 2.10484e+06, 125.065
16832, 61706, 127, 0, 0, 0.1, 2.10497e+06, 125.065
16833, 63744, 127, 2, 1, 0.1, 2.10509e+06, 125.065
16834, 61706, 127, 0, 0, 0.1, 2.10522e+06, 125.065
16835, 63744, 127, 3, 0, 0.1, 2.10535e+06, 125.065
16836, 63493, 137, 3, 0, 0.1, 2.10548e+06, 125.066
16837, 62473, 137, 2, 0, 0.1, 2.10562e+06, 125.067
16838, 62474, 127, 0, 0, 0.1, 2.10575e+06, 125.067
16839, 62473, 127, 2, 0, 0.1, 2.10588e+06, 125.067
16840, 62474, 127, 3, 0, 0.1, 2.106e+06, 125.067
16841, 62474, 117, 0, 0, 0.1, 2.10612e+06, 125.067
16842, 62473, 127, 0, 0, 0.1, 2.10625e+06, 125.067
16843, 62473, 117, 3, 0, 0.1, 2.10636e+06, 125.066
16844, 62473, 117, 3, 1, 0.1, 2.10648e+06, 125.066
16845, 62473, 117, 1, 1, 0.1, 2.1066e+06, 125.065
16846, 57349, 127, 2, 0, 0.1, 2.10672e+06, 125.065
16847, 57349, 117, 3, 0, 0.1, 2.10684e+06, 125.065
16848, 62473, 127, 1, 0, 0.1, 2.10697e+06, 125.065
16849, 57349, 127, 0, 0, 0.1, 2.1071e+06, 125.065
16850, 57349, 117, 3, 0, 0.1, 2.10721e+06, 125.065
16851, 62473, 127, 1, 0, 0.1, 2.10734e+06, 125.065
16852, 57349, 127, 1, 0, 0.1, 2.10747e+06, 125.065
16853, 57600, 127, 2, 0, 0.1, 2.10759e+06, 125.065
16854, 49418, 127, 2, 0, 0.1, 2.10772e+06, 125.065
16855, 33036, 127, 2, 0, 0.1, 2.10785e+06, 125.065
16856, 33036, 117, 0, 0, 0.1, 2.10796e+06, 125.065
16857, 49418, 127, 2, 0, 0.1, 2.10809e+06, 125.065
16858, 33036, 127, 1, 0, 0.1, 2.10822e+06, 125.065
16859, 32773, 127, 3, 0, 0.1, 2.10835e+06, 125.065
16860, 33036, 127, 1, 0, 0.1, 2.10847e+06, 125.065
16861, 32773, 127, 0, 1, 0.1, 2.1086e+06, 125.065
16862, 32773, 117, 1, 1, 0.1, 2.10872e+06, 125.065
16863, 49157, 127, 3, 0, 0.1, 2.10884e+06, 125.065
16864, 32773, 127, 1, 0, 0.1, 2.10897e+06, 125.065
16865, 49157, 127, 3, 0, 0.1, 2.1091e+06, 125.065
16866, 32773, 127, 2, 0, 0.1, 2.10922e+06, 125.065
16867, 32773, 117, 2, 0, 0.1, 2.10934e+06, 125.065
16868, 32773, 117, 0, 0, 0.1, 2.10946e+06, 125.064
16869, 32773, 117, 2, 1, 0.1, 2.10958e+06, 125.064
16870, 32773, 117, 2, 0, 0.1, 2.10969e+06, 125.063
16871, 32773, 117, 3, 0, 0.1, 2.10981e+06, 125.063
16872, 33036, 127, 3, 0, 0.1, 2.10994e+06, 125.063
16873, 33036, 117, 1, 0, 0.1, 2.11005e+06, 125.062
16874, 32773, 127, 3, 1, 0.1, 2.11018e+06, 125.063
16875, 33036, 127, 0, 0, 0.1, 2.11031e+06, 125.063
16876, 49418, 127, 0, 0, 0.1, 2.11044e+06, 125.063
16877, 57600, 127, 0, 0, 0.1, 2.11056e+06, 125.063
16878, 61704, 127, 3, 1, 0.1, 2.11069e+06, 125.063
16879, 61704, 117, 2, 0, 0.1, 2.11081e+06, 125.063
16880, 57600, 127, 0, 0, 0.1, 2.11093e+06, 125.063
16881, 61704, 127, 0, 0, 0.1, 2.11106e+06, 125.063
16882, 63744, 127, 2, 0, 0.1, 2.11119e+06, 125.063
16883, 61704, 127, 2, 0, 0.1, 2.11131e+06, 125.063
16884, 57600, 127, 0, 0, 0.1, 2.11144e+06, 125.063
16885, 61704, 127, 0, 0, 0.1, 2.11157e+06, 125.063
16886, 30976, 127, 0, 0, 0.1, 2.1117e+06, 125.063
16887, 28938, 137, 1, 0, 0.1, 2.11183e+06, 125.064
16888, 28938, 117, 0, 1, 0.1, 2.11195e+06, 125.064
16889, 29193, 137, 1, 0, 0.1, 2.11209e+06, 125.064
16890, 29189, 137, 1, 0, 0.1, 2.11222e+06, 125.065
16891, 25093, 137, 0, 0, 0.1, 2.11236e+06, 125.066
16892, 25093, 117, 0, 0, 0.1, 2.11248e+06, 125.065
16893, 25093, 117, 1, 0, 0.1, 2.11259e+06, 125.065
16894, 29189, 127, 1, 0, 0.1, 2.11272e+06, 125.065
16895, 30209, 127, 1, 0, 0.1, 2.11285e+06, 125.065
16896, 28677, 137, 3, 0, 0.1, 2.11298e+06, 125.066
16897, 25601, 127, 3, 0, 0.1, 2.11311e+06, 125.066
16898, 16389, 127, 1, 0, 0.1, 2.11324e+06, 125.066
16899, 25601, 127, 0, 0, 0.1, 2.11337e+06, 125.066
16900, 25601, 117, 0, 1, 0.1, 2.11348e+06, 125.066
16901, 25601, 117, 2, 0, 0.1, 2.1136e+06, 125.065
16902, 29706, 127, 2, 0, 0.1, 2.11373e+06, 125.065
16903, 29706, 127, 2, 0, 0.1, 2.11385e+06, 125.065
16904, 29706, 137, 1, 0, 0.1, 2.11399e+06, 125.066
16905, 29706, 117, 3, 0, 0.1, 2.11411e+06, 125.066
16906, 29706, 117, 2, 0, 0.1, 2.11422e+06, 125.065
16907, 10, 137, 1, 0, 0.1, 2.11436e+06, 125.066
16908, 10, 117, 2, 0, 0.1, 2.11448e+06, 125.065
16909, 10, 127, 0, 0, 0.1, 2.11461e+06, 125.065
16910, 10, 127, 0, 0, 0.1, 2.11473e+06, 125.066
16911, 10, 127, 1, 0, 0.1, 2.11486e+06, 125.066
16912, 10, 117, 0, 0, 0.1, 2.11498e+06, 125.065
16913, 10, 127, 0, 0, 0.1, 2.1151e+06, 125.065
16914, 16394, 127, 2, 1, 0.1, 2.11523e+06, 125.065
16915, 10, 127, 0, 0, 0.1, 2.11536e+06, 125.066
16916, 16394, 127, 0, 0, 0.1, 2.11548e+06, 125.066
16917, 24609, 127, 0, 0, 0.1, 2.11561e+06, 125.066
16918, 24609, 117, 3, 0, 0.1, 2.11573e+06, 125.065
16919, 16421, 127, 0, 0, 0.1, 2.11586e+06, 125.065
16920, 16421, 67, 3, 0, 0.1, 2.11592e+06, 125.062
16921, 29962, 117, 1, 0, 0.1, 2.11604e+06, 125.061
16922, 29962, 117, 2, 0, 0.1, 2.11616e+06, 125.061
16923, 30472, 137, 0, 0, 0.1, 2.11629e+06, 125.062
16924, 29962, 127, 0, 0, 0.1, 2.11642e+06, 125.062
16925, 30472, 137, 1, 0, 0.1, 2.11656e+06, 125.063
16926, 28677, 137, 1, 0, 0.1, 2.1167e+06, 125.063
16927, 29954, 127, 2, 0, 0.1, 2.11682e+06, 125.063
16928, 29962, 127, 0, 0, 0.1, 2.11695e+06, 125.063
16929, 29954, 127, 3, 0, 0.1, 2.11708e+06, 125.064
16930, 28677, 127, 1, 0, 0.1, 2.1172e+06, 125.064
16931, 29954, 127, 0, 1, 0.1, 2.11733e+06, 125.064
16932, 29962, 137, 3, 0, 0.1, 2.11747e+06, 125.064
16933, 29962, 117, 2, 0, 0.1, 2.11758e+06, 125.064
16934, 29954, 127, 3, 0, 0.1, 2.11771e+06, 125.064
16935, 28677, 127, 1, 0, 0.1, 2.11784e+06, 125.064
16936, 29954, 127, 2, 0, 0.1, 2.11796e+06, 125.064
16937, 29962, 127, 0, 0, 0.1, 2.11809e+06, 125.064
16938, 29954, 127, 0, 0, 0.1, 2.11822e+06, 125.065
16939, 29962, 127, 2, 0, 0.1, 2.11835e+06, 125.065
16940, 29954, 127, 3, 0, 0.1, 2.11847e+06, 125.065
16941, 28677, 127, 1, 0, 0.1, 2.1186e+06, 125.065
16942, 29954, 127, 3, 0, 0.1, 2.11873e+06, 125.065
16943, 28677, 127, 1, 0, 0.1, 2.11885e+06, 125.065
16944, 29954, 127, 2, 0, 0.1, 2.11898e+06, 125.065
16945, 29962, 127, 2, 0, 0.1, 2.11911e+06, 125.065
16946, 32002, 137, 3, 0, 0.1, 2.11924e+06, 125.066
16947, 28677, 137, 3, 0, 0.1, 2.11938e+06, 125.067
16948, 29960, 127, 0, 0, 0.1, 2.11951e+06, 125.067
16949, 29962, 127, 2, 0, 0.1, 2.11964e+06, 125.067
16950, 29960, 127, 1, 0, 0.1, 2.11976e+06, 125.067
16951, 28677, 127, 3, 0, 0.1, 2.11989e+06, 125.067
16952, 29960, 127, 2, 0, 0.1, 2.12002e+06, 125.067
16953, 29978, 137, 0, 0, 0.1, 2.12015e+06, 125.068
16954, 29976, 127, 2, 0, 0.1, 2.12028e+06, 125.068
16955, 29978, 127, 1, 1, 0.1, 2.12041e+06, 125.068
16956, 29978, 117, 0, 0, 0.1, 2.12052e+06, 125.068
16957, 29960, 77, 0, 1, 0.1, 2.1206e+06, 125.065
16958, 30472, 127, 1, 0, 0.1, 2.12073e+06, 125.065
16959, 29189, 137, 1, 0, 0.1, 2.12087e+06, 125.066
16960, 29698, 137, 1, 0, 0.1, 2.121e+06, 125.067
16961, 29698, 117, 2, 0, 0.1, 2.12112e+06, 125.066
16962, 29706, 137, 2, 0, 0.1, 2.12126e+06, 125.067
16963, 31746, 127, 1, 0, 0.1, 2.12138e+06, 125.067
16964, 31746, 117, 3, 0, 0.1, 2.1215e+06, 125.066
16965, 28677, 137, 0, 0, 0.1, 2.12164e+06, 125.067
16966, 28677, 117, 3, 0, 0.1, 2.12176e+06, 125.067
16967, 29960, 127, 2, 0, 0.1, 2.12188e+06, 125.067
16968, 29962, 127, 0, 0, 0.1, 2.12201e+06, 125.067
16969, 29960, 127, 1, 0, 0.1, 2.12214e+06, 125.067
16970, 28677, 127, 1, 0, 0.1, 2.12226e+06, 125.067
16971, 29698, 127, 2, 0, 0.1, 2.12239e+06, 125.067
16972, 29706, 137, 2, 0, 0.1, 2.12253e+06, 125.068
16973, 30216, 127, 1, 0, 0.1, 2.12265e+06, 125.068
16974, 28677, 137, 2, 1, 0.1, 2.12279e+06, 125.069
16975, 28677, 117, 1, 0, 0.1, 2.12291e+06, 125.068
16976, 24582, 127, 0, 0, 0.1, 2.12304e+06, 125.068
16977, 16394, 127, 2, 0, 0.1, 2.12316e+06, 125.068
16978, 24582, 127, 0, 1, 0.1, 2.12329e+06, 125.069
16979, 16394, 127, 2, 0, 0.1, 2.12342e+06, 125.069
16980, 24582, 127, 0, 0, 0.1, 2.12354e+06, 125.069
16981, 16394, 127, 2, 0, 0.1, 2.12367e+06, 125.069
16982, 24582, 127, 1, 1, 0.1, 2.1238e+06, 125.069
16983, 24582, 117, 0, 0, 0.1, 2.12391e+06, 125.069
16984, 16394, 127, 0, 0, 0.1, 2.12404e+06, 125.069
16985, 24585, 127, 0, 0, 0.1, 2.12417e+06, 125.069
16986, 24585, 117, 1, 0, 0.1, 2.12428e+06, 125.068
16987, 28677, 127, 0, 0, 0.1, 2.12441e+06, 125.068
16988, 28677, 117, 3, 0, 0.1, 2.12453e+06, 125.068
16989, 24585, 127, 2, 0, 0.1, 2.12466e+06, 125.068
16990, 16394, 127, 2, 0, 0.1, 2.12478e+06, 125.068
16991, 24582, 127, 3, 0, 0.1, 2.12491e+06, 125.068
16992, 28677, 127, 1, 0, 0.1, 2.12504e+06, 125.068
16993, 24582, 127, 0, 0, 0.1, 2.12516e+06, 125.069
16994, 16394, 127, 0, 0, 0.1, 2.12529e+06, 125.069
16995, 24585, 127, 0, 0, 0.1, 2.12542e+06, 125.069
16996, 24585, 117, 3, 1, 0.1, 2.12554e+06, 125.068
16997, 24585, 117, 1, 0, 0.1, 2.12565e+06, 125.068
16998, 28677, 127, 2, 1, 0.1, 2.12578e+06, 125.068
16999, 28677, 117, 2, 1, 0.1, 2.1259e+06, 125.067
17000, 28677, 117, 1, 0, 0.1, 2.12601e+06, 125.067
17001, 29954, 127, 2, 0, 0.1, 2.12614e+06, 125.067
17002, 29962, 137, 0, 0, 0.1, 2.12628e+06, 125.068
17003, 29954, 127, 0, 0, 0.1, 2.1264e+06, 125.068
17004, 25866, 137, 3, 0, 0.1, 2.12654e+06, 125.069
17005, 25866, 117, 0, 0, 0.1, 2.12666e+06, 125.068
17006, 25858, 127, 2, 0, 0.1, 2.12678e+06, 125.068
17007, 25866, 127, 2, 0, 0.1, 2.12691e+06, 125.068
17008, 29954, 127, 2, 0, 0.1, 2.12704e+06, 125.068
17009, 29962, 127, 2, 0, 0.1, 2.12717e+06, 125.069
17010, 1290, 137, 3, 0, 0.1, 2.1273e+06, 125.069
17011, 1290, 117, 0, 0, 0.1, 2.12742e+06, 125.069
17012, 1290, 127, 0, 0, 0.1, 2.12755e+06, 125.069
17013, 1282, 127, 2, 0, 0.1, 2.12767e+06, 125.069
17014, 1290, 127, 0, 0, 0.1, 2.1278e+06, 125.069
17015, 1282, 127, 3, 0, 0.1, 2.12793e+06, 125.069
17016, 5, 127, 0, 0, 0.1, 2.12806e+06, 125.069
17017, 5, 117, 3, 0, 0.1, 2.12817e+06, 125.069
17018, 9, 127, 0, 0, 0.1, 2.1283e+06, 125.069
17019, 9, 117, 3, 0, 0.1, 2.12842e+06, 125.069
17020, 9, 117, 2, 0, 0.1, 2.12853e+06, 125.068
17021, 16394, 127, 1, 0, 0.1, 2.12866e+06, 125.068
17022, 16394, 117, 2, 0, 0.1, 2.12878e+06, 125.068
17023, 24582, 127, 1, 0, 0.1, 2.1289e+06, 125.068
17024, 24582, 117, 3, 0, 0.1, 2.12902e+06, 125.067
17025, 28677, 127, 3, 0, 0.1, 2.12915e+06, 125.067
17026, 29704, 127, 2, 0, 0.1, 2.12928e+06, 125.068
17027, 28682, 137, 0, 0, 0.1, 2.12941e+06, 125.068
17028, 24584, 127, 2, 0, 0.1, 2.12954e+06, 125.068
17029, 28682, 127, 1, 0, 0.1, 2.12967e+06, 125.068
17030, 28682, 117, 2, 0, 0.1, 2.12978e+06, 125.068
17031, 31364, 127, 1, 0, 0.1, 2.12991e+06, 125.068
17032, 31237, 127, 2, 0, 0.1, 2.13004e+06, 125.068
17033, 31237, 117, 0, 0, 0.1, 2.13015e+06, 125.068
17034, 31237, 117, 3, 1, 0.1, 2.13027e+06, 125.067
17035, 31236, 127, 1, 0, 0.1, 2.1304e+06, 125.067
17036, 31237, 127, 1, 0, 0.1, 2.13052e+06, 125.068
17037, 31747, 137, 3, 0, 0.1, 2.13066e+06, 125.068
17038, 30725, 127, 2, 0, 0.1, 2.13079e+06, 125.068
17039, 30725, 117, 3, 0, 0.1, 2.13091e+06, 125.068
17040, 30724, 127, 3, 0, 0.1, 2.13103e+06, 125.068
17041, 30725, 137, 3, 0, 0.1, 2.13117e+06, 125.069
17042, 32128, 137, 3, 0, 0.1, 2.13131e+06, 125.069
17043, 30725, 127, 3, 0, 0.1, 2.13143e+06, 125.069
17044, 24709, 137, 0, 0, 0.1, 2.13157e+06, 125.07
17045, 24581, 117, 1, 0, 0.1, 2.13169e+06, 125.07
17046, 24581, 127, 3, 0, 0.1, 2.13182e+06, 125.07
17047, 24581, 127, 3, 0, 0.1, 2.13194e+06, 125.07
17048, 28677, 127, 2, 1, 0.1, 2.13207e+06, 125.07
17049, 28677, 117, 3, 0, 0.1, 2.13219e+06, 125.07
17050, 29825, 127, 0, 1, 0.1, 2.13231e+06, 125.07
17051, 29825, 117, 2, 0, 0.1, 2.13243e+06, 125.069
17052, 29706, 137, 2, 0, 0.1, 2.13257e+06, 125.07
17053, 29706, 127, 2, 0, 0.1, 2.13269e+06, 125.07
17054, 29706, 137, 2, 0, 0.1, 2.13283e+06, 125.071
17055, 29706, 137, 2, 0, 0.1, 2.13297e+06, 125.071
17056, 29706, 137, 2, 0, 0.1, 2.13310e+06, 125.072
17057, 29706, 137, 2, 0, 0.1, 2.13324e+06, 125.073
17058, 24586, 137, 0, 0, 0.1, 2.13338e+06, 125.074
17059, 16394, 127, 2, 0, 0.1, 2.13351e+06, 125.074
17060, 24586, 127, 0, 0, 0.1, 2.13363e+06, 125.074
17061, 16394, 127, 2, 0, 0.1, 2.13376e+06, 125.074
17062, 24586, 127, 0, 0, 0.1, 2.13389e+06, 125.074
17063, 16394, 127, 0, 0, 0.1, 2.13401e+06, 125.074
17064, 10, 127, 2, 0, 0.1, 2.13414e+06, 125.074
17065, 16394, 127, 2, 0, 0.1, 2.13427e+06, 125.074
17066, 24586, 127, 0, 1, 0.1, 2.1344e+06, 125.074
17067, 16394, 127, 0, 0, 0.1, 2.13452e+06, 125.075
17068, 10, 127, 1, 0, 0.1, 2.13465e+06, 125.075
17069, 10, 117, 2, 0, 0.1, 2.13477e+06, 125.074
17070, 16394, 127, 2, 0, 0.1, 2.13489e+06, 125.074
17071, 24586, 127, 2, 0, 0.1, 2.13502e+06, 125.074
17072, 28682, 127, 2, 0, 0.1, 2.13515e+06, 125.075
17073, 31236, 127, 0, 1, 0.1, 2.13527e+06, 125.075
17074, 28682, 127, 3, 1, 0.1, 2.1354e+06, 125.075
17075, 28682, 117, 0, 0, 0.1, 2.13552e+06, 125.074
17076, 24586, 127, 2, 0, 0.1, 2.13564e+06, 125.074
17077, 28682, 127, 0, 0, 0.1, 2.13577e+06, 125.074
17078, 24586, 127, 2, 0, 0.1, 2.1359e+06, 125.075
17079, 28682, 127, 1, 1, 0.1, 2.13603e+06, 125.075
17080, 28682, 117, 0, 0, 0.1, 2.13614e+06, 125.074
17081, 24586, 127, 0, 0, 0.1, 2.13627e+06, 125.074
17082, 16394, 127, 0, 0, 0.1, 2.1364e+06, 125.074
17083, 10, 127, 3, 0, 0.1, 2.13652e+06, 125.075
17084, 10, 117, 0, 1, 0.1, 2.13664e+06, 125.074
17085, 10, 127, 1, 0, 0.1, 2.13677e+06, 125.074
17086, 10, 117, 2, 0, 0.1, 2.13688e+06, 125.074
17087, 10, 127, 2, 0, 0.1, 2.13701e+06, 125.074
17088, 16394, 127, 0, 0, 0.1, 2.13714e+06, 125.074
17089, 10, 127, 2, 0, 0.1, 2.13727e+06, 125.074
17090, 16394, 127, 2, 0, 0.1, 2.13739e+06, 125.074
17091, 24586, 127, 2, 0, 0.1, 2.13752e+06, 125.074
17092, 28682, 127, 0, 0, 0.1, 2.13765e+06, 125.074
17093, 24586, 127, 2, 0, 0.1, 2.13777e+06, 125.075
17094, 28682, 127, 2, 0, 0.1, 2.1379e+06, 125.075
17095, 31236, 127, 0, 0, 0.1, 2.13803e+06, 125.075
17096, 28682, 127, 2, 0, 0.1, 2.13816e+06, 125.075
17097, 31236, 127, 0, 0, 0.1, 2.13828e+06, 125.075
17098, 28682, 127, 2, 0, 0.1, 2.13841e+06, 125.075
17099, 31236, 127, 0, 0, 0.1, 2.13854e+06, 125.075
17100, 28682, 127, 0, 0, 0.1, 2.13866e+06, 125.075
17101, 24586, 127, 2, 0, 0.1, 2.13879e+06, 125.075
17102, 28682, 127, 2, 0, 0.1, 2.13892e+06, 125.076
17103, 31236, 127, 2, 0, 0.1, 2.13904e+06, 125.076
17104, 31236, 117, 3, 0, 0.1, 2.13916e+06, 125.075
17105, 31237, 127, 3, 0, 0.1, 2.13929e+06, 125.075
17106, 27141, 127, 3, 0, 0.1, 2.13942e+06, 125.075
17107, 27269, 127, 1, 0, 0.1, 2.13954e+06, 125.076
17108, 27269, 127, 3, 0, 0.1, 2.13967e+06, 125.076
17109, 27173, 77, 2, 0, 0.1, 2.13975e+06, 125.073
17110, 30472, 127, 2, 1, 0.1, 2.13987e+06, 125.073
17111, 29962, 127, 0, 0, 0.1, 2.14e+06, 125.073
17112, 30472, 127, 3, 1, 0.1, 2.14013e+06, 125.073
17113, 30472, 117, 3, 1, 0.1, 2.14024e+06, 125.073
17114, 30472, 117, 3, 1, 0.1, 2.14036e+06, 125.072
17115, 30472, 117, 1, 0, 0.1, 2.14048e+06, 125.072
17116, 16389, 137, 1, 0, 0.1, 2.14062e+06, 125.072
17117, 25858, 127, 1, 1, 0.1, 2.14074e+06, 125.073
17118, 25858, 117, 2, 0, 0.1, 2.14086e+06, 125.072
17119, 29962, 127, 0, 0, 0.1, 2.14099e+06, 125.072
17120, 25858, 127, 2, 0, 0.1, 2.14111e+06, 125.072
17121, 29962, 127, 3, 0, 0.1, 2.14124e+06, 125.072
17122, 29962, 117, 2, 1, 0.1, 2.14136e+06, 125.072
17123, 30472, 127, 2, 0, 0.1, 2.14148e+06, 125.072
17124, 29962, 137, 2, 0, 0.1, 2.14162e+06, 125.073
17125, 31492, 137, 0, 0, 0.1, 2.14176e+06, 125.073
17126, 28938, 127, 1, 1, 0.1, 2.14188e+06, 125.074
17127, 28938, 117, 0, 0, 0.1, 2.142e+06, 125.073
17128, 29448, 127, 0, 0, 0.1, 2.14213e+06, 125.073
17129, 24842, 127, 0, 0, 0.1, 2.14226e+06, 125.073
17130, 24834, 127, 0, 0, 0.1, 2.14238e+06, 125.073
17131, 28938, 127, 0, 0, 0.1, 2.14251e+06, 125.074
17132, 30978, 127, 2, 1, 0.1, 2.14264e+06, 125.074
17133, 28938, 127, 2, 0, 0.1, 2.14276e+06, 125.074
17134, 24834, 127, 3, 0, 0.1, 2.14289e+06, 125.074
17135, 16389, 127, 3, 0, 0.1, 2.14302e+06, 125.074
17136, 25864, 127, 0, 0, 0.1, 2.14314e+06, 125.074
17137, 29962, 127, 0, 0, 0.1, 2.14327e+06, 125.074
17138, 30472, 127, 1, 0, 0.1, 2.1434e+06, 125.074
17139, 28677, 137, 1, 0, 0.1, 2.14354e+06, 125.075
17140, 28930, 127, 3, 0, 0.1, 2.14366e+06, 125.075
17141, 28677, 127, 1, 0, 0.1, 2.14379e+06, 125.075
17142, 28930, 127, 0, 1, 0.1, 2.14392e+06, 125.075
17143, 28682, 137, 2, 0, 0.1, 2.14405e+06, 125.076
17144, 24578, 127, 3, 0, 0.1, 2.14418e+06, 125.076
17145, 16389, 127, 1, 0, 0.1, 2.14431e+06, 125.076
17146, 24578, 127, 3, 0, 0.1, 2.14444e+06, 125.076
17147, 16389, 127, 3, 0, 0.1, 2.14456e+06, 125.077
17148, 17672, 127, 2, 0, 0.1, 2.14469e+06, 125.077
17149, 17690, 127, 2, 0, 0.1, 2.14482e+06, 125.077
17150, 25880, 127, 0, 0, 0.1, 2.14494e+06, 125.077
17151, 17690, 127, 2, 0, 0.1, 2.14507e+06, 125.077
17152, 25880, 127, 3, 0, 0.1, 2.1452e+06, 125.077
17153, 25864, 67, 3, 0, 0.1, 2.14526e+06, 125.074
17154, 29962, 117, 0, 0, 0.1, 2.14538e+06, 125.073
17155, 30472, 137, 1, 0, 0.1, 2.14552e+06, 125.074
17156, 29189, 127, 3, 0, 0.1, 2.14564e+06, 125.074
17157, 30472, 127, 1, 0, 0.1, 2.14577e+06, 125.074
17158, 29189, 127, 2, 0, 0.1, 2.1459e+06, 125.074
17159, 29189, 117, 1, 0, 0.1, 2.14602e+06, 125.074
17160, 29954, 137, 2, 0, 0.1, 2.14615e+06, 125.074
17161, 29962, 127, 0, 0, 0.1, 2.14628e+06, 125.075
17162, 29954, 127, 0, 0, 0.1, 2.14641e+06, 125.075
17163, 29962, 127, 0, 0, 0.1, 2.14653e+06, 125.075
17164, 30472, 127, 1, 0, 0.1, 2.14666e+06, 125.075
17165, 28677, 137, 1, 0, 0.1, 2.1468e+06, 125.076
17166, 29699, 127, 1, 1, 0.1, 2.14692e+06, 125.076
17167, 29699, 117, 2, 0, 0.1, 2.14704e+06, 125.075
17168, 24586, 137, 3, 0, 0.1, 2.14718e+06, 125.076
17169, 24586, 117, 2, 0, 0.1, 2.1473e+06, 125.075
17170, 29196, 127, 1, 0, 0.1, 2.14742e+06, 125.076
17171, 29189, 127, 1, 0, 0.1, 2.14755e+06, 125.076
17172, 29954, 137, 3, 0, 0.1, 2.14769e+06, 125.076
17173, 28677, 127, 1, 0, 0.1, 2.14781e+06, 125.077
17174, 29954, 127, 0, 0, 0.1, 2.14794e+06, 125.077
17175, 29962, 127, 2, 0, 0.1, 2.14807e+06, 125.077
17176, 29954, 127, 2, 0, 0.1, 2.1482e+06, 125.077
17177, 29962, 137, 2, 0, 0.1, 2.14833e+06, 125.078
17178, 29954, 137, 2, 0, 0.1, 2.14847e+06, 125.078
17179, 29962, 137, 0, 0, 0.1, 2.14861e+06, 125.079
17180, 29954, 127, 2, 0, 0.1, 2.14873e+06, 125.079
17181, 29962, 127, 1, 0, 0.1, 2.14886e+06, 125.079
17182, 29962, 117, 2, 0, 0.1, 2.14898e+06, 125.079
17183, 29962, 137, 3, 1, 0.1, 2.14911e+06, 125.079
17184, 29962, 117, 2, 0, 0.1, 2.14923e+06, 125.079
17185, 29962, 137, 1, 0, 0.1, 2.14937e+06, 125.08
17186, 29962, 117, 0, 0, 0.1, 2.14948e+06, 125.079
17187, 25866, 127, 0, 0, 0.1, 2.14961e+06, 125.079
17188, 17674, 127, 2, 0, 0.1, 2.14974e+06, 125.079
17189, 25866, 127, 2, 0, 0.1, 2.14987e+06, 125.079
17190, 29962, 127, 2, 0, 0.1, 2.14999e+06, 125.08
17191, 29962, 127, 2, 0, 0.1, 2.15012e+06, 125.08
17192, 29962, 137, 0, 0, 0.1, 2.15026e+06, 125.08
17193, 29962, 127, 2, 0, 0.1, 2.15038e+06, 125.081
17194, 29962, 127, 3, 1, 0.1, 2.15051e+06, 125.081
17195, 29962, 117, 2, 0, 0.1, 2.15063e+06, 125.08
17196, 28938, 137, 0, 0, 0.1, 2.15076e+06, 125.081
17197, 24842, 127, 2, 0, 0.1, 2.15089e+06, 125.081
17198, 28938, 127, 0, 0, 0.1, 2.15102e+06, 125.081
17199, 24842, 127, 2, 0, 0.1, 2.15115e+06, 125.081
17200, 28938, 127, 2, 0, 0.1, 2.15127e+06, 125.081
17201, 30982, 127, 0, 0, 0.1, 2.1514e+06, 125.081
17202, 28938, 127, 2, 0, 0.1, 2.15153e+06, 125.082
17203, 30982, 127, 0, 0, 0.1, 2.15165e+06, 125.082
17204, 28938, 127, 2, 0, 0.1, 2.15178e+06, 125.082
17205, 30982, 127, 0, 0, 0.1, 2.15191e+06, 125.082
17206, 28938, 127, 2, 0, 0.1, 2.15204e+06, 125.082
17207, 30982, 127, 0, 0, 0.1, 2.15216e+06, 125.082
17208, 28938, 127, 2, 0, 0.1, 2.15229e+06, 125.082
17209, 30982, 127, 0, 0, 0.1, 2.15242e+06, 125.082
17210, 28938, 127, 2, 0, 0.1, 2.15254e+06, 125.082
17211, 30982, 127, 2, 1, 0.1, 2.15267e+06, 125.083
17212, 30982, 117, 0, 0, 0.1, 2.15279e+06, 125.082
17213, 28938, 127, 1, 1, 0.1, 2.15291e+06, 125.082
17214, 28938, 117, 0, 0, 0.1, 2.15303e+06, 125.082
17215, 24842, 127, 2, 0, 0.1, 2.15316e+06, 125.082
17216, 28938, 127, 0, 0, 0.1, 2.15328e+06, 125.082
17217, 24842, 127, 0, 0, 0.1, 2.15341e+06, 125.082
17218, 16650, 127, 0, 0, 0.1, 2.15354e+06, 125.082
17219, 266, 127, 0, 0, 0.1, 2.15367e+06, 125.082
17220, 266, 127, 0, 0, 0.1, 2.15379e+06, 125.082
17221, 16650, 127, 0, 0, 0.1, 2.15392e+06, 125.082
17222, 24834, 127, 0, 0, 0.1, 2.15405e+06, 125.083
17223, 24842, 127, 0, 0, 0.1, 2.15417e+06, 125.083
17224, 28930, 127, 0, 0, 0.1, 2.1543e+06, 125.083
17225, 28938, 127, 0, 0, 0.1, 2.15443e+06, 125.083
17226, 28938, 137, 0, 1, 0.1, 2.15456e+06, 125.084
17227, 28938, 127, 0, 0, 0.1, 2.15469e+06, 125.084
17228, 28938, 137, 0, 0, 0.1, 2.15483e+06, 125.084
17229, 28938, 137, 0, 0, 0.1, 2.15497e+06, 125.085
17230, 28938, 137, 2, 0, 0.1, 2.1551e+06, 125.086
17231, 28938, 127, 2, 0, 0.1, 2.15523e+06, 125.086
17232, 24842, 127, 2, 0, 0.1, 2.15536e+06, 125.086
17233, 16650, 127, 2, 1, 0.1, 2.15548e+06, 125.086
17234, 266, 127, 3, 0, 0.1, 2.15561e+06, 125.086
17235, 266, 117, 0, 0, 0.1, 2.15573e+06, 125.086
17236, 16650, 127, 2, 0, 0.1, 2.15586e+06, 125.086
17237, 266, 127, 2, 0, 0.1, 2.15598e+06, 125.086
17238, 266, 127, 3, 0, 0.1, 2.15611e+06, 125.086
17239, 266, 117, 2, 0, 0.1, 2.15623e+06, 125.086
17240, 258, 127, 2, 0, 0.1, 2.15635e+06, 125.086
17241, 16650, 127, 2, 0, 0.1, 2.15648e+06, 125.086
17242, 24834, 127, 1, 1, 0.1, 2.15661e+06, 125.086
17243, 24834, 117, 0, 0, 0.1, 2.15672e+06, 125.085
17244, 16650, 127, 0, 0, 0.1, 2.15685e+06, 125.086
17245, 258, 127, 2, 0, 0.1, 2.15698e+06, 125.086
17246, 16650, 127, 2, 1, 0.1, 2.15710e+06, 125.086
17247, 24834, 127, 3, 1, 0.1, 2.15723e+06, 125.086
17248, 28677, 127, 1, 0, 0.1, 2.15736e+06, 125.086
17249, 24834, 127, 2, 1, 0.1, 2.15749e+06, 125.086
17250, 16650, 127, 1, 1, 0.1, 2.15761e+06, 125.086
17251, 16650, 117, 3, 1, 0.1, 2.15773e+06, 125.086
17252, 16650, 117, 2, 0, 0.1, 2.15785e+06, 125.085
17253, 266, 127, 0, 0, 0.1, 2.15797e+06, 125.085
17254, 16650, 127, 0, 0, 0.1, 2.1581e+06, 125.086
17255, 24834, 127, 3, 0, 0.1, 2.15823e+06, 125.086
17256, 28677, 127, 1, 0, 0.1, 2.15836e+06, 125.086
17257, 24834, 127, 3, 0, 0.1, 2.15848e+06, 125.086
17258, 28677, 127, 1, 0, 0.1, 2.15861e+06, 125.086
17259, 24834, 127, 3, 0, 0.1, 2.15874e+06, 125.086
17260, 28677, 127, 1, 0, 0.1, 2.15886e+06, 125.086
17261, 24834, 127, 3, 0, 0.1, 2.15899e+06, 125.086
17262, 28677, 127, 0, 1, 0.1, 2.15912e+06, 125.086
17263, 28677, 117, 3, 1, 0.1, 2.15923e+06, 125.086
17264, 29705, 127, 3, 0, 0.1, 2.15936e+06, 125.086
17265, 29705, 117, 0, 0, 0.1, 2.15948e+06, 125.086
17266, 29705, 117, 1, 0, 0.1, 2.1596e+06, 125.085
17267, 28677, 127, 3, 0, 0.1, 2.15972e+06, 125.085
17268, 29705, 127, 1, 0, 0.1, 2.15985e+06, 125.085
17269, 28677, 127, 3, 0, 0.1, 2.15998e+06, 125.085
17270, 29705, 127, 0, 0, 0.1, 2.1601e+06, 125.086
17271, 29705, 117, 2, 0, 0.1, 2.16022e+06, 125.085
17272, 29706, 137, 2, 0, 0.1, 2.16036e+06, 125.086
17273, 24582, 137, 1, 0, 0.1, 2.16049e+06, 125.086
17274, 24582, 117, 3, 0, 0.1, 2.16061e+06, 125.086
17275, 28677, 127, 3, 1, 0.1, 2.16074e+06, 125.086
17276, 29960, 127, 2, 0, 0.1, 2.16086e+06, 125.086
17277, 28938, 137, 0, 0, 0.1, 2.161e+06, 125.087
17278, 28936, 127, 3, 0, 0.1, 2.16113e+06, 125.087
17279, 28952, 117, 0, 0, 0.1, 2.16125e+06, 125.087
17280, 28954, 127, 2, 0, 0.1, 2.16137e+06, 125.087
17281, 28952, 127, 0, 0, 0.1, 2.1615e+06, 125.087
17282, 28954, 127, 0, 0, 0.1, 2.16163e+06, 125.087
17283, 30994, 137, 0, 0, 0.1, 2.16176e+06, 125.088
17284, 28938, 77, 0, 0, 0.1, 2.16184e+06, 125.085
17285, 30472, 127, 0, 0, 0.1, 2.16197e+06, 125.085
17286, 29962, 137, 2, 0, 0.1, 2.16210e+06, 125.086
17287, 30472, 127, 2, 0, 0.1, 2.16223e+06, 125.086
17288, 29962, 127, 2, 1, 0.1, 2.16236e+06, 125.086
17289, 30472, 127, 1, 0, 0.1, 2.16249e+06, 125.086
17290, 16389, 137, 1, 0, 0.1, 2.16262e+06, 125.087
17291, 25858, 127, 2, 0, 0.1, 2.16275e+06, 125.087
17292, 29962, 127, 2, 0, 0.1, 2.16288e+06, 125.087
17293, 30472, 127, 1, 0, 0.1, 2.163e+06, 125.087
17294, 29189, 137, 3, 1, 0.1, 2.16314e+06, 125.088
17295, 30472, 127, 2, 0, 0.1, 2.16327e+06, 125.088
17296, 28938, 137, 1, 0, 0.1, 2.16340e+06, 125.088
17297, 28938, 117, 2, 0, 0.1, 2.16352e+06, 125.088
17298, 31492, 127, 3, 1, 0.1, 2.16365e+06, 125.088
17299, 31237, 127, 3, 0, 0.1, 2.16378e+06, 125.088
17300, 31488, 127, 1, 1, 0.1, 2.1639e+06, 125.088
17301, 31237, 127, 3, 0, 0.1, 2.16403e+06, 125.088
17302, 31488, 127, 2, 0, 0.1, 2.16416e+06, 125.089
17303, 28938, 127, 3, 0, 0.1, 2.16428e+06, 125.089
17304, 28938, 117, 0, 0, 0.1, 2.1644e+06, 125.088
17305, 31488, 127, 2, 0, 0.1, 2.16453e+06, 125.088
17306, 28938, 127, 2, 0, 0.1, 2.16466e+06, 125.088
17307, 24842, 127, 2, 0, 0.1, 2.16478e+06, 125.089
17308, 28940, 127, 0, 0, 0.1, 2.16491e+06, 125.089
17309, 24842, 127, 0, 0, 0.1, 2.16504e+06, 125.089
17310, 28938, 127, 0, 0, 0.1, 2.16516e+06, 125.089
17311, 31488, 127, 0, 0, 0.1, 2.16529e+06, 125.089
17312, 24842, 137, 3, 0, 0.1, 2.16543e+06, 125.09
17313, 24842, 117, 0, 0, 0.1, 2.16554e+06, 125.089
17314, 30978, 127, 3, 0, 0.1, 2.16567e+06, 125.089
17315, 30725, 127, 0, 1, 0.1, 2.1658e+06, 125.089
17316, 30725, 117, 3, 0, 0.1, 2.16592e+06, 125.089
17317, 30996, 137, 2, 0, 0.1, 2.16605e+06, 125.09
17318, 31124, 117, 3, 0, 0.1, 2.16617e+06, 125.089
17319, 30853, 137, 3, 0, 0.1, 2.16631e+06, 125.09
17320, 30757, 87, 3, 0, 0.1, 2.16639e+06, 125.088
17321, 29962, 117, 2, 0, 0.1, 2.16651e+06, 125.087
17322, 29960, 127, 1, 0, 0.1, 2.16664e+06, 125.087
17323, 28677, 127, 3, 1, 0.1, 2.16676e+06, 125.087
17324, 29960, 127, 1, 0, 0.1, 2.16689e+06, 125.088
17325, 28677, 127, 1, 0, 0.1, 2.16702e+06, 125.088
17326, 29954, 127, 2, 0, 0.1, 2.16714e+06, 125.088
17327, 29962, 127, 2, 0, 0.1, 2.16727e+06, 125.088
17328, 30472, 137, 2, 0, 0.1, 2.16741e+06, 125.089
17329, 29962, 127, 1, 0, 0.1, 2.16754e+06, 125.089
17330, 29962, 117, 2, 0, 0.1, 2.16765e+06, 125.088
17331, 31492, 137, 0, 1, 0.1, 2.16779e+06, 125.089
17332, 28938, 127, 0, 0, 0.1, 2.16792e+06, 125.089
17333, 29448, 127, 1, 0, 0.1, 2.16804e+06, 125.089
17334, 29189, 127, 1, 0, 0.1, 2.16817e+06, 125.089
17335, 28934, 137, 3, 0, 0.1, 2.16831e+06, 125.09
17336, 24581, 127, 3, 0, 0.1, 2.16844e+06, 125.09
17337, 24840, 127, 0, 0, 0.1, 2.16856e+06, 125.09
17338, 28938, 127, 0, 0, 0.1, 2.16869e+06, 125.09
17339, 28930, 127, 3, 0, 0.1, 2.16882e+06, 125.09
17340, 28677, 127, 0, 0, 0.1, 2.16894e+06, 125.09
17341, 28677, 117, 3, 0, 0.1, 2.16906e+06, 125.09
17342, 29960, 127, 2, 0, 0.1, 2.16919e+06, 125.09
17343, 29962, 137, 2, 0, 0.1, 2.16932e+06, 125.091
17344, 32002, 137, 2, 0, 0.1, 2.16946e+06, 125.091
17345, 29962, 137, 2, 0, 0.1, 2.1696e+06, 125.092
17346, 32512, 137, 2, 0, 0.1, 2.16974e+06, 125.093
17347, 29962, 137, 3, 0, 0.1, 2.16987e+06, 125.094
17348, 29962, 117, 2, 0, 0.1, 2.16999e+06, 125.093
17349, 24842, 137, 0, 0, 0.1, 2.17013e+06, 125.094
17350, 28938, 127, 0, 0, 0.1, 2.17025e+06, 125.094
17351, 31616, 127, 1, 0, 0.1, 2.17038e+06, 125.094
17352, 31365, 127, 0, 0, 0.1, 2.17051e+06, 125.094
17353, 31365, 117, 1, 0, 0.1, 2.17062e+06, 125.094
17354, 31620, 127, 3, 0, 0.1, 2.17075e+06, 125.094
17355, 31365, 127, 3, 0, 0.1, 2.17088e+06, 125.094
17356, 31616, 127, 1, 0, 0.1, 2.17100e+06, 125.094
17357, 31237, 127, 0, 0, 0.1, 2.17113e+06, 125.094
17358, 31237, 117, 3, 0, 0.1, 2.17125e+06, 125.094
17359, 31488, 127, 0, 0, 0.1, 2.17138e+06, 125.094
17360, 28938, 127, 2, 0, 0.1, 2.1715e+06, 125.094
17361, 31488, 127, 3, 0, 0.1, 2.17163e+06, 125.094
17362, 31237, 137, 3, 0, 0.1, 2.17177e+06, 125.095
17363, 31237, 127, 2, 1, 0.1, 2.17189e+06, 125.095
17364, 31237, 117, 1, 0, 0.1, 2.17201e+06, 125.094
17365, 31237, 127, 3, 0, 0.1, 2.17214e+06, 125.094
17366, 31237, 127, 3, 1, 0.1, 2.17226e+06, 125.094
17367, 31237, 137, 3, 0, 0.1, 2.1724e+06, 125.095
17368, 32257, 127, 3, 0, 0.1, 2.17253e+06, 125.095
17369, 31237, 127, 1, 0, 0.1, 2.17266e+06, 125.095
17370, 32257, 127, 1, 0, 0.1, 2.17278e+06, 125.095
17371, 31365, 127, 3, 0, 0.1, 2.17291e+06, 125.096
17372, 32385, 127, 1, 0, 0.1, 2.17304e+06, 125.096
17373, 31365, 127, 2, 1, 0.1, 2.17316e+06, 125.096
17374, 31365, 117, 1, 0, 0.1, 2.17328e+06, 125.095
17375, 27269, 127, 3, 0, 0.1, 2.17341e+06, 125.095
17376, 31365, 127, 1, 0, 0.1, 2.17354e+06, 125.096
17377, 27141, 127, 3, 0, 0.1, 2.17366e+06, 125.096
17378, 31237, 127, 3, 0, 0.1, 2.17379e+06, 125.096
17379, 32385, 127, 3, 0, 0.1, 2.17392e+06, 125.096
17380, 31365, 127, 1, 0, 0.1, 2.17404e+06, 125.096
17381, 32385, 127, 2, 0, 0.1, 2.17417e+06, 125.096
17382, 29706, 137, 2, 0, 0.1, 2.17431e+06, 125.097
17383, 29706, 127, 0, 0, 0.1, 2.17443e+06, 125.097
17384, 29706, 127, 2, 0, 0.1, 2.17456e+06, 125.097
17385, 29706, 127, 2, 0, 0.1, 2.17469e+06, 125.097
17386, 25610, 137, 1, 0, 0.1, 2.17482e+06, 125.098
17387, 25610, 117, 0, 0, 0.1, 2.17494e+06, 125.097
17388, 17418, 127, 2, 0, 0.1, 2.17507e+06, 125.097
17389, 25610, 127, 2, 0, 0.1, 2.1752e+06, 125.098
17390, 29706, 127, 2, 0, 0.1, 2.17532e+06, 125.098
17391, 29706, 127, 2, 0, 0.1, 2.17545e+06, 125.098
17392, 25610, 137, 2, 0, 0.1, 2.17559e+06, 125.098
17393, 29706, 127, 2, 0, 0.1, 2.17571e+06, 125.099
17394, 29706, 127, 1, 1, 0.1, 2.17584e+06, 125.099
17395, 29706, 117, 2, 0, 0.1, 2.17596e+06, 125.098
17396, 31236, 137, 0, 0, 0.1, 2.1761e+06, 125.099
17397, 24586, 127, 2, 0, 0.1, 2.17622e+06, 125.099
17398, 31236, 127, 3, 0, 0.1, 2.17635e+06, 125.099
17399, 31237, 127, 1, 0, 0.1, 2.17648e+06, 125.099
17400, 31236, 127, 0, 0, 0.1, 2.1766e+06, 125.099
17401, 24586, 127, 2, 0, 0.1, 2.17673e+06, 125.099
17402, 31236, 127, 2, 0, 0.1, 2.17686e+06, 125.1
17403, 31236, 117, 3, 0, 0.1, 2.17697e+06, 125.099
17404, 31237, 127, 1, 0, 0.1, 2.1771e+06, 125.099
17405, 31236, 127, 0, 0, 0.1, 2.17723e+06, 125.099
17406, 24586, 127, 0, 0, 0.1, 2.17736e+06, 125.099
17407, 16394, 127, 0, 0, 0.1, 2.17748e+06, 125.1
17408, 10, 127, 0, 0, 0.1, 2.17761e+06, 125.1
17409, 10, 127, 3, 1, 0.1, 2.17774e+06, 125.1
17410, 10, 117, 2, 0, 0.1, 2.17785e+06, 125.099
17411, 10, 127, 2, 0, 0.1, 2.17798e+06, 125.099
17412, 16394, 127, 2, 0, 0.1, 2.17811e+06, 125.099
17413, 24586, 127, 3, 1, 0.1, 2.17823e+06, 125.1
17414, 24586, 117, 0, 0, 0.1, 2.17835e+06, 125.099
17415, 16394, 127, 0, 0, 0.1, 2.17848e+06, 125.099
17416, 10, 127, 0, 0, 0.1, 2.17860e+06, 125.099
17417, 10, 127, 2, 0, 0.1, 2.17873e+06, 125.099
17418, 10, 127, 0, 0, 0.1, 2.17886e+06, 125.1
17419, 10, 127, 2, 1, 0.1, 2.17899e+06, 125.1
17420, 10, 127, 0, 0, 0.1, 2.17911e+06, 125.1
17421, 10, 127, 2, 0, 0.1, 2.17924e+06, 125.1
17422, 10, 127, 3, 0, 0.1, 2.17937e+06, 125.1
17423, 10, 117, 0, 0, 0.1, 2.17948e+06, 125.1
17424, 10, 127, 2, 0, 0.1, 2.17961e+06, 125.1
17425, 10, 127, 0, 0, 0.1, 2.17974e+06, 125.1
17426, 10, 127, 2, 0, 0.1, 2.17986e+06, 125.1
17427, 10, 127, 2, 0, 0.1, 2.17999e+06, 125.1
17428, 16394, 127, 2, 0, 0.1, 2.18012e+06, 125.1
17429, 24586, 127, 2, 0, 0.1, 2.18025e+06, 125.1
17430, 31236, 127, 0, 0, 0.1, 2.18037e+06, 125.1
17431, 24586, 127, 3, 1, 0.1, 2.1805e+06, 125.1
17432, 24586, 117, 2, 0, 0.1, 2.18062e+06, 125.1
17433, 31236, 127, 0, 0, 0.1, 2.18074e+06, 125.1
17434, 24586, 127, 0, 1, 0.1, 2.18087e+06, 125.1
17435, 16394, 127, 0, 0, 0.1, 2.181e+06, 125.1
17436, 10, 127, 3, 0, 0.1, 2.18112e+06, 125.1
17437, 10, 117, 2, 0, 0.1, 2.18124e+06, 125.1
17438, 16394, 127, 0, 0, 0.1, 2.18137e+06, 125.1
17439, 10, 127, 2, 0, 0.1, 2.1815e+06, 125.1
17440, 16394, 127, 2, 0, 0.1, 2.18162e+06, 125.1
17441, 24586, 127, 0, 0, 0.1, 2.18175e+06, 125.1
17442, 16394, 127, 1, 1, 0.1, 2.18188e+06, 125.1
17443, 16394, 117, 2, 0, 0.1, 2.18199e+06, 125.1
17444, 24586, 127, 2, 0, 0.1, 2.18212e+06, 125.1
17445, 31236, 127, 3, 0, 0.1, 2.18225e+06, 125.1
17446, 31237, 127, 3, 0, 0.1, 2.18238e+06, 125.1
17447, 31237, 137, 3, 0, 0.1, 2.18251e+06, 125.101
17448, 31237, 137, 3, 0, 0.1, 2.18265e+06, 125.102
17449, 31492, 137, 2, 0, 0.1, 2.18279e+06, 125.102
17450, 31492, 117, 0, 0, 0.1, 2.1829e+06, 125.102
17451, 28938, 137, 0, 0, 0.1, 2.18304e+06, 125.103
17452, 24586, 137, 0, 0, 0.1, 2.18318e+06, 125.103
17453, 30723, 127, 3, 0, 0.1, 2.1833e+06, 125.103
17454, 30725, 127, 1, 0, 0.1, 2.18343e+06, 125.103
17455, 30723, 127, 3, 0, 0.1, 2.18356e+06, 125.104
17456, 30725, 127, 1, 0, 0.1, 2.18368e+06, 125.104
17457, 30723, 127, 3, 0, 0.1, 2.18381e+06, 125.104
17458, 30725, 127, 3, 0, 0.1, 2.18394e+06, 125.104
17459, 64513, 137, 2, 0, 0.1, 2.18408e+06, 125.105
17460, 58378, 127, 3, 0, 0.1, 2.1842e+06, 125.105
17461, 58378, 117, 2, 0, 0.1, 2.18432e+06, 125.104
17462, 62474, 127, 2, 0, 0.1, 2.18445e+06, 125.104
17463, 65024, 127, 1, 0, 0.1, 2.18457e+06, 125.104
17464, 64005, 137, 1, 1, 0.1, 2.18471e+06, 125.105
17465, 59908, 127, 1, 0, 0.1, 2.18484e+06, 125.105
17466, 51717, 127, 3, 0, 0.1, 2.18496e+06, 125.105
17467, 59908, 127, 2, 0, 0.1, 2.18509e+06, 125.105
17468, 59908, 117, 3, 0, 0.1, 2.18521e+06, 125.105
17469, 64005, 127, 3, 0, 0.1, 2.18534e+06, 125.105
17470, 65024, 127, 1, 0, 0.1, 2.18546e+06, 125.105
17471, 64005, 127, 1, 0, 0.1, 2.18559e+06, 125.105
17472, 59908, 127, 2, 0, 0.1, 2.18572e+06, 125.105
17473, 59908, 117, 1, 0, 0.1, 2.18583e+06, 125.105
17474, 51717, 127, 3, 0, 0.1, 2.18596e+06, 125.105
17475, 59908, 127, 2, 0, 0.1, 2.18609e+06, 125.105
17476, 59908, 117, 0, 1, 0.1, 2.18620e+06, 125.105
17477, 49162, 127, 2, 0, 0.1, 2.18633e+06, 125.105
17478, 59908, 127, 3, 0, 0.1, 2.18646e+06, 125.105
17479, 64005, 127, 0, 0, 0.1, 2.18659e+06, 125.105
17480, 64005, 117, 3, 0, 0.1, 2.1867e+06, 125.105
17481, 65024, 127, 1, 0, 0.1, 2.18683e+06, 125.105
17482, 64005, 127, 2, 0, 0.1, 2.18696e+06, 125.105
17483, 64005, 117, 1, 0, 0.1, 2.18707e+06, 125.104
17484, 59908, 127, 2, 0, 0.1, 2.1872e+06, 125.104
17485, 59908, 117, 3, 0, 0.1, 2.18732e+06, 125.104
17486, 64005, 127, 0, 0, 0.1, 2.18744e+06, 125.104
17487, 64005, 117, 1, 1, 0.1, 2.18756e+06, 125.104
17488, 59908, 127, 0, 1, 0.1, 2.18769e+06, 125.104
17489, 49162, 127, 0, 0, 0.1, 2.18782e+06, 125.104
17490, 32778, 127, 0, 0, 0.1, 2.18794e+06, 125.104
17491, 51203, 127, 0, 0, 0.1, 2.18807e+06, 125.104
17492, 51203, 117, 3, 0, 0.1, 2.18819e+06, 125.104
17493, 59397, 127, 0, 0, 0.1, 2.18831e+06, 125.104
17494, 59397, 117, 0, 0, 0.1, 2.18843e+06, 125.103
17495, 59397, 117, 2, 1, 0.1, 2.18855e+06, 125.103
17496, 59397, 117, 3, 0, 0.1, 2.18866e+06, 125.102
17497, 64513, 127, 2, 0, 0.1, 2.18879e+06, 125.102
17498, 58378, 127, 0, 0, 0.1, 2.18892e+06, 125.103
17499, 64513, 127, 3, 0, 0.1, 2.18905e+06, 125.103
17500, 63493, 127, 3, 0, 0.1, 2.18917e+06, 125.103
17501, 62473, 137, 2, 0, 0.1, 2.18931e+06, 125.103
17502, 62474, 137, 1, 0, 0.1, 2.18945e+06, 125.104
17503, 62474, 117, 0, 0, 0.1, 2.18956e+06, 125.104
17504, 62473, 127, 0, 0, 0.1, 2.18969e+06, 125.104
17505, 62473, 117, 0, 0, 0.1, 2.18981e+06, 125.103
17506, 62473, 117, 1, 0, 0.1, 2.18992e+06, 125.103
17507, 57349, 127, 0, 0, 0.1, 2.19005e+06, 125.103
17508, 57349, 117, 3, 0, 0.1, 2.19017e+06, 125.102
17509, 62473, 127, 0, 0, 0.1, 2.1903e+06, 125.103
17510, 62473, 117, 0, 0, 0.1, 2.19041e+06, 125.102
17511, 62473, 117, 0, 0, 0.1, 2.19053e+06, 125.102
17512, 62473, 117, 3, 1, 0.1, 2.19065e+06, 125.101
17513, 62473, 117, 0, 0, 0.1, 2.19076e+06, 125.101
17514, 62473, 117, 3, 1, 0.1, 2.19088e+06, 125.1
17515, 62473, 117, 1, 0, 0.1, 2.191e+06, 125.1
17516, 57349, 127, 1, 0, 0.1, 2.19112e+06, 125.1
17517, 50177, 127, 0, 0, 0.1, 2.19125e+06, 125.1
17518, 50177, 117, 1, 0, 0.1, 2.19137e+06, 125.1
17519, 32773, 127, 1, 0, 0.1, 2.1915e+06, 125.1
17520, 32771, 127, 2, 0, 0.1, 2.19162e+06, 125.1
17521, 32778, 127, 2, 0, 0.1, 2.19175e+06, 125.1
17522, 49162, 127, 2, 0, 0.1, 2.19188e+06, 125.1
17523, 59908, 127, 2, 0, 0.1, 2.192e+06, 125.1
17524, 59908, 117, 3, 0, 0.1, 2.19212e+06, 125.1
17525, 64005, 127, 1, 0, 0.1, 2.19225e+06, 125.1
17526, 59908, 127, 3, 0, 0.1, 2.19238e+06, 125.1
17527, 64005, 127, 2, 0, 0.1, 2.1925e+06, 125.1
17528, 64005, 117, 3, 0, 0.1, 2.19262e+06, 125.1
17529, 65024, 127, 0, 0, 0.1, 2.19275e+06, 125.1
17530, 62474, 127, 1, 0, 0.1, 2.19287e+06, 125.1
17531, 62474, 117, 2, 0, 0.1, 2.19299e+06, 125.099
17532, 65056, 127, 0, 0, 0.1, 2.19312e+06, 125.099
17533, 62474, 127, 0, 0, 0.1, 2.19324e+06, 125.099
17534, 58378, 127, 2, 0, 0.1, 2.19337e+06, 125.1
17535, 62474, 127, 1, 0, 0.1, 2.1935e+06, 125.1
17536, 62474, 117, 2, 0, 0.1, 2.19362e+06, 125.099
17537, 65024, 127, 1, 0, 0.1, 2.19374e+06, 125.099
17538, 64005, 127, 3, 0, 0.1, 2.19387e+06, 125.099
17539, 65024, 127, 1, 0, 0.1, 2.194e+06, 125.1
17540, 64037, 127, 1, 0, 0.1, 2.19412e+06, 125.1
17541, 59908, 127, 2, 0, 0.1, 2.19425e+06, 125.1
17542, 59908, 117, 3, 0, 0.1, 2.19437e+06, 125.099
17543, 64005, 127, 0, 0, 0.1, 2.19449e+06, 125.099
17544, 64005, 117, 3, 1, 0.1, 2.19461e+06, 125.099
17545, 65024, 127, 1, 0, 0.1, 2.19474e+06, 125.099
17546, 64005, 127, 1, 0, 0.1, 2.19486e+06, 125.099
17547, 59908, 127, 1, 0, 0.1, 2.19499e+06, 125.099
17548, 51717, 127, 0, 0, 0.1, 2.19512e+06, 125.099
17549, 51717, 117, 1, 0, 0.1, 2.19524e+06, 125.099
17550, 51749, 127, 0, 0, 0.1, 2.19536e+06, 125.099
17551, 51717, 117, 2, 0, 0.1, 2.19548e+06, 125.099
17552, 51749, 117, 0, 0, 0.1, 2.1956e+06, 125.098
17553, 51717, 117, 1, 0, 0.1, 2.19571e+06, 125.098
17554, 59909, 127, 0, 1, 0.1, 2.19584e+06, 125.098
17555, 59909, 117, 2, 0, 0.1, 2.19596e+06, 125.097
17556, 59909, 117, 0, 0, 0.1, 2.19608e+06, 125.097
17557, 59909, 117, 0, 0, 0.1, 2.19619e+06, 125.096
17558, 59909, 117, 3, 0, 0.1, 2.19631e+06, 125.096
17559, 18949, 127, 1, 0, 0.1, 2.19644e+06, 125.096
17560, 27141, 127, 3, 0, 0.1, 2.19656e+06, 125.096
17561, 18949, 127, 1, 0, 0.1, 2.19669e+06, 125.096
17562, 27141, 127, 1, 0, 0.1, 2.19682e+06, 125.096
17563, 31236, 127, 0, 0, 0.1, 2.19694e+06, 125.096
17564, 24586, 127, 2, 0, 0.1, 2.19707e+06, 125.097
17565, 31236, 127, 0, 0, 0.1, 2.1972e+06, 125.097
17566, 24586, 127, 0, 0, 0.1, 2.19732e+06, 125.097
17567, 16394, 127, 0, 0, 0.1, 2.19745e+06, 125.097
17568, 10, 127, 0, 0, 0.1, 2.19758e+06, 125.097
17569, 10, 127, 2, 0, 0.1, 2.19771e+06, 125.097
17570, 10, 127, 2, 0, 0.1, 2.19783e+06, 125.097
17571, 16394, 127, 2, 0, 0.1, 2.19796e+06, 125.097
17572, 24586, 127, 3, 0, 0.1, 2.19809e+06, 125.097
17573, 24586, 117, 2, 0, 0.1, 2.1982e+06, 125.097
17574, 31236, 127, 0, 0, 0.1, 2.19833e+06, 125.097
17575, 24586, 127, 0, 0, 0.1, 2.19846e+06, 125.097
17576, 16394, 127, 0, 0, 0.1, 2.19858e+06, 125.097
17577, 10, 127, 2, 1, 0.1, 2.19871e+06, 125.097
17578, 16394, 127, 0, 0, 0.1, 2.19884e+06, 125.098
17579, 10, 127, 0, 0, 0.1, 2.19897e+06, 125.098
17580, 10, 127, 0, 0, 0.1, 2.19909e+06, 125.098
17581, 10, 127, 0, 0, 0.1, 2.19922e+06, 125.098
17582, 10, 127, 0, 0, 0.1, 2.19935e+06, 125.098
17583, 10, 127, 0, 0, 0.1, 2.19947e+06, 125.098
17584, 10, 127, 2, 0, 0.1, 2.1996e+06, 125.098
17585, 10, 127, 0, 0, 0.1, 2.19973e+06, 125.098
17586, 10, 127, 3, 1, 0.1, 2.19986e+06, 125.098
17587, 10, 117, 0, 0, 0.1, 2.19997e+06, 125.098
17588, 18945, 77, 3, 0, 0.1, 2.20005e+06, 125.095
17589, 29962, 117, 0, 0, 0.1, 2.20017e+06, 125.095
17590, 30472, 137, 1, 0, 0.1, 2.2003e+06, 125.095
17591, 29189, 137, 1, 0, 0.1, 2.20044e+06, 125.096
17592, 29954, 137, 2, 0, 0.1, 2.20058e+06, 125.097
17593, 29962, 127, 2, 0, 0.1, 2.2007e+06, 125.097
17594, 32002, 137, 3, 0, 0.1, 2.20084e+06, 125.098
17595, 28677, 137, 1, 0, 0.1, 2.20098e+06, 125.098
17596, 29954, 127, 3, 0, 0.1, 2.20110e+06, 125.098
17597, 28677, 127, 3, 0, 0.1, 2.20123e+06, 125.098
17598, 25864, 127, 1, 0, 0.1, 2.20136e+06, 125.099
17599, 28677, 127, 3, 0, 0.1, 2.20149e+06, 125.099
17600, 25864, 127, 3, 1, 0.1, 2.20161e+06, 125.099
17601, 25864, 117, 2, 0, 0.1, 2.20173e+06, 125.098
17602, 25866, 127, 0, 0, 0.1, 2.20186e+06, 125.098
17603, 25864, 127, 0, 0, 0.1, 2.20198e+06, 125.099
17604, 17674, 127, 0, 0, 0.1, 2.20211e+06, 125.099
17605, 25864, 127, 2, 0, 0.1, 2.20224e+06, 125.099
17606, 17674, 127, 2, 0, 0.1, 2.20236e+06, 125.099
17607, 25864, 127, 2, 0, 0.1, 2.20249e+06, 125.099
17608, 25866, 127, 1, 1, 0.1, 2.20262e+06, 125.099
17609, 25866, 117, 2, 1, 0.1, 2.20274e+06, 125.099
17610, 32002, 127, 2, 0, 0.1, 2.20286e+06, 125.099
17611, 29962, 127, 0, 0, 0.1, 2.20299e+06, 125.099
17612, 32002, 127, 3, 0, 0.1, 2.20312e+06, 125.099
17613, 30725, 127, 3, 0, 0.1, 2.20324e+06, 125.099
17614, 26884, 137, 3, 0, 0.1, 2.20338e+06, 125.1
17615, 30725, 127, 3, 0, 0.1, 2.20351e+06, 125.1
17616, 30725, 127, 3, 0, 0.1, 2.20364e+06, 125.1
17617, 30725, 137, 2, 0, 0.1, 2.20377e+06, 125.101
17618, 30725, 117, 0, 1, 0.1, 2.20389e+06, 125.1
17619, 30725, 117, 3, 0, 0.1, 2.20401e+06, 125.1
17620, 24844, 137, 3, 0, 0.1, 2.20414e+06, 125.1
17621, 24860, 117, 2, 0, 0.1, 2.20426e+06, 125.1
17622, 24860, 117, 3, 0, 0.1, 2.20438e+06, 125.099
17623, 24860, 67, 3, 0, 0.1, 2.20444e+06, 125.096
17624, 29962, 117, 2, 0, 0.1, 2.20456e+06, 125.096
17625, 30472, 127, 1, 0, 0.1, 2.20469e+06, 125.096
17626, 29189, 137, 1, 0, 0.1, 2.20482e+06, 125.096
17627, 29954, 137, 2, 0, 0.1, 2.20496e+06, 125.097
17628, 29962, 127, 2, 0, 0.1, 2.20509e+06, 125.097
17629, 30472, 137, 1, 0, 0.1, 2.20523e+06, 125.098
17630, 24581, 137, 3, 0, 0.1, 2.20536e+06, 125.099
17631, 29960, 127, 1, 0, 0.1, 2.20549e+06, 125.099
17632, 24581, 127, 3, 0, 0.1, 2.20562e+06, 125.099
17633, 29960, 127, 2, 0, 0.1, 2.20574e+06, 125.099
17634, 29962, 127, 2, 0, 0.1, 2.20587e+06, 125.099
17635, 31492, 137, 3, 0, 0.1, 2.20601e+06, 125.1
17636, 27141, 127, 1, 0, 0.1, 2.20614e+06, 125.1
17637, 31492, 127, 0, 1, 0.1, 2.20626e+06, 125.1
17638, 24842, 127, 2, 0, 0.1, 2.20639e+06, 125.1
17639, 31492, 127, 1, 0, 0.1, 2.20652e+06, 125.1
17640, 31237, 127, 2, 1, 0.1, 2.20664e+06, 125.1
17641, 31237, 117, 3, 1, 0.1, 2.20676e+06, 125.1
17642, 31492, 127, 0, 0, 0.1, 2.20689e+06, 125.1
17643, 24842, 127, 0, 0, 0.1, 2.20701e+06, 125.1
17644, 24840, 127, 1, 0, 0.1, 2.20714e+06, 125.1
17645, 24581, 127, 3, 0, 0.1, 2.20727e+06, 125.1
17646, 24840, 127, 0, 0, 0.1, 2.2074e+06, 125.1
17647, 28938, 127, 0, 0, 0.1, 2.20752e+06, 125.1
17648, 28930, 127, 2, 0, 0.1, 2.20765e+06, 125.101
17649, 28938, 127, 0, 0, 0.1, 2.20778e+06, 125.101
17650, 28946, 127, 3, 0, 0.1, 2.2079e+06, 125.101
17651, 28677, 127, 3, 0, 0.1, 2.20803e+06, 125.101
17652, 29992, 127, 1, 0, 0.1, 2.20816e+06, 125.101
17653, 28677, 77, 2, 0, 0.1, 2.20823e+06, 125.098
17654, 29960, 137, 2, 0, 0.1, 2.20837e+06, 125.099
17655, 29962, 127, 2, 0, 0.1, 2.2085e+06, 125.099
17656, 32002, 127, 2, 0, 0.1, 2.20862e+06, 125.099
17657, 29962, 127, 0, 0, 0.1, 2.20875e+06, 125.099
17658, 32002, 127, 2, 0, 0.1, 2.20888e+06, 125.099
17659, 29962, 127, 3, 1, 0.1, 2.20901e+06, 125.099
17660, 29962, 117, 1, 1, 0.1, 2.20912e+06, 125.099
17661, 29962, 117, 2, 0, 0.1, 2.20924e+06, 125.099
17662, 32512, 127, 3, 0, 0.1, 2.20937e+06, 125.099
17663, 31237, 137, 3, 0, 0.1, 2.2095e+06, 125.099
17664, 31237, 127, 1, 0, 0.1, 2.20963e+06, 125.099
17665, 31237, 127, 3, 0, 0.1, 2.20976e+06, 125.1
17666, 31237, 127, 3, 1, 0.1, 2.20988e+06, 125.1
17667, 31237, 137, 1, 0, 0.1, 2.21002e+06, 125.1
17668, 27141, 127, 3, 0, 0.1, 2.21015e+06, 125.1
17669, 31237, 127, 0, 0, 0.1, 2.21028e+06, 125.101
17670, 31237, 117, 1, 0, 0.1, 2.21039e+06, 125.1
17671, 27141, 127, 1, 0, 0.1, 2.21052e+06, 125.1
17672, 31237, 127, 3, 0, 0.1, 2.21065e+06, 125.1
17673, 27141, 127, 2, 1, 0.1, 2.21077e+06, 125.1
17674, 27141, 117, 1, 0, 0.1, 2.21089e+06, 125.1
17675, 31237, 127, 0, 0, 0.1, 2.21102e+06, 125.1
17676, 31237, 117, 2, 0, 0.1, 2.21114e+06, 125.1
17677, 31237, 117, 3, 0, 0.1, 2.21125e+06, 125.099
17678, 27141, 127, 0, 0, 0.1, 2.21138e+06, 125.099
17679, 27141, 117, 3, 0, 0.1, 2.2115e+06, 125.099
17680, 31269, 127, 0, 0, 0.1, 2.21162e+06, 125.099
17681, 31269, 117, 1, 0, 0.1, 2.21174e+06, 125.098
17682, 27141, 77, 2, 0, 0.1, 2.21182e+06, 125.096
17683, 29960, 127, 2, 0, 0.1, 2.21194e+06, 125.096
17684, 29962, 127, 2, 0, 0.1, 2.21207e+06, 125.096
17685, 32002, 137, 2, 0, 0.1, 2.21221e+06, 125.097
17686, 29962, 137, 0, 0, 0.1, 2.21234e+06, 125.097
17687, 32002, 127, 2, 0, 0.1, 2.21247e+06, 125.097
17688, 29962, 127, 0, 0, 0.1, 2.2126e+06, 125.097
17689, 32002, 127, 2, 0, 0.1, 2.21273e+06, 125.098
17690, 29962, 127, 1, 1, 0.1, 2.21285e+06, 125.098
17691, 29962, 117, 2, 0, 0.1, 2.21297e+06, 125.097
17692, 32512, 137, 3, 0, 0.1, 2.21311e+06, 125.098
17693, 31237, 137, 3, 1, 0.1, 2.21324e+06, 125.099
17694, 31237, 127, 2, 0, 0.1, 2.21337e+06, 125.099
17695, 31237, 117, 2, 0, 0.1, 2.21349e+06, 125.098
17696, 31237, 117, 1, 0, 0.1, 2.21360e+06, 125.098
17697, 31237, 127, 1, 0, 0.1, 2.21373e+06, 125.098
17698, 32512, 127, 3, 0, 0.1, 2.21386e+06, 125.098
17699, 31237, 127, 1, 0, 0.1, 2.21399e+06, 125.098
17700, 32512, 127, 3, 0, 0.1, 2.21411e+06, 125.098
17701, 31237, 127, 1, 0, 0.1, 2.21424e+06, 125.098
17702, 32512, 127, 2, 1, 0.1, 2.21437e+06, 125.098
17703, 29962, 127, 2, 0, 0.1, 2.21449e+06, 125.099
17704, 29962, 127, 0, 0, 0.1, 2.21462e+06, 125.099
17705, 29962, 127, 0, 0, 0.1, 2.21475e+06, 125.099
17706, 32512, 127, 1, 0, 0.1, 2.21488e+06, 125.099
17707, 31237, 127, 3, 0, 0.1, 2.215e+06, 125.099
17708, 32512, 127, 1, 0, 0.1, 2.21513e+06, 125.099
17709, 31237, 127, 0, 0, 0.1, 2.21526e+06, 125.099
17710, 31237, 117, 3, 0, 0.1, 2.21537e+06, 125.099
17711, 32512, 127, 0, 0, 0.1, 2.2155e+06, 125.099
17712, 29962, 127, 2, 0, 0.1, 2.21563e+06, 125.099
17713, 32512, 127, 0, 0, 0.1, 2.21575e+06, 125.099
17714, 29962, 127, 0, 0, 0.1, 2.21588e+06, 125.099
17715, 32002, 127, 2, 0, 0.1, 2.21601e+06, 125.099
17716, 29962, 127, 0, 0, 0.1, 2.21614e+06, 125.099
17717, 32130, 127, 3, 0, 0.1, 2.21626e+06, 125.099
17718, 26757, 137, 2, 1, 0.1, 2.2164e+06, 125.1
17719, 26757, 117, 3, 0, 0.1, 2.21652e+06, 125.1
17720, 30980, 77, 2, 0, 0.1, 2.21659e+06, 125.097
17721, 30472, 137, 2, 0, 0.1, 2.21673e+06, 125.098
17722, 29962, 137, 2, 0, 0.1, 2.21687e+06, 125.098
17723, 32002, 137, 2, 0, 0.1, 2.217e+06, 125.099
17724, 29962, 137, 0, 0, 0.1, 2.21714e+06, 125.1
17725, 32002, 127, 3, 0, 0.1, 2.21727e+06, 125.1
17726, 30725, 137, 3, 0, 0.1, 2.21740e+06, 125.1
17727, 30980, 127, 2, 0, 0.1, 2.21753e+06, 125.101
17728, 30980, 117, 3, 0, 0.1, 2.21765e+06, 125.1
17729, 30725, 137, 1, 0, 0.1, 2.21779e+06, 125.101
17730, 26884, 127, 0, 0, 0.1, 2.21791e+06, 125.101
17731, 28938, 127, 2, 0, 0.1, 2.21804e+06, 125.101
17732, 26884, 127, 1, 0, 0.1, 2.21817e+06, 125.101
17733, 26629, 127, 3, 0, 0.1, 2.21829e+06, 125.101
17734, 26884, 127, 0, 0, 0.1, 2.21842e+06, 125.101
17735, 28938, 127, 0, 0, 0.1, 2.21855e+06, 125.101
17736, 28938, 127, 2, 0, 0.1, 2.21868e+06, 125.101
17737, 28938, 127, 2, 0, 0.1, 2.2188e+06, 125.102
17738, 26884, 127, 3, 0, 0.1, 2.21893e+06, 125.102
17739, 30725, 127, 1, 0, 0.1, 2.21906e+06, 125.102
17740, 26884, 127, 1, 1, 0.1, 2.21918e+06, 125.102
17741, 26629, 127, 3, 0, 0.1, 2.21931e+06, 125.102
17742, 26884, 127, 1, 0, 0.1, 2.21944e+06, 125.102
17743, 26629, 127, 1, 0, 0.1, 2.21956e+06, 125.102
17744, 32002, 127, 3, 0, 0.1, 2.21969e+06, 125.102
17745, 26629, 127, 3, 0, 0.1, 2.21982e+06, 125.102
17746, 26884, 127, 2, 1, 0.1, 2.21994e+06, 125.103
17747, 26884, 117, 3, 0, 0.1, 2.22006e+06, 125.102
17748, 30725, 127, 1, 0, 0.1, 2.22019e+06, 125.102
17749, 26900, 127, 1, 0, 0.1, 2.22032e+06, 125.102
17750, 26629, 127, 3, 0, 0.1, 2.22044e+06, 125.102
17751, 26884, 127, 3, 0, 0.1, 2.22057e+06, 125.103
17752, 30725, 127, 3, 0, 0.1, 2.2207e+06, 125.103
17753, 30725, 127, 3, 0, 0.1, 2.22082e+06, 125.103
17754, 16389, 137, 1, 0, 0.1, 2.22096e+06, 125.103
17755, 5, 127, 1, 0, 0.1, 2.22109e+06, 125.104
17756, 16389, 127, 1, 0, 0.1, 2.22122e+06, 125.104
17757, 24836, 127, 0, 0, 0.1, 2.22134e+06, 125.104
17758, 28938, 127, 2, 0, 0.1, 2.22147e+06, 125.104
17759, 24836, 127, 3, 0, 0.1, 2.2216e+06, 125.104
17760, 16389, 127, 0, 1, 0.1, 2.22172e+06, 125.104
17761, 16389, 117, 3, 0, 0.1, 2.22184e+06, 125.104
17762, 5, 127, 3, 0, 0.1, 2.22197e+06, 125.104
17763, 16389, 127, 1, 0, 0.1, 2.22209e+06, 125.104
17764, 5, 127, 1, 0, 0.1, 2.22222e+06, 125.104
17765, 16389, 127, 3, 0, 0.1, 2.22235e+06, 125.104
17766, 5, 127, 1, 0, 0.1, 2.22248e+06, 125.104
17767, 16389, 127, 3, 0, 0.1, 2.2226e+06, 125.104
17768, 5, 127, 1, 0, 0.1, 2.22273e+06, 125.104
17769, 16389, 127, 3, 0, 0.1, 2.22286e+06, 125.104
17770, 5, 127, 1, 0, 0.1, 2.22298e+06, 125.105
17771, 16389, 127, 3, 0, 0.1, 2.22311e+06, 125.105
17772, 5, 127, 0, 0, 0.1, 2.22324e+06, 125.105
17773, 5, 117, 0, 0, 0.1, 2.22335e+06, 125.104
17774, 5, 117, 1, 0, 0.1, 2.22347e+06, 125.104
17775, 16389, 127, 3, 0, 0.1, 2.2236e+06, 125.104
17776, 5, 127, 3, 0, 0.1, 2.22372e+06, 125.104
17777, 16389, 127, 3, 0, 0.1, 2.22385e+06, 125.104
17778, 24844, 127, 2, 0, 0.1, 2.22398e+06, 125.104
17779, 24860, 117, 1, 0, 0.1, 2.2241e+06, 125.104
17780, 16389, 127, 3, 0, 0.1, 2.22422e+06, 125.104
17781, 24844, 77, 2, 0, 0.1, 2.2243e+06, 125.101
17782, 30472, 137, 0, 0, 0.1, 2.22444e+06, 125.102
17783, 29962, 127, 2, 0, 0.1, 2.22456e+06, 125.102
17784, 30472, 127, 0, 0, 0.1, 2.22469e+06, 125.102
17785, 29962, 127, 0, 0, 0.1, 2.22482e+06, 125.102
17786, 30472, 127, 2, 1, 0.1, 2.22494e+06, 125.102
17787, 29962, 127, 3, 1, 0.1, 2.22507e+06, 125.102
17788, 29962, 117, 2, 0, 0.1, 2.22519e+06, 125.102
17789, 30472, 127, 2, 0, 0.1, 2.22532e+06, 125.102
17790, 25866, 127, 2, 0, 0.1, 2.22544e+06, 125.102
17791, 32002, 127, 3, 0, 0.1, 2.22557e+06, 125.102
17792, 30725, 127, 0, 1, 0.1, 2.2257e+06, 125.102
17793, 30725, 117, 1, 0, 0.1, 2.22581e+06, 125.102
17794, 32002, 127, 2, 0, 0.1, 2.22594e+06, 125.102
17795, 25866, 127, 2, 0, 0.1, 2.22607e+06, 125.102
17796, 32512, 127, 2, 0, 0.1, 2.2262e+06, 125.102
17797, 29962, 127, 1, 0, 0.1, 2.22632e+06, 125.102
17798, 29962, 117, 0, 0, 0.1, 2.22644e+06, 125.102
17799, 32512, 127, 3, 0, 0.1, 2.22657e+06, 125.102
17800, 31237, 127, 3, 0, 0.1, 2.22669e+06, 125.102
17801, 31237, 137, 1, 0, 0.1, 2.22683e+06, 125.103
17802, 27141, 127, 1, 0, 0.1, 2.22696e+06, 125.103
17803, 28416, 127, 2, 0, 0.1, 2.22708e+06, 125.103
17804, 29962, 127, 0, 0, 0.1, 2.22721e+06, 125.103
17805, 28416, 127, 2, 0, 0.1, 2.22734e+06, 125.103
17806, 29962, 127, 2, 0, 0.1, 2.22746e+06, 125.103
17807, 29962, 127, 0, 0, 0.1, 2.22759e+06, 125.103
17808, 29962, 127, 1, 0, 0.1, 2.22772e+06, 125.104
17809, 29962, 117, 0, 0, 0.1, 2.22784e+06, 125.103
17810, 28416, 127, 2, 0, 0.1, 2.22796e+06, 125.103
17811, 29962, 127, 0, 1, 0.1, 2.22809e+06, 125.103
17812, 28416, 127, 3, 0, 0.1, 2.22822e+06, 125.103
17813, 27141, 127, 3, 0, 0.1, 2.22834e+06, 125.104
17814, 31237, 127, 3, 0, 0.1, 2.22847e+06, 125.104
17815, 31237, 127, 1, 0, 0.1, 2.2286e+06, 125.104
17816, 31237, 127, 3, 0, 0.1, 2.22872e+06, 125.104
17817, 31237, 127, 3, 1, 0.1, 2.22885e+06, 125.104
17818, 32257, 137, 0, 1, 0.1, 2.22899e+06, 125.105
17819, 32257, 117, 1, 1, 0.1, 2.22911e+06, 125.104
17820, 27141, 127, 3, 0, 0.1, 2.22923e+06, 125.104
17821, 32257, 127, 2, 0, 0.1, 2.22936e+06, 125.104
17822, 29706, 127, 2, 0, 0.1, 2.22949e+06, 125.104
17823, 25610, 137, 3, 1, 0.1, 2.22962e+06, 125.105
17824, 25610, 117, 0, 0, 0.1, 2.22974e+06, 125.105
17825, 17418, 127, 2, 0, 0.1, 2.22987e+06, 125.105
17826, 25610, 127, 2, 0, 0.1, 2.23e+06, 125.105
17827, 29706, 127, 1, 0, 0.1, 2.23012e+06, 125.105
17828, 29706, 117, 1, 0, 0.1, 2.23024e+06, 125.105
17829, 29706, 117, 0, 0, 0.1, 2.23036e+06, 125.104
17830, 25610, 127, 2, 0, 0.1, 2.23048e+06, 125.104
17831, 29706, 127, 0, 0, 0.1, 2.23061e+06, 125.104
17832, 25610, 127, 0, 0, 0.1, 2.23074e+06, 125.104
17833, 17418, 127, 3, 0, 0.1, 2.23086e+06, 125.105
17834, 17418, 117, 2, 0, 0.1, 2.23098e+06, 125.104
17835, 25610, 127, 0, 0, 0.1, 2.23111e+06, 125.104
17836, 17418, 127, 2, 0, 0.1, 2.23124e+06, 125.104
17837, 25610, 127, 2, 0, 0.1, 2.23136e+06, 125.104
17838, 29706, 127, 1, 1, 0.1, 2.23149e+06, 125.105
17839, 29706, 117, 0, 1, 0.1, 2.23161e+06, 125.104
17840, 25610, 127, 2, 0, 0.1, 2.23173e+06, 125.104
17841, 29706, 127, 0, 0, 0.1, 2.23186e+06, 125.104
17842, 25610, 127, 2, 0, 0.1, 2.23199e+06, 125.104
17843, 29706, 127, 2, 0, 0.1, 2.23211e+06, 125.104
17844, 29706, 127, 2, 0, 0.1, 2.23224e+06, 125.105
17845, 29706, 137, 2, 0, 0.1, 2.23238e+06, 125.105
17846, 10, 137, 3, 0, 0.1, 2.23252e+06, 125.106
17847, 10, 117, 2, 0, 0.1, 2.23263e+06, 125.105
17848, 16394, 127, 1, 1, 0.1, 2.23276e+06, 125.106
17849, 16394, 117, 3, 0, 0.1, 2.23288e+06, 125.105
17850, 16394, 117, 0, 0, 0.1, 2.23299e+06, 125.105
17851, 10, 127, 2, 0, 0.1, 2.23312e+06, 125.105
17852, 16394, 127, 0, 0, 0.1, 2.23325e+06, 125.105
17853, 10, 127, 0, 0, 0.1, 2.23337e+06, 125.105
17854, 10, 127, 0, 0, 0.1, 2.2335e+06, 125.105
17855, 10, 127, 2, 0, 0.1, 2.23363e+06, 125.105
17856, 10, 127, 2, 0, 0.1, 2.23376e+06, 125.105
17857, 10, 127, 2, 0, 0.1, 2.23388e+06, 125.105
17858, 16394, 127, 2, 0, 0.1, 2.23401e+06, 125.106
17859, 24586, 127, 0, 0, 0.1, 2.23414e+06, 125.106
17860, 16394, 127, 2, 0, 0.1, 2.23426e+06, 125.106
17861, 24586, 127, 2, 0, 0.1, 2.23439e+06, 125.106
17862, 31236, 127, 2, 1, 0.1, 2.23452e+06, 125.106
17863, 31236, 117, 2, 0, 0.1, 2.23463e+06, 125.105
17864, 31236, 117, 3, 0, 0.1, 2.23475e+06, 125.105
17865, 31237, 127, 1, 0, 0.1, 2.23488e+06, 125.105
17866, 31236, 127, 1, 0, 0.1, 2.23500e+06, 125.105
17867, 27141, 127, 1, 0, 0.1, 2.23513e+06, 125.105
17868, 27141, 127, 1, 0, 0.1, 2.23526e+06, 125.105
17869, 31237, 127, 3, 0, 0.1, 2.23539e+06, 125.106
17870, 27141, 127, 3, 0, 0.1, 2.23551e+06, 125.106
17871, 27141, 127, 3, 0, 0.1, 2.23564e+06, 125.106
17872, 31236, 127, 2, 1, 0.1, 2.23577e+06, 125.106
17873, 31236, 117, 2, 0, 0.1, 2.23588e+06, 125.105
17874, 31236, 117, 2, 0, 0.1, 2.236e+06, 125.105
17875, 31236, 117, 2, 0, 0.1, 2.23612e+06, 125.105
17876, 31236, 117, 2, 1, 0.1, 2.23624e+06, 125.104
17877, 31236, 117, 1, 1, 0.1, 2.23635e+06, 125.104
17878, 27141, 127, 3, 1, 0.1, 2.23648e+06, 125.104
17879, 31236, 127, 3, 0, 0.1, 2.23661e+06, 125.104
17880, 31237, 127, 3, 0, 0.1, 2.23673e+06, 125.104
17881, 27141, 137, 2, 1, 0.1, 2.23687e+06, 125.105
17882, 27141, 117, 1, 0, 0.1, 2.23699e+06, 125.104
17883, 18949, 127, 2, 0, 0.1, 2.23711e+06, 125.104
17884, 18949, 117, 3, 0, 0.1, 2.23723e+06, 125.104
17885, 27141, 127, 0, 0, 0.1, 2.23736e+06, 125.104
17886, 27141, 117, 0, 0, 0.1, 2.23748e+06, 125.103
17887, 27141, 117, 0, 1, 0.1, 2.23759e+06, 125.103
17888, 27141, 117, 1, 0, 0.1, 2.23771e+06, 125.103
17889, 18949, 127, 1, 0, 0.1, 2.23784e+06, 125.103
17890, 2564, 127, 0, 0, 0.1, 2.23796e+06, 125.103
17891, 10, 127, 0, 0, 0.1, 2.23809e+06, 125.103
17892, 10, 127, 2, 0, 0.1, 2.23822e+06, 125.103
17893, 10, 127, 2, 0, 0.1, 2.23834e+06, 125.103
17894, 2564, 127, 2, 0, 0.1, 2.23847e+06, 125.103
17895, 2564, 117, 2, 0, 0.1, 2.23859e+06, 125.103
17896, 2564, 117, 2, 0, 0.1, 2.23870e+06, 125.102
17897, 2564, 117, 3, 0, 0.1, 2.23882e+06, 125.102
17898, 18949, 127, 0, 0, 0.1, 2.23895e+06, 125.102
17899, 18949, 117, 0, 0, 0.1, 2.23907e+06, 125.101
17900, 18949, 117, 1, 0, 0.1, 2.23918e+06, 125.101
17901, 2564, 127, 1, 0, 0.1, 2.23931e+06, 125.101
17902, 18949, 127, 1, 0, 0.1, 2.23944e+06, 125.101
17903, 27141, 127, 0, 0, 0.1, 2.23956e+06, 125.101
17904, 27141, 117, 1, 0, 0.1, 2.23968e+06, 125.101
17905, 31237, 127, 1, 0, 0.1, 2.23981e+06, 125.101
17906, 32576, 127, 0, 0, 0.1, 2.23994e+06, 125.101
17907, 30026, 137, 2, 0, 0.1, 2.24007e+06, 125.102
17908, 32576, 77, 2, 0, 0.1, 2.24015e+06, 125.099
17909, 30472, 137, 1, 0, 0.1, 2.24029e+06, 125.1
17910, 28677, 137, 3, 0, 0.1, 2.24042e+06, 125.1
17911, 29960, 127, 2, 0, 0.1, 2.24055e+06, 125.101
17912, 29962, 137, 0, 1, 0.1, 2.24069e+06, 125.101
17913, 29960, 127, 2, 0, 0.1, 2.24081e+06, 125.101
17914, 29962, 127, 0, 0, 0.1, 2.24094e+06, 125.101
17915, 29960, 127, 1, 0, 0.1, 2.24107e+06, 125.101
17916, 28677, 127, 1, 0, 0.1, 2.2412e+06, 125.102
17917, 29954, 127, 2, 0, 0.1, 2.24132e+06, 125.102
17918, 29962, 127, 2, 0, 0.1, 2.24145e+06, 125.102
17919, 29448, 137, 1, 0, 0.1, 2.24159e+06, 125.102
17920, 29189, 137, 3, 0, 0.1, 2.24172e+06, 125.103
17921, 29448, 127, 0, 0, 0.1, 2.24185e+06, 125.103
17922, 28938, 127, 2, 0, 0.1, 2.24198e+06, 125.103
17923, 29448, 127, 0, 0, 0.1, 2.2421e+06, 125.103
17924, 28938, 127, 2, 0, 0.1, 2.24223e+06, 125.104
17925, 29448, 127, 1, 0, 0.1, 2.24236e+06, 125.104
17926, 29189, 127, 3, 0, 0.1, 2.24248e+06, 125.104
17927, 29448, 127, 2, 0, 0.1, 2.24261e+06, 125.104
17928, 24842, 127, 2, 0, 0.1, 2.24274e+06, 125.104
17929, 26884, 127, 0, 0, 0.1, 2.24287e+06, 125.104
17930, 24842, 127, 0, 0, 0.1, 2.24299e+06, 125.104
17931, 29448, 127, 1, 0, 0.1, 2.24312e+06, 125.104
17932, 29189, 127, 1, 0, 0.1, 2.24325e+06, 125.104
17933, 28934, 137, 0, 0, 0.1, 2.24338e+06, 125.105
17934, 28938, 137, 0, 0, 0.1, 2.24352e+06, 125.106
17935, 29193, 137, 2, 0, 0.1, 2.24366e+06, 125.106
17936, 24586, 127, 2, 0, 0.1, 2.24378e+06, 125.106
17937, 16390, 127, 3, 0, 0.1, 2.24391e+06, 125.107
17938, 16389, 127, 3, 0, 0.1, 2.24404e+06, 125.107
17939, 24840, 127, 1, 0, 0.1, 2.24417e+06, 125.107
17940, 16389, 127, 3, 1, 0.1, 2.24429e+06, 125.107
17941, 24840, 127, 1, 0, 0.1, 2.24442e+06, 125.107
17942, 16389, 127, 1, 0, 0.1, 2.24455e+06, 125.107
17943, 16390, 127, 3, 0, 0.1, 2.24467e+06, 125.107
17944, 16389, 127, 1, 0, 0.1, 2.2448e+06, 125.107
17945, 16390, 127, 0, 0, 0.1, 2.24493e+06, 125.107
17946, 24586, 127, 3, 0, 0.1, 2.24506e+06, 125.108
17947, 24586, 117, 0, 0, 0.1, 2.24517e+06, 125.107
17948, 29193, 127, 3, 0, 0.1, 2.2453e+06, 125.107
17949, 29193, 117, 1, 1, 0.1, 2.24542e+06, 125.107
17950, 29189, 127, 3, 0, 0.1, 2.24554e+06, 125.107
17951, 29193, 127, 1, 0, 0.1, 2.24567e+06, 125.107
17952, 29189, 127, 1, 0, 0.1, 2.2458e+06, 125.107
17953, 29954, 137, 3, 0, 0.1, 2.24593e+06, 125.108
17954, 28677, 127, 1, 0, 0.1, 2.24606e+06, 125.108
17955, 29954, 127, 2, 0, 0.1, 2.24619e+06, 125.108
17956, 29962, 127, 2, 0, 0.1, 2.24632e+06, 125.108
17957, 29962, 127, 2, 0, 0.1, 2.24644e+06, 125.108
17958, 29962, 137, 2, 0, 0.1, 2.24658e+06, 125.109
17959, 29962, 127, 2, 0, 0.1, 2.24671e+06, 125.109
17960, 29962, 137, 2, 0, 0.1, 2.24684e+06, 125.11
17961, 16650, 137, 3, 0, 0.1, 2.24698e+06, 125.11
17962, 16650, 117, 1, 0, 0.1, 2.2471e+06, 125.11
17963, 16650, 117, 0, 0, 0.1, 2.24721e+06, 125.109
17964, 266, 127, 0, 0, 0.1, 2.24734e+06, 125.109
17965, 266, 127, 3, 0, 0.1, 2.24747e+06, 125.11
17966, 266, 117, 3, 1, 0.1, 2.24758e+06, 125.109
17967, 266, 117, 0, 0, 0.1, 2.2477e+06, 125.109
17968, 16650, 127, 2, 0, 0.1, 2.24783e+06, 125.109
17969, 266, 127, 2, 0, 0.1, 2.24796e+06, 125.109
17970, 266, 127, 0, 0, 0.1, 2.24808e+06, 125.109
17971, 266, 127, 1, 0, 0.1, 2.24821e+06, 125.109
17972, 266, 117, 1, 1, 0.1, 2.24833e+06, 125.109
17973, 266, 117, 3, 0, 0.1, 2.24844e+06, 125.108
17974, 266, 117, 0, 0, 0.1, 2.24856e+06, 125.108
17975, 16650, 127, 2, 0, 0.1, 2.24869e+06, 125.108
17976, 266, 127, 2, 0, 0.1, 2.24882e+06, 125.108
17977, 266, 127, 2, 0, 0.1, 2.24894e+06, 125.108
17978, 16650, 127, 2, 0, 0.1, 2.24907e+06, 125.108
17979, 24838, 127, 3, 0, 0.1, 2.2492e+06, 125.108
17980, 28677, 127, 1, 0, 0.1, 2.24932e+06, 125.108
17981, 24838, 127, 0, 0, 0.1, 2.24945e+06, 125.108
17982, 16650, 127, 1, 0, 0.1, 2.24958e+06, 125.109
17983, 16650, 117, 0, 0, 0.1, 2.24969e+06, 125.108
17984, 266, 127, 3, 0, 0.1, 2.24982e+06, 125.108
17985, 266, 117, 3, 0, 0.1, 2.24994e+06, 125.108
17986, 266, 117, 0, 0, 0.1, 2.25006e+06, 125.107
17987, 266, 127, 0, 0, 0.1, 2.25018e+06, 125.107
17988, 16650, 127, 2, 0, 0.1, 2.25031e+06, 125.108
17989, 266, 127, 0, 0, 0.1, 2.25044e+06, 125.108
17990, 16650, 127, 2, 0, 0.1, 2.25056e+06, 125.108
17991, 266, 127, 0, 0, 0.1, 2.25069e+06, 125.108
17992, 16650, 127, 2, 0, 0.1, 2.25082e+06, 125.108
17993, 266, 127, 2, 0, 0.1, 2.25094e+06, 125.108
17994, 266, 127, 0, 0, 0.1, 2.25107e+06, 125.108
17995, 266, 127, 2, 0, 0.1, 2.2512e+06, 125.108
17996, 266, 127, 0, 1, 0.1, 2.25132e+06, 125.108
17997, 266, 127, 0, 1, 0.1, 2.25145e+06, 125.108
17998, 16650, 127, 0, 0, 0.1, 2.25158e+06, 125.109
17999, 24842, 127, 0, 0, 0.1, 2.25171e+06, 125.109
18000, 28938, 127, 0, 0, 0.1, 2.25183e+06, 125.109
18001, 28930, 127, 3, 0, 0.1, 2.25196e+06, 125.109
18002, 28677, 127, 3, 0, 0.1, 2.25209e+06, 125.109
18003, 24585, 127, 1, 0, 0.1, 2.25221e+06, 125.109
18004, 28677, 127, 3, 0, 0.1, 2.25234e+06, 125.109
18005, 24585, 127, 3, 0, 0.1, 2.25247e+06, 125.109
18006, 24585, 117, 0, 0, 0.1, 2.25258e+06, 125.109
18007, 24585, 117, 1, 0, 0.1, 2.2527e+06, 125.108
18008, 28677, 127, 3, 0, 0.1, 2.25283e+06, 125.109
18009, 24585, 127, 1, 0, 0.1, 2.25296e+06, 125.109
18010, 28677, 127, 2, 0, 0.1, 2.25308e+06, 125.109
18011, 28677, 117, 1, 0, 0.1, 2.2532e+06, 125.108
18012, 28930, 127, 0, 0, 0.1, 2.25333e+06, 125.108
18013, 28938, 137, 3, 0, 0.1, 2.25346e+06, 125.109
18014, 28938, 117, 0, 0, 0.1, 2.25358e+06, 125.109
18015, 28930, 127, 2, 0, 0.1, 2.25371e+06, 125.109
18016, 28938, 127, 2, 0, 0.1, 2.25384e+06, 125.109
18017, 24834, 127, 0, 0, 0.1, 2.25396e+06, 125.109
18018, 28938, 127, 2, 0, 0.1, 2.25409e+06, 125.109
18019, 24834, 127, 3, 0, 0.1, 2.25422e+06, 125.109
18020, 16389, 127, 3, 0, 0.1, 2.25434e+06, 125.109
18021, 9, 127, 0, 0, 0.1, 2.25447e+06, 125.109
18022, 9, 117, 2, 1, 0.1, 2.25459e+06, 125.109
18023, 10, 127, 2, 0, 0.1, 2.25471e+06, 125.109
18024, 6, 127, 2, 0, 0.1, 2.25484e+06, 125.109
18025, 6, 117, 3, 1, 0.1, 2.25496e+06, 125.109
18026, 16389, 127, 1, 0, 0.1, 2.25508e+06, 125.109
18027, 6, 127, 1, 0, 0.1, 2.25521e+06, 125.109
18028, 6, 117, 0, 0, 0.1, 2.25533e+06, 125.108
18029, 10, 127, 0, 0, 0.1, 2.25546e+06, 125.108
18030, 9, 127, 2, 0, 0.1, 2.25558e+06, 125.109
18031, 10, 127, 0, 0, 0.1, 2.25571e+06, 125.109
18032, 9, 127, 2, 0, 0.1, 2.25584e+06, 125.109
18033, 10, 127, 0, 0, 0.1, 2.25596e+06, 125.109
18034, 9, 127, 0, 0, 0.1, 2.25609e+06, 125.109
18035, 9, 117, 2, 0, 0.1, 2.25621e+06, 125.109
18036, 10, 127, 2, 0, 0.1, 2.25634e+06, 125.109
18037, 6, 127, 1, 0, 0.1, 2.25646e+06, 125.109
18038, 6, 117, 2, 0, 0.1, 2.25658e+06, 125.108
18039, 6, 117, 0, 0, 0.1, 2.2567e+06, 125.108
18040, 10, 127, 0, 0, 0.1, 2.25682e+06, 125.108
18041, 9, 127, 1, 0, 0.1, 2.25695e+06, 125.108
18042, 16389, 127, 1, 0, 0.1, 2.25708e+06, 125.108
18043, 24834, 127, 0, 0, 0.1, 2.2572e+06, 125.108
18044, 28938, 127, 2, 0, 0.1, 2.25733e+06, 125.108
18045, 24834, 127, 3, 0, 0.1, 2.25746e+06, 125.109
18046, 16389, 127, 3, 0, 0.1, 2.25758e+06, 125.109
18047, 9, 127, 0, 0, 0.1, 2.25771e+06, 125.109
18048, 9, 117, 2, 0, 0.1, 2.25783e+06, 125.108
18049, 10, 127, 2, 0, 0.1, 2.25796e+06, 125.108
18050, 6, 127, 2, 1, 0.1, 2.25808e+06, 125.108
18051, 6, 117, 3, 0, 0.1, 2.2582e+06, 125.108
18052, 16517, 127, 0, 0, 0.1, 2.25833e+06, 125.108
18053, 16389, 67, 3, 0, 0.1, 2.25839e+06, 125.105
18054, 29962, 117, 0, 0, 0.1, 2.25851e+06, 125.104
18055, 30472, 127, 3, 1, 0.1, 2.25864e+06, 125.105
18056, 30472, 117, 1, 0, 0.1, 2.25876e+06, 125.104
18057, 29189, 137, 3, 0, 0.1, 2.25889e+06, 125.105
18058, 30472, 127, 2, 0, 0.1, 2.25902e+06, 125.105
18059, 29962, 127, 2, 0, 0.1, 2.25915e+06, 125.105
18060, 29960, 137, 0, 0, 0.1, 2.25928e+06, 125.106
18061, 29962, 127, 2, 0, 0.1, 2.25941e+06, 125.106
18062, 29960, 127, 2, 0, 0.1, 2.25954e+06, 125.106
18063, 29962, 127, 2, 0, 0.1, 2.25966e+06, 125.106
18064, 32002, 137, 3, 0, 0.1, 2.2598e+06, 125.107
18065, 30725, 137, 3, 0, 0.1, 2.25994e+06, 125.107
18066, 16644, 137, 1, 0, 0.1, 2.26008e+06, 125.108
18067, 24581, 127, 3, 0, 0.1, 2.2602e+06, 125.108
18068, 16644, 127, 0, 0, 0.1, 2.26033e+06, 125.108
18069, 24842, 127, 1, 0, 0.1, 2.26046e+06, 125.108
18070, 24842, 117, 0, 0, 0.1, 2.26057e+06, 125.108
18071, 28938, 127, 0, 0, 0.1, 2.2607e+06, 125.108
18072, 28938, 127, 2, 0, 0.1, 2.26083e+06, 125.108
18073, 28938, 127, 2, 0, 0.1, 2.26095e+06, 125.108
18074, 24842, 127, 0, 0, 0.1, 2.26108e+06, 125.108
18075, 28938, 127, 0, 0, 0.1, 2.26121e+06, 125.108
18076, 28938, 127, 2, 0, 0.1, 2.26134e+06, 125.108
18077, 28938, 127, 0, 0, 0.1, 2.26146e+06, 125.109
18078, 28938, 127, 1, 0, 0.1, 2.26159e+06, 125.109
18079, 28938, 117, 0, 0, 0.1, 2.26171e+06, 125.108
18080, 16394, 137, 3, 0, 0.1, 2.26184e+06, 125.109
18081, 16394, 117, 2, 0, 0.1, 2.26196e+06, 125.108
18082, 10, 127, 0, 0, 0.1, 2.26209e+06, 125.109
18083, 16394, 127, 0, 0, 0.1, 2.26221e+06, 125.109
18084, 24586, 127, 0, 0, 0.1, 2.26234e+06, 125.109
18085, 30721, 127, 3, 0, 0.1, 2.26247e+06, 125.109
18086, 30725, 127, 0, 0, 0.1, 2.2626e+06, 125.109
18087, 30725, 117, 2, 0, 0.1, 2.26271e+06, 125.108
18088, 30725, 117, 1, 0, 0.1, 2.26283e+06, 125.108
18089, 30721, 127, 1, 0, 0.1, 2.26296e+06, 125.108
18090, 30725, 127, 1, 0, 0.1, 2.26308e+06, 125.108
18091, 32002, 127, 3, 0, 0.1, 2.26321e+06, 125.108
18092, 30725, 127, 3, 0, 0.1, 2.26334e+06, 125.108
18093, 30721, 127, 3, 0, 0.1, 2.26346e+06, 125.109
18094, 30725, 127, 0, 0, 0.1, 2.26359e+06, 125.109
18095, 30725, 117, 1, 0, 0.1, 2.26371e+06, 125.108
18096, 30849, 127, 1, 1, 0.1, 2.26384e+06, 125.108
18097, 30853, 127, 3, 0, 0.1, 2.26396e+06, 125.108
18098, 30849, 127, 3, 1, 0.1, 2.26409e+06, 125.109
18099, 30853, 77, 1, 1, 0.1, 2.26417e+06, 125.106
18100, 29962, 117, 0, 1, 0.1, 2.26428e+06, 125.105
18101, 30472, 137, 0, 0, 0.1, 2.26442e+06, 125.106
18102, 29962, 137, 2, 0, 0.1, 2.26456e+06, 125.107
18103, 30472, 127, 1, 0, 0.1, 2.26468e+06, 125.107
18104, 29189, 137, 0, 1, 0.1, 2.26482e+06, 125.107
18105, 29189, 117, 3, 0, 0.1, 2.26494e+06, 125.107
18106, 30472, 127, 2, 0, 0.1, 2.26506e+06, 125.107
18107, 29962, 127, 0, 0, 0.1, 2.26519e+06, 125.107
18108, 30472, 127, 1, 0, 0.1, 2.26532e+06, 125.107
18109, 29189, 127, 3, 0, 0.1, 2.26545e+06, 125.107
18110, 30472, 127, 2, 0, 0.1, 2.26557e+06, 125.108
18111, 29962, 127, 2, 0, 0.1, 2.2657e+06, 125.108
18112, 29960, 137, 2, 0, 0.1, 2.26584e+06, 125.108
18113, 29962, 137, 0, 0, 0.1, 2.26597e+06, 125.109
18114, 29960, 127, 2, 1, 0.1, 2.2661e+06, 125.109
18115, 29962, 127, 2, 0, 0.1, 2.26623e+06, 125.109
18116, 30978, 137, 3, 0, 0.1, 2.26636e+06, 125.11
18117, 30725, 127, 3, 0, 0.1, 2.26649e+06, 125.11
18118, 31108, 137, 3, 0, 0.1, 2.26663e+06, 125.111
18119, 30853, 127, 1, 0, 0.1, 2.26676e+06, 125.111
18120, 31108, 127, 3, 0, 0.1, 2.26688e+06, 125.111
18121, 30853, 77, 2, 0, 0.1, 2.26696e+06, 125.108
18122, 30472, 127, 1, 0, 0.1, 2.26709e+06, 125.108
18123, 29189, 127, 3, 0, 0.1, 2.26721e+06, 125.108
18124, 30472, 127, 2, 0, 0.1, 2.26734e+06, 125.108
18125, 29962, 127, 0, 0, 0.1, 2.26747e+06, 125.109
18126, 30472, 127, 1, 0, 0.1, 2.2676e+06, 125.109
18127, 29189, 127, 3, 0, 0.1, 2.26772e+06, 125.109
18128, 30472, 127, 2, 0, 0.1, 2.26785e+06, 125.109
18129, 29962, 127, 2, 0, 0.1, 2.26798e+06, 125.109
18130, 32002, 137, 2, 0, 0.1, 2.26811e+06, 125.11
18131, 28938, 137, 0, 1, 0.1, 2.26825e+06, 125.11
18132, 30978, 127, 3, 0, 0.1, 2.26838e+06, 125.11
18133, 30725, 127, 3, 0, 0.1, 2.2685e+06, 125.111
18134, 30996, 137, 1, 0, 0.1, 2.26864e+06, 125.111
18135, 30725, 127, 3, 0, 0.1, 2.26877e+06, 125.111
18136, 30996, 127, 3, 0, 0.1, 2.2689e+06, 125.111
18137, 30725, 127, 2, 1, 0.1, 2.26902e+06, 125.111
18138, 30757, 117, 1, 0, 0.1, 2.26914e+06, 125.111
18139, 31124, 77, 2, 0, 0.1, 2.26922e+06, 125.108
18140, 30472, 137, 2, 0, 0.1, 2.26935e+06, 125.109
18141, 29962, 137, 3, 0, 0.1, 2.26949e+06, 125.11
18142, 29962, 117, 2, 0, 0.1, 2.26961e+06, 125.109
18143, 32002, 137, 3, 0, 0.1, 2.26974e+06, 125.11
18144, 30725, 137, 0, 1, 0.1, 2.26988e+06, 125.111
18145, 30725, 117, 3, 0, 0.1, 2.27e+06, 125.11
18146, 30980, 137, 2, 1, 0.1, 2.27014e+06, 125.111
18147, 30980, 117, 0, 0, 0.1, 2.27025e+06, 125.11
18148, 28938, 127, 2, 0, 0.1, 2.27038e+06, 125.11
18149, 30980, 127, 0, 0, 0.1, 2.27051e+06, 125.111
18150, 28938, 127, 0, 0, 0.1, 2.27063e+06, 125.111
18151, 28938, 137, 0, 0, 0.1, 2.27077e+06, 125.111
18152, 28938, 137, 2, 0, 0.1, 2.27091e+06, 125.112
18153, 28938, 127, 2, 0, 0.1, 2.27103e+06, 125.112
18154, 28938, 127, 2, 0, 0.1, 2.27116e+06, 125.112
18155, 30980, 127, 3, 0, 0.1, 2.27129e+06, 125.112
18156, 30725, 137, 3, 0, 0.1, 2.27142e+06, 125.113
18157, 24581, 137, 0, 0, 0.1, 2.27156e+06, 125.114
18158, 24581, 117, 1, 0, 0.1, 2.27168e+06, 125.113
18159, 16389, 127, 3, 0, 0.1, 2.27181e+06, 125.113
18160, 24581, 127, 1, 0, 0.1, 2.27193e+06, 125.113
18161, 16389, 127, 1, 0, 0.1, 2.27206e+06, 125.113
18162, 24836, 127, 0, 0, 0.1, 2.27219e+06, 125.114
18163, 24842, 127, 2, 0, 0.1, 2.27231e+06, 125.114
18164, 24836, 127, 0, 0, 0.1, 2.27244e+06, 125.114
18165, 24842, 127, 2, 0, 0.1, 2.27257e+06, 125.114
18166, 24836, 127, 3, 1, 0.1, 2.2727e+06, 125.114
18167, 16389, 127, 3, 0, 0.1, 2.27282e+06, 125.114
18168, 24581, 127, 1, 0, 0.1, 2.27295e+06, 125.114
18169, 16389, 127, 1, 0, 0.1, 2.27308e+06, 125.114
18170, 24836, 127, 0, 0, 0.1, 2.2732e+06, 125.114
18171, 24842, 127, 3, 1, 0.1, 2.27333e+06, 125.114
18172, 24842, 117, 0, 0, 0.1, 2.27345e+06, 125.114
18173, 28938, 127, 1, 0, 0.1, 2.27357e+06, 125.114
18174, 28938, 117, 1, 1, 0.1, 2.27369e+06, 125.114
18175, 28938, 117, 0, 0, 0.1, 2.27381e+06, 125.113
18176, 28938, 127, 2, 1, 0.1, 2.27394e+06, 125.113
18177, 28938, 127, 2, 0, 0.1, 2.27406e+06, 125.113
18178, 24842, 127, 1, 1, 0.1, 2.27419e+06, 125.114
18179, 24842, 117, 1, 0, 0.1, 2.27431e+06, 125.113
18180, 24842, 117, 2, 0, 0.1, 2.27442e+06, 125.113
18181, 24836, 127, 3, 0, 0.1, 2.27455e+06, 125.113
18182, 16389, 127, 3, 0, 0.1, 2.27468e+06, 125.113
18183, 24581, 127, 3, 0, 0.1, 2.2748e+06, 125.113
18184, 28677, 127, 1, 0, 0.1, 2.27493e+06, 125.113
18185, 24581, 127, 1, 0, 0.1, 2.27506e+06, 125.113
18186, 16389, 127, 1, 0, 0.1, 2.27518e+06, 125.113
18187, 24836, 127, 1, 0, 0.1, 2.27531e+06, 125.113
18188, 28677, 127, 3, 0, 0.1, 2.27544e+06, 125.113
18189, 24836, 127, 3, 0, 0.1, 2.27557e+06, 125.114
18190, 16389, 127, 2, 1, 0.1, 2.27569e+06, 125.114
18191, 16389, 117, 3, 0, 0.1, 2.27581e+06, 125.113
18192, 24581, 127, 3, 1, 0.1, 2.27594e+06, 125.113
18193, 28677, 127, 1, 0, 0.1, 2.27606e+06, 125.113
18194, 24581, 127, 1, 0, 0.1, 2.27619e+06, 125.114
18195, 16389, 127, 1, 0, 0.1, 2.27632e+06, 125.114
18196, 24836, 127, 3, 0, 0.1, 2.27644e+06, 125.114
18197, 16389, 127, 3, 0, 0.1, 2.27657e+06, 125.114
18198, 24581, 127, 3, 0, 0.1, 2.2767e+06, 125.114
18199, 28677, 127, 3, 1, 0.1, 2.27683e+06, 125.114
18200, 28940, 127, 1, 0, 0.1, 2.27695e+06, 125.114
18201, 28677, 127, 1, 0, 0.1, 2.27708e+06, 125.114
18202, 24581, 127, 3, 0, 0.1, 2.27721e+06, 125.114
18203, 28677, 127, 1, 0, 0.1, 2.27733e+06, 125.114
18204, 24581, 127, 1, 0, 0.1, 2.27746e+06, 125.115
18205, 16389, 127, 1, 0, 0.1, 2.27759e+06, 125.115
18206, 24836, 127, 1, 0, 0.1, 2.27772e+06, 125.115
18207, 28677, 127, 3, 0, 0.1, 2.27784e+06, 125.115
18208, 24836, 127, 1, 0, 0.1, 2.27797e+06, 125.115
18209, 28677, 127, 2, 1, 0.1, 2.2781e+06, 125.115
18210, 28677, 117, 1, 0, 0.1, 2.27821e+06, 125.115
18211, 29954, 127, 3, 0, 0.1, 2.27834e+06, 125.115
18212, 28677, 127, 1, 0, 0.1, 2.27847e+06, 125.115
18213, 29954, 127, 2, 0, 0.1, 2.27859e+06, 125.115
18214, 24842, 137, 1, 1, 0.1, 2.27873e+06, 125.116
18215, 24842, 117, 2, 0, 0.1, 2.27885e+06, 125.115
18216, 31488, 127, 0, 0, 0.1, 2.27898e+06, 125.115
18217, 24842, 127, 0, 0, 0.1, 2.2791e+06, 125.115
18218, 24834, 127, 3, 0, 0.1, 2.27923e+06, 125.115
18219, 16389, 127, 0, 0, 0.1, 2.27936e+06, 125.116
18220, 16389, 117, 1, 0, 0.1, 2.27947e+06, 125.115
18221, 24834, 127, 2, 0, 0.1, 2.2796e+06, 125.115
18222, 24842, 127, 2, 0, 0.1, 2.27973e+06, 125.115
18223, 31488, 127, 1, 0, 0.1, 2.27985e+06, 125.115
18224, 31237, 127, 3, 0, 0.1, 2.27998e+06, 125.116
18225, 31488, 127, 0, 0, 0.1, 2.28011e+06, 125.116
18226, 24842, 127, 2, 0, 0.1, 2.28024e+06, 125.116
18227, 31488, 127, 0, 0, 0.1, 2.28036e+06, 125.116
18228, 24842, 127, 0, 0, 0.1, 2.28049e+06, 125.116
18229, 24834, 127, 3, 0, 0.1, 2.28062e+06, 125.116
18230, 16389, 127, 1, 0, 0.1, 2.28074e+06, 125.116
18231, 24834, 127, 2, 0, 0.1, 2.28087e+06, 125.116
18232, 24842, 127, 0, 0, 0.1, 2.281e+06, 125.116
18233, 24962, 127, 2, 0, 0.1, 2.28112e+06, 125.116
18234, 24842, 127, 2, 0, 0.1, 2.28125e+06, 125.117
18235, 31488, 127, 3, 0, 0.1, 2.28138e+06, 125.117
18236, 31237, 127, 1, 0, 0.1, 2.28150e+06, 125.117
18237, 31488, 127, 1, 0, 0.1, 2.28163e+06, 125.117
18238, 31237, 127, 1, 0, 0.1, 2.28176e+06, 125.117
18239, 31492, 137, 3, 0, 0.1, 2.2819e+06, 125.118
18240, 31237, 127, 1, 0, 0.1, 2.28202e+06, 125.118
18241, 31620, 127, 0, 0, 0.1, 2.28215e+06, 125.118
18242, 28938, 127, 0, 0, 0.1, 2.28228e+06, 125.118
18243, 29512, 137, 1, 0, 0.1, 2.28241e+06, 125.119
18244, 29189, 127, 3, 0, 0.1, 2.28254e+06, 125.119
18245, 29448, 77, 2, 0, 0.1, 2.28262e+06, 125.116
18246, 29960, 137, 2, 1, 0.1, 2.28276e+06, 125.117
18247, 29962, 137, 2, 0, 0.1, 2.28289e+06, 125.117
18248, 32002, 137, 0, 0, 0.1, 2.28303e+06, 125.118
18249, 29962, 127, 0, 0, 0.1, 2.28316e+06, 125.118
18250, 29960, 127, 2, 1, 0.1, 2.28328e+06, 125.118
18251, 29962, 127, 0, 0, 0.1, 2.28341e+06, 125.118
18252, 29960, 127, 2, 0, 0.1, 2.28354e+06, 125.118
18253, 29962, 127, 2, 0, 0.1, 2.28366e+06, 125.119
18254, 32002, 127, 3, 0, 0.1, 2.28379e+06, 125.119
18255, 30725, 137, 3, 0, 0.1, 2.28393e+06, 125.119
18256, 30980, 127, 3, 0, 0.1, 2.28406e+06, 125.119
18257, 30725, 137, 1, 0, 0.1, 2.28419e+06, 125.12
18258, 30980, 127, 3, 0, 0.1, 2.28432e+06, 125.12
18259, 30725, 127, 3, 0, 0.1, 2.28445e+06, 125.12
18260, 30725, 127, 3, 0, 0.1, 2.28457e+06, 125.12
18261, 28677, 137, 3, 0, 0.1, 2.28471e+06, 125.121
18262, 28940, 127, 3, 1, 0.1, 2.28484e+06, 125.121
18263, 28956, 117, 0, 0, 0.1, 2.28495e+06, 125.121
18264, 28954, 87, 1, 0, 0.1, 2.28504e+06, 125.119
18265, 29962, 117, 2, 0, 0.1, 2.28516e+06, 125.118
18266, 25864, 137, 0, 0, 0.1, 2.2853e+06, 125.119
18267, 29962, 127, 0, 0, 0.1, 2.28542e+06, 125.119
18268, 30472, 127, 1, 0, 0.1, 2.28555e+06, 125.119
18269, 29189, 127, 3, 0, 0.1, 2.28568e+06, 125.119
18270, 30472, 127, 1, 0, 0.1, 2.2858e+06, 125.119
18271, 29189, 127, 1, 0, 0.1, 2.28593e+06, 125.119
18272, 29954, 137, 2, 0, 0.1, 2.28607e+06, 125.12
18273, 29962, 127, 2, 0, 0.1, 2.28619e+06, 125.12
18274, 29954, 127, 2, 0, 0.1, 2.28632e+06, 125.12
18275, 29962, 127, 0, 0, 0.1, 2.28645e+06, 125.12
18276, 29954, 127, 0, 0, 0.1, 2.28658e+06, 125.12
18277, 29962, 127, 3, 1, 0.1, 2.2867e+06, 125.12
18278, 29962, 117, 2, 0, 0.1, 2.28682e+06, 125.12
18279, 29954, 127, 2, 0, 0.1, 2.28695e+06, 125.12
18280, 29962, 127, 2, 0, 0.1, 2.28707e+06, 125.12
18281, 29960, 137, 2, 0, 0.1, 2.28721e+06, 125.121
18282, 28938, 137, 2, 0, 0.1, 2.28735e+06, 125.122
18283, 30980, 127, 0, 0, 0.1, 2.28747e+06, 125.122
18284, 28938, 127, 2, 0, 0.1, 2.2876e+06, 125.122
18285, 30980, 127, 0, 0, 0.1, 2.28773e+06, 125.122
18286, 28938, 127, 3, 0, 0.1, 2.28786e+06, 125.122
18287, 28938, 117, 2, 0, 0.1, 2.28797e+06, 125.122
18288, 30980, 127, 0, 0, 0.1, 2.2881e+06, 125.122
18289, 28938, 127, 1, 1, 0.1, 2.28823e+06, 125.122
18290, 28938, 117, 0, 0, 0.1, 2.28834e+06, 125.121
18291, 24840, 127, 0, 1, 0.1, 2.28847e+06, 125.121
18292, 16650, 127, 0, 0, 0.1, 2.2886e+06, 125.121
18293, 24834, 127, 2, 0, 0.1, 2.28872e+06, 125.122
18294, 16650, 127, 2, 0, 0.1, 2.28885e+06, 125.122
18295, 24840, 127, 2, 0, 0.1, 2.28898e+06, 125.122
18296, 28938, 127, 2, 0, 0.1, 2.28910e+06, 125.122
18297, 30980, 127, 3, 0, 0.1, 2.28923e+06, 125.122
18298, 30725, 137, 3, 1, 0.1, 2.28937e+06, 125.123
18299, 27904, 137, 3, 0, 0.1, 2.28951e+06, 125.123
18300, 18437, 127, 3, 0, 0.1, 2.28963e+06, 125.123
18301, 26629, 127, 0, 0, 0.1, 2.28976e+06, 125.123
18302, 26629, 117, 3, 0, 0.1, 2.28988e+06, 125.123
18303, 30725, 127, 0, 0, 0.1, 2.29e+06, 125.123
18304, 30725, 117, 3, 0, 0.1, 2.29012e+06, 125.123
18305, 31745, 127, 2, 0, 0.1, 2.29025e+06, 125.123
18306, 29706, 137, 2, 0, 0.1, 2.29038e+06, 125.123
18307, 29706, 127, 2, 0, 0.1, 2.29051e+06, 125.124
18308, 29706, 137, 2, 0, 0.1, 2.29065e+06, 125.124
18309, 29706, 137, 2, 0, 0.1, 2.29079e+06, 125.125
18310, 25610, 137, 1, 0, 0.1, 2.29092e+06, 125.126
18311, 25610, 117, 2, 0, 0.1, 2.29104e+06, 125.125
18312, 29706, 127, 2, 0, 0.1, 2.29117e+06, 125.125
18313, 29706, 127, 0, 0, 0.1, 2.29129e+06, 125.125
18314, 29706, 127, 0, 0, 0.1, 2.29142e+06, 125.125
18315, 25610, 127, 3, 0, 0.1, 2.29155e+06, 125.125
18316, 25610, 117, 3, 1, 0.1, 2.29166e+06, 125.125
18317, 25610, 117, 2, 0, 0.1, 2.29178e+06, 125.125
18318, 29706, 127, 3, 0, 0.1, 2.29191e+06, 125.125
18319, 29706, 117, 2, 0, 0.1, 2.29203e+06, 125.124
18320, 29706, 127, 1, 0, 0.1, 2.29215e+06, 125.124
18321, 29706, 117, 0, 0, 0.1, 2.29227e+06, 125.124
18322, 29706, 127, 2, 0, 0.1, 2.2924e+06, 125.124
18323, 29706, 127, 2, 0, 0.1, 2.29252e+06, 125.124
18324, 29706, 137, 2, 0, 0.1, 2.29266e+06, 125.125
18325, 27140, 137, 1, 0, 0.1, 2.2928e+06, 125.125
18326, 18949, 127, 1, 0, 0.1, 2.29292e+06, 125.126
18327, 27141, 127, 3, 0, 0.1, 2.29305e+06, 125.126
18328, 18949, 127, 1, 0, 0.1, 2.29318e+06, 125.126
18329, 27141, 127, 3, 0, 0.1, 2.29331e+06, 125.126
18330, 18949, 127, 1, 0, 0.1, 2.29343e+06, 125.126
18331, 27141, 127, 3, 0, 0.1, 2.29356e+06, 125.126
18332, 18949, 127, 1, 0, 0.1, 2.29369e+06, 125.126
18333, 27141, 127, 1, 0, 0.1, 2.29381e+06, 125.126
18334, 31237, 127, 3, 0, 0.1, 2.29394e+06, 125.126
18335, 27141, 127, 2, 1, 0.1, 2.29407e+06, 125.126
18336, 27141, 117, 1, 0, 0.1, 2.29418e+06, 125.126
18337, 31237, 127, 3, 0, 0.1, 2.29431e+06, 125.126
18338, 27141, 127, 3, 0, 0.1, 2.29444e+06, 125.126
18339, 18949, 127, 1, 0, 0.1, 2.29457e+06, 125.126
18340, 27141, 127, 1, 0, 0.1, 2.29469e+06, 125.126
18341, 31237, 127, 3, 0, 0.1, 2.29482e+06, 125.126
18342, 27141, 127, 3, 1, 0.1, 2.29495e+06, 125.127
18343, 18949, 127, 3, 0, 0.1, 2.29507e+06, 125.127
18344, 27156, 127, 3, 0, 0.1, 2.2952e+06, 125.127
18345, 31237, 127, 3, 0, 0.1, 2.29533e+06, 125.127
18346, 31237, 127, 3, 0, 0.1, 2.29546e+06, 125.127
18347, 31237, 137, 2, 0, 0.1, 2.29559e+06, 125.128
18348, 31237, 117, 3, 0, 0.1, 2.29571e+06, 125.127
18349, 27140, 137, 1, 0, 0.1, 2.29585e+06, 125.128
18350, 18949, 127, 1, 0, 0.1, 2.29597e+06, 125.128
18351, 2565, 127, 1, 0, 0.1, 2.2961e+06, 125.128
18352, 2565, 127, 1, 0, 0.1, 2.29623e+06, 125.128
18353, 2564, 127, 3, 0, 0.1, 2.29635e+06, 125.128
18354, 2565, 127, 1, 0, 0.1, 2.29648e+06, 125.128
18355, 2564, 127, 1, 0, 0.1, 2.29661e+06, 125.128
18356, 18949, 127, 1, 0, 0.1, 2.29674e+06, 125.129
18357, 27141, 127, 1, 0, 0.1, 2.29686e+06, 125.129
18358, 31237, 127, 3, 0, 0.1, 2.29699e+06, 125.129
18359, 27141, 127, 3, 0, 0.1, 2.29712e+06, 125.129
18360, 18949, 127, 1, 1, 0.1, 2.29724e+06, 125.129
18361, 27141, 127, 1, 0, 0.1, 2.29737e+06, 125.129
18362, 31237, 127, 3, 0, 0.1, 2.2975e+06, 125.129
18363, 27141, 127, 1, 0, 0.1, 2.29762e+06, 125.129
18364, 31237, 127, 3, 1, 0.1, 2.29775e+06, 125.129
18365, 27141, 127, 0, 0, 0.1, 2.29788e+06, 125.129
18366, 27141, 117, 3, 0, 0.1, 2.298e+06, 125.129
18367, 18949, 127, 3, 0, 0.1, 2.29812e+06, 125.129
18368, 2564, 127, 2, 0, 0.1, 2.29825e+06, 125.129
18369, 2564, 117, 3, 0, 0.1, 2.29837e+06, 125.129
18370, 2565, 127, 1, 1, 0.1, 2.29849e+06, 125.129
18371, 2564, 127, 0, 1, 0.1, 2.29862e+06, 125.129
18372, 10, 127, 2, 0, 0.1, 2.29875e+06, 125.129
18373, 2564, 127, 1, 0, 0.1, 2.29887e+06, 125.129
18374, 18949, 127, 1, 0, 0.1, 2.299e+06, 125.129
18375, 27141, 127, 1, 0, 0.1, 2.29913e+06, 125.129
18376, 31237, 127, 3, 0, 0.1, 2.29926e+06, 125.13
18377, 27141, 127, 1, 0, 0.1, 2.29938e+06, 125.13
18378, 31237, 127, 1, 0, 0.1, 2.29951e+06, 125.13
18379, 32512, 127, 2, 0, 0.1, 2.29964e+06, 125.13
18380, 29962, 137, 0, 0, 0.1, 2.29977e+06, 125.13
18381, 32512, 127, 2, 0, 0.1, 2.2999e+06, 125.131
18382, 29962, 127, 2, 0, 0.1, 2.30003e+06, 125.131
18383, 32130, 137, 3, 0, 0.1, 2.30016e+06, 125.131
18384, 30853, 137, 1, 0, 0.1, 2.3003e+06, 125.132
18385, 32130, 127, 2, 0, 0.1, 2.30043e+06, 125.132
18386, 25866, 137, 2, 0, 0.1, 2.30056e+06, 125.133
18387, 25864, 127, 2, 0, 0.1, 2.30069e+06, 125.133
18388, 17674, 127, 3, 1, 0.1, 2.30082e+06, 125.133
18389, 17690, 117, 0, 0, 0.1, 2.30094e+06, 125.132
18390, 25880, 127, 1, 0, 0.1, 2.30106e+06, 125.133
18391, 28805, 127, 1, 0, 0.1, 2.30119e+06, 125.133
18392, 29058, 127, 1, 1, 0.1, 2.30132e+06, 125.133
18393, 28930, 67, 3, 0, 0.1, 2.30138e+06, 125.13
18394, 29962, 117, 2, 0, 0.1, 2.3015e+06, 125.129
18395, 29960, 137, 2, 0, 0.1, 2.30164e+06, 125.13
18396, 25866, 137, 2, 0, 0.1, 2.30178e+06, 125.13
18397, 32002, 127, 0, 0, 0.1, 2.3019e+06, 125.131
18398, 25866, 127, 3, 0, 0.1, 2.30203e+06, 125.131
18399, 25866, 117, 1, 1, 0.1, 2.30215e+06, 125.13
18400, 25866, 117, 2, 0, 0.1, 2.30226e+06, 125.13
18401, 32002, 127, 2, 0, 0.1, 2.30239e+06, 125.13
18402, 29962, 127, 2, 0, 0.1, 2.30252e+06, 125.13
18403, 32512, 137, 1, 1, 0.1, 2.30265e+06, 125.131
18404, 31237, 137, 1, 0, 0.1, 2.30279e+06, 125.131
18405, 30980, 137, 0, 0, 0.1, 2.30293e+06, 125.132
18406, 28938, 127, 0, 0, 0.1, 2.30306e+06, 125.132
18407, 29448, 137, 3, 0, 0.1, 2.30319e+06, 125.133
18408, 29448, 117, 3, 0, 0.1, 2.30331e+06, 125.132
18409, 29448, 117, 1, 0, 0.1, 2.30343e+06, 125.132
18410, 16389, 137, 1, 0, 0.1, 2.30356e+06, 125.132
18411, 16390, 127, 3, 0, 0.1, 2.30369e+06, 125.133
18412, 16389, 127, 2, 0, 0.1, 2.30382e+06, 125.133
18413, 16389, 117, 3, 0, 0.1, 2.30393e+06, 125.132
18414, 24840, 127, 1, 0, 0.1, 2.30406e+06, 125.132
18415, 16389, 127, 1, 0, 0.1, 2.30419e+06, 125.132
18416, 16390, 127, 0, 1, 0.1, 2.30432e+06, 125.133
18417, 24586, 127, 3, 1, 0.1, 2.30444e+06, 125.133
18418, 24586, 117, 2, 0, 0.1, 2.30456e+06, 125.132
18419, 16390, 127, 2, 0, 0.1, 2.30469e+06, 125.132
18420, 16390, 117, 3, 0, 0.1, 2.3048e+06, 125.132
18421, 16389, 127, 1, 0, 0.1, 2.30493e+06, 125.132
18422, 16390, 127, 3, 0, 0.1, 2.30506e+06, 125.132
18423, 16389, 127, 3, 0, 0.1, 2.30518e+06, 125.132
18424, 24856, 127, 2, 1, 0.1, 2.30531e+06, 125.132
18425, 16666, 127, 2, 0, 0.1, 2.30544e+06, 125.132
18426, 26900, 127, 1, 0, 0.1, 2.30556e+06, 125.132
18427, 26757, 127, 3, 0, 0.1, 2.30569e+06, 125.133
18428, 26916, 77, 2, 0, 0.1, 2.30577e+06, 125.13
18429, 30472, 137, 1, 0, 0.1, 2.30591e+06, 125.131
18430, 29189, 137, 3, 0, 0.1, 2.30604e+06, 125.131
18431, 30472, 127, 1, 0, 0.1, 2.30617e+06, 125.131
18432, 29189, 127, 3, 0, 0.1, 2.3063e+06, 125.131
18433, 30472, 127, 0, 0, 0.1, 2.30642e+06, 125.132
18434, 29962, 127, 3, 0, 0.1, 2.30655e+06, 125.132
18435, 29962, 117, 0, 0, 0.1, 2.30667e+06, 125.131
18436, 29960, 137, 2, 0, 0.1, 2.30680e+06, 125.132
18437, 25866, 127, 2, 0, 0.1, 2.30693e+06, 125.132
18438, 30472, 127, 1, 0, 0.1, 2.30706e+06, 125.132
18439, 29189, 127, 1, 0, 0.1, 2.30719e+06, 125.132
18440, 29954, 137, 2, 0, 0.1, 2.30732e+06, 125.133
18441, 29962, 127, 2, 0, 0.1, 2.30745e+06, 125.133
18442, 30472, 137, 1, 0, 0.1, 2.30759e+06, 125.134
18443, 24581, 137, 2, 0, 0.1, 2.30772e+06, 125.134
18444, 24581, 117, 1, 0, 0.1, 2.30784e+06, 125.134
18445, 28934, 127, 3, 0, 0.1, 2.30797e+06, 125.134
18446, 24581, 127, 1, 1, 0.1, 2.3081e+06, 125.134
18447, 28934, 127, 0, 0, 0.1, 2.30822e+06, 125.134
18448, 28938, 127, 0, 0, 0.1, 2.30835e+06, 125.134
18449, 29193, 137, 2, 0, 0.1, 2.30849e+06, 125.135
18450, 28682, 127, 0, 1, 0.1, 2.30861e+06, 125.135
18451, 29193, 127, 2, 0, 0.1, 2.30874e+06, 125.135
18452, 28682, 127, 1, 1, 0.1, 2.30887e+06, 125.135
18453, 28682, 117, 2, 0, 0.1, 2.30898e+06, 125.135
18454, 24582, 127, 0, 0, 0.1, 2.30911e+06, 125.135
18455, 28682, 127, 1, 0, 0.1, 2.30924e+06, 125.135
18456, 28682, 117, 2, 0, 0.1, 2.30936e+06, 125.134
18457, 24582, 127, 0, 0, 0.1, 2.30948e+06, 125.134
18458, 28682, 127, 1, 0, 0.1, 2.30961e+06, 125.135
18459, 28682, 117, 2, 0, 0.1, 2.30973e+06, 125.134
18460, 24582, 127, 0, 0, 0.1, 2.30985e+06, 125.134
18461, 28682, 127, 0, 0, 0.1, 2.30998e+06, 125.134
18462, 29193, 127, 1, 0, 0.1, 2.31011e+06, 125.134
18463, 28677, 137, 1, 0, 0.1, 2.31024e+06, 125.135
18464, 29954, 127, 2, 0, 0.1, 2.31037e+06, 125.135
18465, 29962, 127, 2, 0, 0.1, 2.3105e+06, 125.135
18466, 25866, 127, 1, 1, 0.1, 2.31062e+06, 125.135
18467, 25866, 117, 2, 0, 0.1, 2.31074e+06, 125.135
18468, 25866, 127, 0, 1, 0.1, 2.31087e+06, 125.135
18469, 25866, 127, 1, 1, 0.1, 2.311e+06, 125.135
18470, 25866, 117, 2, 0, 0.1, 2.31111e+06, 125.135
18471, 25866, 127, 2, 0, 0.1, 2.31124e+06, 125.135
18472, 29962, 127, 0, 0, 0.1, 2.31137e+06, 125.135
18473, 25866, 127, 0, 0, 0.1, 2.31149e+06, 125.135
18474, 25866, 127, 2, 0, 0.1, 2.31162e+06, 125.135
18475, 25866, 127, 0, 0, 0.1, 2.31175e+06, 125.135
18476, 25866, 127, 2, 0, 0.1, 2.31188e+06, 125.135
18477, 25866, 127, 0, 0, 0.1, 2.312e+06, 125.135
18478, 25866, 127, 0, 0, 0.1, 2.31213e+06, 125.136
18479, 29962, 127, 2, 0, 0.1, 2.31226e+06, 125.136
18480, 25866, 127, 2, 0, 0.1, 2.31238e+06, 125.136
18481, 25866, 127, 2, 0, 0.1, 2.31251e+06, 125.136
18482, 29962, 127, 2, 0, 0.1, 2.31264e+06, 125.136
18483, 29962, 127, 2, 0, 0.1, 2.31276e+06, 125.136
18484, 28938, 137, 2, 1, 0.1, 2.3129e+06, 125.137
18485, 30982, 127, 3, 0, 0.1, 2.31303e+06, 125.137
18486, 30725, 137, 3, 0, 0.1, 2.31316e+06, 125.137
18487, 28684, 137, 3, 0, 0.1, 2.3133e+06, 125.138
18488, 28684, 117, 0, 1, 0.1, 2.31342e+06, 125.138
18489, 30722, 127, 3, 0, 0.1, 2.31355e+06, 125.138
18490, 28677, 137, 1, 0, 0.1, 2.31368e+06, 125.138
18491, 24578, 127, 2, 0, 0.1, 2.31381e+06, 125.138
18492, 16396, 127, 0, 0, 0.1, 2.31394e+06, 125.139
18493, 24578, 127, 3, 0, 0.1, 2.31406e+06, 125.139
18494, 28677, 127, 3, 1, 0.1, 2.31419e+06, 125.139
18495, 28681, 127, 1, 0, 0.1, 2.31432e+06, 125.139
18496, 28677, 127, 3, 0, 0.1, 2.31444e+06, 125.139
18497, 28681, 127, 1, 0, 0.1, 2.31457e+06, 125.139
18498, 28677, 127, 3, 0, 0.1, 2.3147e+06, 125.139
18499, 28681, 127, 1, 0, 0.1, 2.31483e+06, 125.139
18500, 28677, 127, 1, 0, 0.1, 2.31495e+06, 125.139
18501, 24578, 127, 2, 0, 0.1, 2.31508e+06, 125.139
18502, 16396, 127, 1, 1, 0.1, 2.31521e+06, 125.14
18503, 5, 127, 0, 0, 0.1, 2.31533e+06, 125.14
18504, 5, 117, 0, 0, 0.1, 2.31545e+06, 125.139
18505, 5, 117, 1, 1, 0.1, 2.31557e+06, 125.139
18506, 262, 127, 3, 0, 0.1, 2.3157e+06, 125.139
18507, 5, 127, 1, 0, 0.1, 2.31582e+06, 125.139
18508, 262, 127, 0, 0, 0.1, 2.31595e+06, 125.139
18509, 266, 127, 1, 0, 0.1, 2.31608e+06, 125.139
18510, 266, 117, 0, 0, 0.1, 2.31619e+06, 125.139
18511, 266, 127, 0, 0, 0.1, 2.31632e+06, 125.139
18512, 266, 127, 0, 0, 0.1, 2.31645e+06, 125.139
18513, 16650, 127, 0, 0, 0.1, 2.31657e+06, 125.139
18514, 24842, 127, 0, 0, 0.1, 2.3167e+06, 125.139
18515, 28938, 127, 0, 0, 0.1, 2.31683e+06, 125.139
18516, 28930, 127, 0, 1, 0.1, 2.31696e+06, 125.139
18517, 28938, 137, 2, 0, 0.1, 2.31709e+06, 125.14
18518, 28930, 127, 3, 0, 0.1, 2.31722e+06, 125.14
18519, 24581, 127, 0, 0, 0.1, 2.31735e+06, 125.14
18520, 24581, 117, 2, 1, 0.1, 2.31746e+06, 125.14
18521, 24581, 117, 1, 0, 0.1, 2.31758e+06, 125.139
18522, 28930, 127, 0, 0, 0.1, 2.31771e+06, 125.139
18523, 28938, 127, 2, 0, 0.1, 2.31783e+06, 125.14
18524, 28930, 127, 0, 0, 0.1, 2.31796e+06, 125.14
18525, 28938, 127, 2, 0, 0.1, 2.31809e+06, 125.14
18526, 28930, 127, 3, 0, 0.1, 2.31822e+06, 125.14
18527, 24581, 127, 1, 0, 0.1, 2.31834e+06, 125.14
18528, 28930, 127, 0, 0, 0.1, 2.31847e+06, 125.14
18529, 28938, 127, 2, 0, 0.1, 2.3186e+06, 125.14
18530, 28930, 127, 0, 0, 0.1, 2.31872e+06, 125.14
18531, 28938, 127, 0, 0, 0.1, 2.31885e+06, 125.14
18532, 28930, 137, 1, 1, 0.1, 2.31899e+06, 125.141
18533, 28930, 117, 0, 0, 0.1, 2.3191e+06, 125.141
18534, 28938, 137, 0, 0, 0.1, 2.31924e+06, 125.141
18535, 28938, 137, 3, 0, 0.1, 2.31938e+06, 125.142
18536, 28938, 117, 2, 0, 0.1, 2.3195e+06, 125.141
18537, 24842, 127, 0, 0, 0.1, 2.31962e+06, 125.141
18538, 28938, 127, 0, 0, 0.1, 2.31975e+06, 125.142
18539, 28938, 127, 2, 1, 0.1, 2.31988e+06, 125.142
18540, 28938, 127, 2, 0, 0.1, 2.32e+06, 125.142
18541, 24842, 127, 2, 0, 0.1, 2.32013e+06, 125.142
18542, 16642, 127, 0, 0, 0.1, 2.32026e+06, 125.142
18543, 24842, 127, 0, 0, 0.1, 2.32038e+06, 125.142
18544, 28938, 127, 2, 1, 0.1, 2.32051e+06, 125.142
18545, 24842, 127, 2, 0, 0.1, 2.32064e+06, 125.142
18546, 16642, 127, 2, 1, 0.1, 2.32076e+06, 125.142
18547, 266, 127, 2, 0, 0.1, 2.32089e+06, 125.142
18548, 258, 127, 2, 0, 0.1, 2.32102e+06, 125.143
18549, 266, 127, 2, 0, 0.1, 2.32115e+06, 125.143
18550, 266, 127, 0, 0, 0.1, 2.32127e+06, 125.143
18551, 266, 127, 2, 0, 0.1, 2.3214e+06, 125.143
18552, 266, 127, 2, 0, 0.1, 2.32153e+06, 125.143
18553, 266, 127, 0, 0, 0.1, 2.32165e+06, 125.143
18554, 266, 127, 0, 0, 0.1, 2.32178e+06, 125.143
18555, 266, 127, 2, 0, 0.1, 2.32191e+06, 125.143
18556, 266, 127, 0, 0, 0.1, 2.32204e+06, 125.143
18557, 266, 127, 0, 0, 0.1, 2.32216e+06, 125.143
18558, 258, 127, 0, 0, 0.1, 2.32229e+06, 125.144
18559, 266, 127, 2, 0, 0.1, 2.32242e+06, 125.144
18560, 258, 127, 0, 1, 0.1, 2.32254e+06, 125.144
18561, 266, 127, 2, 0, 0.1, 2.32267e+06, 125.144
18562, 258, 127, 2, 0, 0.1, 2.3228e+06, 125.144
18563, 266, 127, 2, 0, 0.1, 2.32292e+06, 125.144
18564, 266, 127, 2, 0, 0.1, 2.32305e+06, 125.144
18565, 266, 127, 0, 0, 0.1, 2.32318e+06, 125.144
18566, 266, 127, 1, 0, 0.1, 2.32330e+06, 125.144
18567, 266, 117, 0, 0, 0.1, 2.32342e+06, 125.144
18568, 266, 127, 1, 1, 0.1, 2.32355e+06, 125.144
18569, 266, 117, 0, 0, 0.1, 2.32367e+06, 125.144
18570, 258, 127, 1, 0, 0.1, 2.32379e+06, 125.144
18571, 258, 117, 2, 0, 0.1, 2.32391e+06, 125.143
18572, 266, 127, 1, 0, 0.1, 2.32404e+06, 125.143
18573, 266, 117, 2, 0, 0.1, 2.32415e+06, 125.143
18574, 266, 127, 2, 0, 0.1, 2.32428e+06, 125.143
18575, 266, 127, 2, 0, 0.1, 2.32441e+06, 125.143
18576, 266, 127, 2, 0, 0.1, 2.32454e+06, 125.143
18577, 266, 127, 0, 0, 0.1, 2.32466e+06, 125.143
18578, 266, 127, 0, 0, 0.1, 2.32479e+06, 125.143
18579, 266, 127, 0, 0, 0.1, 2.32492e+06, 125.144
18580, 266, 127, 0, 0, 0.1, 2.32504e+06, 125.144
18581, 266, 127, 2, 0, 0.1, 2.32517e+06, 125.144
18582, 266, 127, 2, 0, 0.1, 2.3253e+06, 125.144
18583, 266, 127, 0, 0, 0.1, 2.32542e+06, 125.144
18584, 266, 127, 2, 0, 0.1, 2.32555e+06, 125.144
18585, 266, 127, 0, 0, 0.1, 2.32568e+06, 125.144
18586, 266, 127, 2, 0, 0.1, 2.32580e+06, 125.144
18587, 266, 127, 2, 0, 0.1, 2.32593e+06, 125.144
18588, 266, 127, 0, 0, 0.1, 2.32606e+06, 125.144
18589, 266, 127, 0, 1, 0.1, 2.32619e+06, 125.145
18590, 266, 127, 1, 1, 0.1, 2.32631e+06, 125.145
18591, 266, 117, 2, 0, 0.1, 2.32643e+06, 125.144
18592, 266, 127, 0, 0, 0.1, 2.32656e+06, 125.144
18593, 266, 127, 2, 0, 0.1, 2.32668e+06, 125.144
18594, 266, 127, 2, 0, 0.1, 2.32681e+06, 125.144
18595, 266, 127, 2, 0, 0.1, 2.32694e+06, 125.145
18596, 266, 127, 2, 0, 0.1, 2.32706e+06, 125.145
18597, 266, 127, 0, 0, 0.1, 2.32719e+06, 125.145
18598, 266, 127, 2, 0, 0.1, 2.32732e+06, 125.145
18599, 266, 127, 2, 0, 0.1, 2.32745e+06, 125.145
18600, 262, 127, 3, 0, 0.1, 2.32757e+06, 125.145
18601, 5, 127, 1, 0, 0.1, 2.3277e+06, 125.145
18602, 262, 127, 3, 0, 0.1, 2.32783e+06, 125.145
18603, 5, 127, 0, 0, 0.1, 2.32795e+06, 125.145
18604, 5, 117, 3, 0, 0.1, 2.32807e+06, 125.145
18605, 16396, 127, 1, 0, 0.1, 2.3282e+06, 125.145
18606, 5, 127, 3, 0, 0.1, 2.32832e+06, 125.145
18607, 16396, 127, 3, 0, 0.1, 2.32845e+06, 125.145
18608, 16396, 117, 0, 0, 0.1, 2.32857e+06, 125.145
18609, 24578, 127, 1, 0, 0.1, 2.3287e+06, 125.145
18610, 24578, 117, 3, 0, 0.1, 2.32881e+06, 125.144
18611, 28677, 127, 3, 0, 0.1, 2.32894e+06, 125.145
18612, 28681, 127, 3, 0, 0.1, 2.32907e+06, 125.145
18613, 28681, 117, 2, 0, 0.1, 2.32918e+06, 125.144
18614, 63494, 137, 3, 0, 0.1, 2.32932e+06, 125.145
18615, 57349, 137, 3, 0, 0.1, 2.32946e+06, 125.145
18616, 61708, 127, 2, 0, 0.1, 2.32958e+06, 125.146
18617, 61708, 117, 1, 0, 0.1, 2.3297e+06, 125.145
18618, 57349, 127, 2, 0, 0.1, 2.32983e+06, 125.145
18619, 57349, 117, 3, 0, 0.1, 2.32995e+06, 125.145
18620, 61708, 127, 3, 0, 0.1, 2.33007e+06, 125.145
18621, 61708, 117, 1, 1, 0.1, 2.33019e+06, 125.144
18622, 57349, 127, 3, 0, 0.1, 2.33032e+06, 125.145
18623, 61708, 127, 0, 0, 0.1, 2.33044e+06, 125.145
18624, 61706, 127, 2, 0, 0.1, 2.33057e+06, 125.145
18625, 61708, 127, 2, 0, 0.1, 2.3307e+06, 125.145
18626, 61708, 117, 0, 0, 0.1, 2.33082e+06, 125.144
18627, 61706, 127, 2, 0, 0.1, 2.33094e+06, 125.145
18628, 61708, 127, 0, 0, 0.1, 2.33107e+06, 125.145
18629, 61706, 127, 3, 0, 0.1, 2.3312e+06, 125.145
18630, 61706, 117, 3, 0, 0.1, 2.33131e+06, 125.144
18631, 61706, 117, 0, 0, 0.1, 2.33143e+06, 125.144
18632, 61706, 137, 3, 0, 0.1, 2.33157e+06, 125.144
18633, 61706, 117, 2, 0, 0.1, 2.33168e+06, 125.144
18634, 61706, 127, 1, 0, 0.1, 2.33181e+06, 125.144
18635, 61706, 117, 0, 0, 0.1, 2.33193e+06, 125.144
18636, 61706, 127, 0, 0, 0.1, 2.33206e+06, 125.144
18637, 64256, 137, 2, 0, 0.1, 2.33219e+06, 125.144
18638, 61706, 127, 2, 0, 0.1, 2.33232e+06, 125.145
18639, 57610, 127, 0, 0, 0.1, 2.33245e+06, 125.145
18640, 61706, 127, 2, 0, 0.1, 2.33257e+06, 125.145
18641, 57610, 127, 2, 0, 0.1, 2.3327e+06, 125.145
18642, 49420, 127, 1, 0, 0.1, 2.33283e+06, 125.145
18643, 32773, 127, 1, 0, 0.1, 2.33295e+06, 125.145
18644, 32774, 127, 2, 0, 0.1, 2.33308e+06, 125.145
18645, 32774, 117, 0, 0, 0.1, 2.3332e+06, 125.145
18646, 32777, 127, 0, 0, 0.1, 2.33332e+06, 125.145
18647, 32777, 117, 0, 0, 0.1, 2.33344e+06, 125.144
18648, 32777, 117, 3, 0, 0.1, 2.33356e+06, 125.144
18649, 32777, 117, 0, 1, 0.1, 2.33368e+06, 125.144
18650, 32777, 117, 1, 0, 0.1, 2.33379e+06, 125.143
18651, 32773, 127, 1, 1, 0.1, 2.33392e+06, 125.143
18652, 49154, 127, 1, 0, 0.1, 2.33405e+06, 125.143
18653, 49154, 117, 0, 0, 0.1, 2.33416e+06, 125.143
18654, 57354, 127, 0, 0, 0.1, 2.33429e+06, 125.143
18655, 63619, 127, 1, 0, 0.1, 2.33442e+06, 125.143
18656, 63491, 117, 3, 0, 0.1, 2.33454e+06, 125.143
18657, 63621, 127, 2, 0, 0.1, 2.33466e+06, 125.143
18658, 63493, 117, 3, 0, 0.1, 2.33478e+06, 125.142
18659, 63764, 137, 3, 0, 0.1, 2.33492e+06, 125.143
18660, 63493, 137, 2, 1, 0.1, 2.33505e+06, 125.144
18661, 63493, 117, 3, 0, 0.1, 2.33517e+06, 125.143
18662, 63744, 127, 3, 1, 0.1, 2.3353e+06, 125.143
18663, 63621, 127, 3, 0, 0.1, 2.33542e+06, 125.143
18664, 63621, 137, 3, 0, 0.1, 2.33556e+06, 125.144
18665, 63621, 127, 3, 0, 0.1, 2.33569e+06, 125.144
18666, 64513, 137, 0, 0, 0.1, 2.33582e+06, 125.145
18667, 64513, 117, 1, 0, 0.1, 2.33594e+06, 125.144
18668, 63493, 127, 1, 0, 0.1, 2.33607e+06, 125.144
18669, 59397, 127, 3, 0, 0.1, 2.3362e+06, 125.144
18670, 63493, 127, 1, 0, 0.1, 2.33632e+06, 125.145
18671, 59525, 127, 3, 0, 0.1, 2.33645e+06, 125.145
18672, 63493, 127, 1, 1, 0.1, 2.33658e+06, 125.145
18673, 59397, 127, 1, 0, 0.1, 2.3367e+06, 125.145
18674, 63493, 127, 1, 0, 0.1, 2.33683e+06, 125.145
18675, 63872, 127, 2, 1, 0.1, 2.33696e+06, 125.145
18676, 61706, 127, 0, 0, 0.1, 2.33708e+06, 125.145
18677, 63744, 127, 3, 1, 0.1, 2.33721e+06, 125.145
18678, 63493, 127, 3, 0, 0.1, 2.33734e+06, 125.145
18679, 59397, 127, 1, 0, 0.1, 2.33747e+06, 125.145
18680, 63493, 127, 3, 1, 0.1, 2.33759e+06, 125.146
18681, 59525, 127, 3, 0, 0.1, 2.33772e+06, 125.146
18682, 63493, 127, 3, 0, 0.1, 2.33785e+06, 125.146
18683, 64513, 127, 3, 0, 0.1, 2.33797e+06, 125.146
18684, 63493, 137, 1, 0, 0.1, 2.33811e+06, 125.146
18685, 64513, 127, 1, 0, 0.1, 2.33824e+06, 125.147
18686, 59397, 127, 1, 0, 0.1, 2.33836e+06, 125.147
18687, 59397, 127, 1, 0, 0.1, 2.33849e+06, 125.147
18688, 63493, 127, 3, 0, 0.1, 2.33862e+06, 125.147
18689, 59397, 127, 1, 0, 0.1, 2.33875e+06, 125.147
18690, 63493, 127, 3, 0, 0.1, 2.33887e+06, 125.147
18691, 59397, 127, 3, 0, 0.1, 2.339e+06, 125.147
18692, 59397, 127, 3, 0, 0.1, 2.33913e+06, 125.147
18693, 64513, 127, 3, 0, 0.1, 2.33925e+06, 125.147
18694, 63493, 127, 3, 0, 0.1, 2.33938e+06, 125.147
18695, 63493, 137, 3, 0, 0.1, 2.33952e+06, 125.148
18696, 63493, 137, 1, 0, 0.1, 2.33966e+06, 125.149
18697, 59397, 127, 0, 0, 0.1, 2.33978e+06, 125.149
18698, 59397, 117, 3, 0, 0.1, 2.3399e+06, 125.148
18699, 63493, 127, 3, 0, 0.1, 2.34003e+06, 125.148
18700, 64513, 127, 1, 0, 0.1, 2.34015e+06, 125.149
18701, 63493, 127, 3, 0, 0.1, 2.34028e+06, 125.149
18702, 64513, 127, 0, 0, 0.1, 2.34041e+06, 125.149
18703, 64513, 117, 0, 0, 0.1, 2.34052e+06, 125.148
18704, 64513, 117, 2, 0, 0.1, 2.34064e+06, 125.148
18705, 62474, 137, 0, 0, 0.1, 2.34078e+06, 125.149
18706, 64513, 127, 1, 0, 0.1, 2.34090e+06, 125.149
18707, 59397, 127, 1, 0, 0.1, 2.34103e+06, 125.149
18708, 51205, 127, 3, 0, 0.1, 2.34116e+06, 125.149
18709, 59397, 127, 1, 0, 0.1, 2.34129e+06, 125.149
18710, 51205, 127, 2, 0, 0.1, 2.34141e+06, 125.149
18711, 51205, 117, 0, 0, 0.1, 2.34153e+06, 125.149
18712, 51205, 117, 0, 0, 0.1, 2.34165e+06, 125.148
18713, 51205, 117, 0, 0, 0.1, 2.34176e+06, 125.148
18714, 18437, 117, 3, 0, 0.1, 2.34188e+06, 125.147
18715, 26629, 127, 3, 0, 0.1, 2.34201e+06, 125.147
18716, 31745, 127, 3, 0, 0.1, 2.34214e+06, 125.147
18717, 30725, 127, 3, 0, 0.1, 2.34226e+06, 125.148
18718, 30976, 137, 0, 1, 0.1, 2.3424e+06, 125.148
18719, 28954, 137, 2, 0, 0.1, 2.34254e+06, 125.149
18720, 30992, 127, 3, 0, 0.1, 2.34266e+06, 125.149
18721, 30757, 137, 0, 0, 0.1, 2.3428e+06, 125.15
18722, 30725, 67, 3, 0, 0.1, 2.34287e+06, 125.146
18723, 29962, 117, 2, 0, 0.1, 2.34298e+06, 125.146
18724, 30472, 127, 1, 0, 0.1, 2.34311e+06, 125.146
18725, 29189, 137, 3, 0, 0.1, 2.34325e+06, 125.147
18726, 30472, 127, 2, 0, 0.1, 2.34338e+06, 125.147
18727, 29962, 127, 2, 0, 0.1, 2.3435e+06, 125.147
18728, 32002, 127, 3, 0, 0.1, 2.34363e+06, 125.147
18729, 30725, 137, 3, 0, 0.1, 2.34377e+06, 125.148
18730, 30980, 127, 3, 0, 0.1, 2.34389e+06, 125.148
18731, 26629, 127, 3, 0, 0.1, 2.34402e+06, 125.148
18732, 30725, 127, 3, 0, 0.1, 2.34415e+06, 125.148
18733, 30725, 127, 1, 0, 0.1, 2.34427e+06, 125.148
18734, 30725, 127, 3, 0, 0.1, 2.3444e+06, 125.148
18735, 30725, 127, 1, 0, 0.1, 2.34453e+06, 125.148
18736, 30725, 127, 1, 0, 0.1, 2.34466e+06, 125.148
18737, 26629, 127, 3, 0, 0.1, 2.34478e+06, 125.148
18738, 30725, 127, 0, 0, 0.1, 2.34491e+06, 125.149
18739, 30725, 117, 3, 0, 0.1, 2.34503e+06, 125.148
18740, 30725, 127, 1, 0, 0.1, 2.34515e+06, 125.148
18741, 30725, 127, 1, 0, 0.1, 2.34528e+06, 125.148
18742, 26629, 127, 3, 0, 0.1, 2.34541e+06, 125.148
18743, 30725, 127, 1, 0, 0.1, 2.34553e+06, 125.149
18744, 26629, 127, 1, 1, 0.1, 2.34566e+06, 125.149
18745, 30980, 127, 0, 0, 0.1, 2.34579e+06, 125.149
18746, 28938, 127, 2, 0, 0.1, 2.34592e+06, 125.149
18747, 30980, 127, 2, 0, 0.1, 2.34604e+06, 125.149
18748, 30980, 117, 0, 0, 0.1, 2.34616e+06, 125.149
18749, 28938, 127, 2, 0, 0.1, 2.34629e+06, 125.149
18750, 30980, 127, 3, 1, 0.1, 2.34641e+06, 125.149
18751, 26629, 127, 1, 1, 0.1, 2.34654e+06, 125.149
18752, 30980, 127, 0, 0, 0.1, 2.34667e+06, 125.149
18753, 28938, 127, 0, 1, 0.1, 2.34679e+06, 125.149
18754, 28938, 137, 3, 0, 0.1, 2.34693e+06, 125.15
18755, 28938, 117, 2, 0, 0.1, 2.34705e+06, 125.149
18756, 24842, 127, 2, 1, 0.1, 2.34718e+06, 125.149
18757, 26884, 127, 3, 0, 0.1, 2.3473e+06, 125.149
18758, 26629, 127, 3, 0, 0.1, 2.34743e+06, 125.149
18759, 30725, 127, 1, 1, 0.1, 2.34756e+06, 125.15
18760, 26629, 127, 3, 0, 0.1, 2.34768e+06, 125.15
18761, 30725, 127, 1, 0, 0.1, 2.34781e+06, 125.15
18762, 26629, 127, 0, 0, 0.1, 2.34794e+06, 125.15
18763, 26629, 117, 1, 0, 0.1, 2.34805e+06, 125.149
18764, 26884, 127, 1, 0, 0.1, 2.34818e+06, 125.15
18765, 30725, 127, 3, 0, 0.1, 2.34831e+06, 125.15
18766, 26884, 127, 0, 0, 0.1, 2.34844e+06, 125.15
18767, 24842, 127, 0, 0, 0.1, 2.34856e+06, 125.15
18768, 28938, 127, 2, 0, 0.1, 2.34869e+06, 125.15
18769, 24842, 127, 0, 0, 0.1, 2.34882e+06, 125.15
18770, 28938, 127, 0, 0, 0.1, 2.34894e+06, 125.15
18771, 28938, 127, 2, 0, 0.1, 2.34907e+06, 125.15
18772, 28938, 127, 0, 0, 0.1, 2.3492e+06, 125.15
18773, 28938, 127, 0, 0, 0.1, 2.34932e+06, 125.15
18774, 28938, 137, 2, 0, 0.1, 2.34946e+06, 125.151
18775, 24842, 127, 0, 0, 0.1, 2.34959e+06, 125.151
18776, 28938, 127, 0, 0, 0.1, 2.34972e+06, 125.151
18777, 28938, 127, 3, 0, 0.1, 2.34984e+06, 125.151
18778, 28938, 117, 2, 0, 0.1, 2.34996e+06, 125.151
18779, 28938, 127, 2, 0, 0.1, 2.35009e+06, 125.151
18780, 24842, 127, 0, 0, 0.1, 2.35021e+06, 125.151
18781, 28938, 127, 0, 0, 0.1, 2.35034e+06, 125.151
18782, 28938, 127, 0, 0, 0.1, 2.35047e+06, 125.151
18783, 30721, 137, 1, 1, 0.1, 2.3506e+06, 125.152
18784, 30725, 127, 3, 0, 0.1, 2.35073e+06, 125.152
18785, 30721, 127, 3, 0, 0.1, 2.35086e+06, 125.152
18786, 30725, 137, 0, 1, 0.1, 2.351e+06, 125.153
18787, 30725, 117, 1, 0, 0.1, 2.35111e+06, 125.152
18788, 26625, 127, 1, 0, 0.1, 2.35124e+06, 125.152
18789, 26629, 127, 3, 0, 0.1, 2.35137e+06, 125.153
18790, 26625, 127, 1, 0, 0.1, 2.35149e+06, 125.153
18791, 26629, 127, 3, 1, 0.1, 2.35162e+06, 125.153
18792, 26625, 127, 1, 0, 0.1, 2.35175e+06, 125.153
18793, 26629, 127, 3, 0, 0.1, 2.35187e+06, 125.153
18794, 26625, 127, 1, 0, 0.1, 2.352e+06, 125.153
18795, 26629, 127, 0, 0, 0.1, 2.35213e+06, 125.153
18796, 26629, 117, 3, 0, 0.1, 2.35224e+06, 125.153
18797, 26753, 127, 0, 1, 0.1, 2.35237e+06, 125.153
18798, 26753, 117, 2, 0, 0.1, 2.35249e+06, 125.152
18799, 16394, 127, 2, 0, 0.1, 2.35262e+06, 125.152
18800, 10, 127, 0, 0, 0.1, 2.35274e+06, 125.153
18801, 16410, 127, 1, 0, 0.1, 2.35287e+06, 125.153
18802, 16394, 67, 3, 0, 0.1, 2.35294e+06, 125.15
18803, 29962, 117, 0, 0, 0.1, 2.35305e+06, 125.149
18804, 29960, 137, 2, 0, 0.1, 2.35319e+06, 125.15
18805, 29962, 127, 2, 0, 0.1, 2.35332e+06, 125.15
18806, 30472, 137, 2, 0, 0.1, 2.35346e+06, 125.15
18807, 29962, 137, 0, 0, 0.1, 2.35359e+06, 125.151
18808, 30472, 127, 2, 0, 0.1, 2.35372e+06, 125.151
18809, 29962, 127, 2, 0, 0.1, 2.35385e+06, 125.151
18810, 32002, 137, 1, 0, 0.1, 2.35398e+06, 125.152
18811, 32002, 117, 3, 0, 0.1, 2.3541e+06, 125.152
18812, 30725, 137, 1, 0, 0.1, 2.35424e+06, 125.152
18813, 32002, 127, 3, 0, 0.1, 2.35436e+06, 125.152
18814, 30725, 127, 3, 0, 0.1, 2.35449e+06, 125.152
18815, 30980, 127, 0, 0, 0.1, 2.35462e+06, 125.152
18816, 28954, 137, 2, 0, 0.1, 2.35476e+06, 125.153
18817, 26884, 127, 2, 0, 0.1, 2.35488e+06, 125.153
18818, 26884, 117, 1, 0, 0.1, 2.355e+06, 125.153
18819, 26629, 127, 1, 0, 0.1, 2.35513e+06, 125.153
18820, 32018, 127, 3, 0, 0.1, 2.35525e+06, 125.153
18821, 26629, 127, 3, 0, 0.1, 2.35538e+06, 125.153
18822, 26884, 127, 1, 0, 0.1, 2.35551e+06, 125.153
18823, 26629, 127, 2, 1, 0.1, 2.35563e+06, 125.153
18824, 26661, 117, 3, 0, 0.1, 2.35575e+06, 125.153
18825, 27044, 127, 2, 0, 0.1, 2.35588e+06, 125.153
18826, 27012, 67, 3, 0, 0.1, 2.35594e+06, 125.15
18827, 29962, 117, 0, 0, 0.1, 2.35606e+06, 125.149
18828, 30472, 137, 1, 0, 0.1, 2.3562e+06, 125.15
18829, 29189, 137, 0, 1, 0.1, 2.35634e+06, 125.151
18830, 29189, 117, 1, 0, 0.1, 2.35645e+06, 125.15
18831, 29954, 137, 3, 1, 0.1, 2.35659e+06, 125.151
18832, 28677, 127, 3, 0, 0.1, 2.35672e+06, 125.151
18833, 29960, 127, 2, 0, 0.1, 2.35684e+06, 125.151
18834, 29962, 127, 0, 0, 0.1, 2.35697e+06, 125.151
18835, 29960, 127, 1, 1, 0.1, 2.3571e+06, 125.151
18836, 28677, 127, 2, 0, 0.1, 2.35722e+06, 125.151
18837, 28677, 117, 1, 0, 0.1, 2.35734e+06, 125.151
18838, 29954, 127, 3, 0, 0.1, 2.35747e+06, 125.151
18839, 28677, 127, 3, 0, 0.1, 2.3576e+06, 125.151
18840, 29960, 127, 2, 0, 0.1, 2.35772e+06, 125.151
18841, 29962, 127, 2, 0, 0.1, 2.35785e+06, 125.151
18842, 30472, 127, 0, 1, 0.1, 2.35798e+06, 125.151
18843, 29962, 127, 2, 1, 0.1, 2.3581e+06, 125.151
18844, 30472, 127, 0, 0, 0.1, 2.35823e+06, 125.152
18845, 29962, 127, 2, 0, 0.1, 2.35836e+06, 125.152
18846, 30472, 127, 2, 0, 0.1, 2.35848e+06, 125.152
18847, 29962, 127, 1, 1, 0.1, 2.35861e+06, 125.152
18848, 29962, 117, 3, 0, 0.1, 2.35873e+06, 125.151
18849, 29962, 117, 2, 0, 0.1, 2.35885e+06, 125.151
18850, 32002, 127, 0, 1, 0.1, 2.35897e+06, 125.151
18851, 29962, 127, 2, 0, 0.1, 2.3591e+06, 125.151
18852, 32002, 127, 2, 1, 0.1, 2.35923e+06, 125.151
18853, 25866, 137, 1, 0, 0.1, 2.35936e+06, 125.152
18854, 25866, 117, 1, 0, 0.1, 2.35948e+06, 125.151
18855, 25866, 117, 2, 0, 0.1, 2.3596e+06, 125.151
18856, 32512, 127, 2, 0, 0.1, 2.35972e+06, 125.151
18857, 29962, 127, 2, 0, 0.1, 2.35985e+06, 125.151
18858, 29962, 127, 2, 0, 0.1, 2.35998e+06, 125.151
18859, 28940, 137, 2, 0, 0.1, 2.36012e+06, 125.152
18860, 28940, 117, 0, 0, 0.1, 2.36023e+06, 125.152
18861, 24842, 127, 0, 0, 0.1, 2.36036e+06, 125.152
18862, 24842, 127, 0, 0, 0.1, 2.36049e+06, 125.152
18863, 31488, 127, 3, 0, 0.1, 2.36061e+06, 125.152
18864, 31237, 127, 1, 0, 0.1, 2.36074e+06, 125.152
18865, 31488, 127, 2, 0, 0.1, 2.36087e+06, 125.152
18866, 24842, 127, 2, 0, 0.1, 2.361e+06, 125.152
18867, 24842, 127, 0, 0, 0.1, 2.36112e+06, 125.152
18868, 24842, 127, 0, 0, 0.1, 2.36125e+06, 125.152
18869, 31488, 127, 3, 1, 0.1, 2.36138e+06, 125.152
18870, 31237, 127, 3, 0, 0.1, 2.3615e+06, 125.153
18871, 31237, 137, 0, 0, 0.1, 2.36164e+06, 125.153
18872, 31237, 117, 3, 0, 0.1, 2.36176e+06, 125.153
18873, 31237, 137, 3, 0, 0.1, 2.36189e+06, 125.153
18874, 32257, 127, 2, 0, 0.1, 2.36202e+06, 125.153
18875, 29706, 137, 2, 0, 0.1, 2.36216e+06, 125.154
18876, 25610, 137, 0, 0, 0.1, 2.3623e+06, 125.155
18877, 29706, 127, 2, 0, 0.1, 2.36242e+06, 125.155
18878, 25610, 127, 2, 0, 0.1, 2.36255e+06, 125.155
18879, 29706, 127, 2, 0, 0.1, 2.36268e+06, 125.155
18880, 29706, 127, 0, 0, 0.1, 2.3628e+06, 125.155
18881, 29706, 127, 2, 0, 0.1, 2.36293e+06, 125.155
18882, 29706, 127, 0, 0, 0.1, 2.36306e+06, 125.155
18883, 29706, 127, 2, 0, 0.1, 2.36318e+06, 125.155
18884, 29706, 127, 2, 0, 0.1, 2.36331e+06, 125.155
18885, 25610, 137, 1, 0, 0.1, 2.36345e+06, 125.156
18886, 25610, 117, 2, 0, 0.1, 2.36356e+06, 125.156
18887, 29706, 127, 2, 0, 0.1, 2.36369e+06, 125.156
18888, 29706, 127, 2, 0, 0.1, 2.36382e+06, 125.156
18889, 28682, 137, 1, 0, 0.1, 2.36396e+06, 125.157
18890, 28682, 117, 2, 0, 0.1, 2.36407e+06, 125.156
18891, 31364, 127, 3, 0, 0.1, 2.3642e+06, 125.156
18892, 31365, 127, 3, 0, 0.1, 2.36433e+06, 125.156
18893, 31365, 127, 3, 1, 0.1, 2.36445e+06, 125.156
18894, 31237, 77, 1, 0, 0.1, 2.36453e+06, 125.154
18895, 29962, 117, 1, 0, 0.1, 2.36465e+06, 125.153
18896, 29962, 117, 2, 0, 0.1, 2.36476e+06, 125.153
18897, 30472, 137, 2, 0, 0.1, 2.3649e+06, 125.154
18898, 29962, 127, 0, 0, 0.1, 2.36503e+06, 125.154
18899, 30472, 127, 1, 0, 0.1, 2.36516e+06, 125.154
18900, 29189, 137, 0, 0, 0.1, 2.36529e+06, 125.154
18901, 29189, 117, 1, 0, 0.1, 2.36541e+06, 125.154
18902, 29954, 137, 2, 0, 0.1, 2.36555e+06, 125.155
18903, 29962, 137, 0, 0, 0.1, 2.36568e+06, 125.155
18904, 25858, 127, 3, 0, 0.1, 2.36581e+06, 125.155
18905, 24581, 127, 3, 0, 0.1, 2.36594e+06, 125.155
18906, 29960, 127, 0, 0, 0.1, 2.36606e+06, 125.156
18907, 29962, 127, 0, 0, 0.1, 2.36619e+06, 125.156
18908, 30472, 137, 2, 0, 0.1, 2.36633e+06, 125.156
18909, 29962, 127, 0, 0, 0.1, 2.36646e+06, 125.156
18910, 30472, 127, 1, 0, 0.1, 2.36658e+06, 125.156
18911, 28677, 137, 0, 1, 0.1, 2.36672e+06, 125.157
18912, 28677, 117, 3, 0, 0.1, 2.36684e+06, 125.157
18913, 29960, 127, 2, 0, 0.1, 2.36696e+06, 125.157
18914, 29962, 127, 0, 0, 0.1, 2.36709e+06, 125.157
18915, 29960, 127, 1, 0, 0.1, 2.36722e+06, 125.157
18916, 28677, 127, 3, 0, 0.1, 2.36734e+06, 125.157
18917, 29960, 127, 2, 0, 0.1, 2.36747e+06, 125.157
18918, 29962, 127, 2, 0, 0.1, 2.3676e+06, 125.157
18919, 29960, 127, 2, 0, 0.1, 2.36773e+06, 125.157
18920, 29962, 127, 0, 0, 0.1, 2.36785e+06, 125.157
18921, 29960, 127, 2, 0, 0.1, 2.36798e+06, 125.158
18922, 29962, 127, 2, 0, 0.1, 2.36811e+06, 125.158
18923, 32002, 137, 3, 0, 0.1, 2.36824e+06, 125.158
18924, 30725, 137, 1, 0, 0.1, 2.36838e+06, 125.159
18925, 32002, 127, 3, 0, 0.1, 2.36851e+06, 125.159
18926, 30725, 127, 3, 0, 0.1, 2.36864e+06, 125.159
18927, 30980, 137, 3, 0, 0.1, 2.36877e+06, 125.16
18928, 30725, 137, 1, 0, 0.1, 2.36891e+06, 125.16
18929, 30980, 127, 3, 0, 0.1, 2.36904e+06, 125.16
18930, 30725, 127, 3, 0, 0.1, 2.36916e+06, 125.16
18931, 30725, 137, 3, 0, 0.1, 2.3693e+06, 125.161
18932, 28677, 137, 0, 0, 0.1, 2.36944e+06, 125.162
18933, 28677, 117, 1, 0, 0.1, 2.36955e+06, 125.161
18934, 24581, 127, 1, 0, 0.1, 2.36968e+06, 125.161
18935, 28677, 127, 3, 0, 0.1, 2.36981e+06, 125.162
18936, 24581, 127, 3, 0, 0.1, 2.36994e+06, 125.162
18937, 28677, 127, 1, 0, 0.1, 2.37006e+06, 125.162
18938, 24581, 127, 1, 0, 0.1, 2.37019e+06, 125.162
18939, 28677, 127, 3, 0, 0.1, 2.37032e+06, 125.162
18940, 24581, 127, 1, 0, 0.1, 2.37044e+06, 125.162
18941, 28677, 127, 3, 0, 0.1, 2.37057e+06, 125.162
18942, 24581, 127, 3, 0, 0.1, 2.3707e+06, 125.162
18943, 28677, 127, 3, 0, 0.1, 2.37082e+06, 125.162
18944, 28940, 127, 1, 0, 0.1, 2.37095e+06, 125.162
18945, 28677, 127, 3, 0, 0.1, 2.37108e+06, 125.162
18946, 28940, 127, 3, 0, 0.1, 2.37120e+06, 125.163
18947, 28956, 117, 2, 0, 0.1, 2.37132e+06, 125.162
18948, 28956, 117, 2, 0, 0.1, 2.37144e+06, 125.162
18949, 28956, 67, 3, 0, 0.1, 2.37151e+06, 125.159
18950, 29962, 117, 2, 0, 0.1, 2.37162e+06, 125.158
18951, 30472, 127, 1, 0, 0.1, 2.37175e+06, 125.158
18952, 29189, 127, 3, 0, 0.1, 2.37188e+06, 125.158
18953, 30472, 127, 1, 0, 0.1, 2.372e+06, 125.159
18954, 29189, 127, 3, 0, 0.1, 2.37213e+06, 125.159
18955, 30472, 127, 2, 0, 0.1, 2.37226e+06, 125.159
18956, 29962, 137, 1, 0, 0.1, 2.3724e+06, 125.159
18957, 29962, 117, 3, 1, 0.1, 2.37251e+06, 125.159
18958, 29962, 117, 2, 0, 0.1, 2.37263e+06, 125.158
18959, 32002, 137, 1, 1, 0.1, 2.37277e+06, 125.159
18960, 32002, 117, 2, 0, 0.1, 2.37288e+06, 125.159
18961, 29962, 137, 2, 0, 0.1, 2.37302e+06, 125.159
18962, 32512, 127, 3, 0, 0.1, 2.37315e+06, 125.159
18963, 31237, 137, 3, 0, 0.1, 2.37328e+06, 125.16
18964, 27141, 137, 0, 0, 0.1, 2.37342e+06, 125.161
18965, 27141, 117, 3, 0, 0.1, 2.37354e+06, 125.16
18966, 31237, 127, 1, 0, 0.1, 2.37366e+06, 125.16
18967, 27141, 127, 3, 0, 0.1, 2.37379e+06, 125.16
18968, 31237, 127, 1, 0, 0.1, 2.37392e+06, 125.16
18969, 27141, 127, 1, 0, 0.1, 2.37405e+06, 125.161
18970, 31237, 127, 1, 0, 0.1, 2.37417e+06, 125.161
18971, 32512, 127, 2, 0, 0.1, 2.3743e+06, 125.161
18972, 24842, 137, 0, 0, 0.1, 2.37444e+06, 125.161
18973, 27392, 127, 1, 0, 0.1, 2.37456e+06, 125.162
18974, 31237, 127, 0, 0, 0.1, 2.37469e+06, 125.162
18975, 31237, 117, 3, 0, 0.1, 2.37481e+06, 125.161
18976, 27392, 127, 1, 0, 0.1, 2.37494e+06, 125.161
18977, 31237, 127, 3, 0, 0.1, 2.37506e+06, 125.161
18978, 27392, 127, 1, 0, 0.1, 2.37519e+06, 125.161
18979, 31237, 127, 3, 0, 0.1, 2.37532e+06, 125.162
18980, 27392, 127, 3, 0, 0.1, 2.37544e+06, 125.162
18981, 18949, 127, 1, 0, 0.1, 2.37557e+06, 125.162
18982, 27392, 127, 3, 0, 0.1, 2.3757e+06, 125.162
18983, 18949, 127, 1, 0, 0.1, 2.37582e+06, 125.162
18984, 27392, 127, 1, 0, 0.1, 2.37595e+06, 125.162
18985, 31237, 127, 2, 0, 0.1, 2.37608e+06, 125.162
18986, 31237, 117, 1, 0, 0.1, 2.3762e+06, 125.162
18987, 31492, 127, 0, 0, 0.1, 2.37632e+06, 125.162
18988, 28938, 127, 2, 0, 0.1, 2.37645e+06, 125.162
18989, 31492, 127, 1, 0, 0.1, 2.37658e+06, 125.162
18990, 26629, 137, 3, 0, 0.1, 2.37671e+06, 125.163
18991, 26884, 127, 3, 0, 0.1, 2.37684e+06, 125.163
18992, 18437, 127, 2, 0, 0.1, 2.37697e+06, 125.163
18993, 18437, 117, 3, 0, 0.1, 2.37708e+06, 125.162
18994, 18688, 127, 1, 0, 0.1, 2.37721e+06, 125.162
18995, 18437, 127, 1, 0, 0.1, 2.37734e+06, 125.163
18996, 26884, 127, 1, 0, 0.1, 2.37746e+06, 125.163
18997, 26629, 127, 2, 0, 0.1, 2.37759e+06, 125.163
18998, 26629, 117, 3, 0, 0.1, 2.37771e+06, 125.162
18999, 26884, 127, 3, 0, 0.1, 2.37784e+06, 125.162
19000, 18437, 127, 1, 0, 0.1, 2.37796e+06, 125.163
19001, 26884, 127, 0, 0, 0.1, 2.37809e+06, 125.163
19002, 28938, 127, 0, 0, 0.1, 2.37822e+06, 125.163
19003, 29448, 127, 2, 0, 0.1, 2.37834e+06, 125.163
19004, 28938, 127, 0, 0, 0.1, 2.37847e+06, 125.163
19005, 29448, 127, 3, 0, 0.1, 2.3786e+06, 125.163
19006, 29448, 117, 1, 0, 0.1, 2.37872e+06, 125.163
19007, 29189, 137, 3, 0, 0.1, 2.37885e+06, 125.163
19008, 29448, 127, 0, 0, 0.1, 2.37898e+06, 125.163
19009, 28938, 127, 1, 0, 0.1, 2.37911e+06, 125.163
19010, 28938, 117, 1, 0, 0.1, 2.37922e+06, 125.163
19011, 28938, 117, 0, 0, 0.1, 2.37934e+06, 125.163
19012, 28930, 87, 3, 0, 0.1, 2.37943e+06, 125.161
19013, 29962, 117, 2, 0, 0.1, 2.37954e+06, 125.16
19014, 30472, 137, 2, 0, 0.1, 2.37968e+06, 125.161
19015, 29962, 127, 2, 0, 0.1, 2.37981e+06, 125.161
19016, 32002, 127, 3, 1, 0.1, 2.37994e+06, 125.161
19017, 30725, 137, 1, 0, 0.1, 2.38007e+06, 125.162
19018, 27906, 127, 0, 0, 0.1, 2.3802e+06, 125.162
19019, 29962, 127, 2, 0, 0.1, 2.38033e+06, 125.162
19020, 27906, 127, 3, 0, 0.1, 2.38045e+06, 125.162
19021, 30725, 127, 3, 0, 0.1, 2.38058e+06, 125.162
19022, 30980, 127, 0, 1, 0.1, 2.38071e+06, 125.162
19023, 28938, 137, 0, 0, 0.1, 2.38084e+06, 125.163
19024, 28938, 127, 2, 0, 0.1, 2.38097e+06, 125.163
19025, 28938, 127, 0, 0, 0.1, 2.3811e+06, 125.163
19026, 28938, 127, 2, 0, 0.1, 2.38122e+06, 125.163
19027, 28938, 127, 0, 0, 0.1, 2.38135e+06, 125.163
19028, 28938, 127, 0, 0, 0.1, 2.38148e+06, 125.163
19029, 28938, 137, 3, 0, 0.1, 2.38162e+06, 125.164
19030, 28938, 117, 2, 0, 0.1, 2.38173e+06, 125.163
19031, 28938, 127, 0, 0, 0.1, 2.38186e+06, 125.163
19032, 28938, 127, 2, 0, 0.1, 2.38199e+06, 125.164
19033, 28938, 127, 2, 0, 0.1, 2.38211e+06, 125.164
19034, 28938, 127, 3, 0, 0.1, 2.38224e+06, 125.164
19035, 28938, 117, 2, 0, 0.1, 2.38236e+06, 125.163
19036, 30980, 127, 1, 1, 0.1, 2.38248e+06, 125.163
19037, 30725, 127, 2, 0, 0.1, 2.38261e+06, 125.163
19038, 30725, 117, 3, 0, 0.1, 2.38273e+06, 125.163
19039, 30980, 127, 0, 0, 0.1, 2.38286e+06, 125.163
19040, 28938, 127, 0, 0, 0.1, 2.38298e+06, 125.163
19041, 28938, 127, 0, 0, 0.1, 2.38311e+06, 125.163
19042, 28938, 127, 2, 0, 0.1, 2.38324e+06, 125.163
19043, 28938, 127, 0, 0, 0.1, 2.38336e+06, 125.164
19044, 28938, 127, 2, 0, 0.1, 2.38349e+06, 125.164
19045, 28938, 127, 2, 1, 0.1, 2.38362e+06, 125.164
19046, 28938, 127, 0, 0, 0.1, 2.38374e+06, 125.164
19047, 28938, 127, 0, 0, 0.1, 2.38387e+06, 125.164
19048, 28938, 127, 2, 0, 0.1, 2.384e+06, 125.164
19049, 28938, 127, 2, 0, 0.1, 2.38413e+06, 125.164
19050, 28938, 127, 2, 0, 0.1, 2.38425e+06, 125.164
19051, 30980, 127, 1, 0, 0.1, 2.38438e+06, 125.164
19052, 30725, 127, 3, 0, 0.1, 2.38451e+06, 125.164
19053, 30980, 127, 0, 0, 0.1, 2.38463e+06, 125.164
19054, 28938, 127, 2, 0, 0.1, 2.38476e+06, 125.165
19055, 30980, 127, 0, 0, 0.1, 2.38489e+06, 125.165
19056, 28938, 127, 0, 0, 0.1, 2.38502e+06, 125.165
19057, 28938, 127, 0, 0, 0.1, 2.38514e+06, 125.165
19058, 28938, 127, 0, 0, 0.1, 2.38527e+06, 125.165
19059, 24586, 137, 3, 0, 0.1, 2.38541e+06, 125.166
19060, 24586, 117, 2, 0, 0.1, 2.38552e+06, 125.165
19061, 16394, 127, 2, 0, 0.1, 2.38565e+06, 125.165
19062, 24586, 127, 2, 0, 0.1, 2.38578e+06, 125.165
19063, 28682, 127, 2, 0, 0.1, 2.3859e+06, 125.165
19064, 30724, 127, 0, 0, 0.1, 2.38603e+06, 125.166
19065, 28682, 127, 0, 1, 0.1, 2.38616e+06, 125.166
19066, 24586, 127, 0, 1, 0.1, 2.38628e+06, 125.166
19067, 16394, 127, 2, 0, 0.1, 2.38641e+06, 125.166
19068, 24586, 127, 0, 1, 0.1, 2.38654e+06, 125.166
19069, 16394, 127, 0, 0, 0.1, 2.38667e+06, 125.166
19070, 24586, 127, 0, 0, 0.1, 2.38679e+06, 125.166
19071, 28682, 127, 0, 0, 0.1, 2.38692e+06, 125.166
19072, 31233, 127, 1, 0, 0.1, 2.38705e+06, 125.166
19073, 31237, 137, 3, 0, 0.1, 2.38718e+06, 125.167
19074, 31233, 127, 2, 0, 0.1, 2.38731e+06, 125.167
19075, 24586, 127, 0, 0, 0.1, 2.38744e+06, 125.167
19076, 31233, 127, 2, 0, 0.1, 2.38756e+06, 125.167
19077, 24586, 127, 3, 0, 0.1, 2.38769e+06, 125.167
19078, 24586, 117, 2, 0, 0.1, 2.38781e+06, 125.167
19079, 16394, 127, 2, 0, 0.1, 2.38794e+06, 125.167
19080, 16394, 127, 2, 0, 0.1, 2.38806e+06, 125.167
19081, 24586, 127, 0, 0, 0.1, 2.38819e+06, 125.167
19082, 16394, 127, 2, 0, 0.1, 2.38832e+06, 125.167
19083, 24586, 127, 2, 0, 0.1, 2.38844e+06, 125.167
19084, 28682, 127, 2, 0, 0.1, 2.38857e+06, 125.167
19085, 30724, 127, 0, 0, 0.1, 2.3887e+06, 125.168
19086, 28682, 127, 1, 1, 0.1, 2.38882e+06, 125.168
19087, 28682, 117, 2, 0, 0.1, 2.38894e+06, 125.167
19088, 30724, 127, 1, 0, 0.1, 2.38907e+06, 125.167
19089, 30725, 127, 3, 0, 0.1, 2.3892e+06, 125.167
19090, 30724, 127, 0, 0, 0.1, 2.38932e+06, 125.168
19091, 28682, 127, 2, 0, 0.1, 2.38945e+06, 125.168
19092, 30724, 127, 3, 0, 0.1, 2.38958e+06, 125.168
19093, 30725, 137, 2, 0, 0.1, 2.38971e+06, 125.168
19094, 30725, 117, 3, 0, 0.1, 2.38983e+06, 125.168
19095, 30725, 127, 3, 0, 0.1, 2.38996e+06, 125.168
19096, 30725, 137, 3, 0, 0.1, 2.3901e+06, 125.169
19097, 28940, 137, 0, 0, 0.1, 2.39023e+06, 125.169
19098, 28954, 137, 2, 0, 0.1, 2.39037e+06, 125.17
19099, 28956, 127, 3, 0, 0.1, 2.3905e+06, 125.17
19100, 28956, 67, 2, 0, 0.1, 2.39056e+06, 125.167
19101, 30472, 137, 2, 0, 0.1, 2.3907e+06, 125.168
19102, 29962, 127, 0, 0, 0.1, 2.39083e+06, 125.168
19103, 30472, 127, 1, 0, 0.1, 2.39095e+06, 125.168
19104, 29189, 127, 1, 0, 0.1, 2.39108e+06, 125.168
19105, 29954, 137, 2, 0, 0.1, 2.39122e+06, 125.168
19106, 29962, 137, 2, 0, 0.1, 2.39136e+06, 125.169
19107, 29960, 127, 2, 0, 0.1, 2.39148e+06, 125.169
19108, 28938, 137, 2, 0, 0.1, 2.39162e+06, 125.17
19109, 31492, 127, 3, 0, 0.1, 2.39175e+06, 125.17
19110, 31237, 137, 3, 0, 0.1, 2.39188e+06, 125.17
19111, 32512, 127, 2, 0, 0.1, 2.39201e+06, 125.171
19112, 29962, 127, 2, 0, 0.1, 2.39214e+06, 125.171
19113, 29962, 137, 0, 1, 0.1, 2.39227e+06, 125.171
19114, 29962, 127, 0, 0, 0.1, 2.3924e+06, 125.171
19115, 32512, 127, 3, 0, 0.1, 2.39253e+06, 125.171
19116, 31237, 137, 3, 0, 0.1, 2.39266e+06, 125.172
19117, 31237, 137, 1, 0, 0.1, 2.3928e+06, 125.173
19118, 31237, 127, 1, 0, 0.1, 2.39293e+06, 125.173
19119, 32512, 127, 2, 0, 0.1, 2.39306e+06, 125.173
19120, 29962, 127, 3, 0, 0.1, 2.39318e+06, 125.173
19121, 29962, 117, 2, 0, 0.1, 2.3933e+06, 125.173
19122, 29962, 127, 2, 0, 0.1, 2.39343e+06, 125.173
19123, 29452, 137, 1, 0, 0.1, 2.39356e+06, 125.173
19124, 28677, 137, 1, 0, 0.1, 2.3937e+06, 125.174
19125, 61702, 137, 0, 0, 0.1, 2.39384e+06, 125.175
19126, 61961, 137, 1, 0, 0.1, 2.39398e+06, 125.175
19127, 61957, 127, 1, 0, 0.1, 2.3941e+06, 125.175
19128, 61698, 137, 1, 0, 0.1, 2.39424e+06, 125.176
19129, 61698, 117, 0, 0, 0.1, 2.39436e+06, 125.175
19130, 61706, 127, 2, 0, 0.1, 2.39448e+06, 125.176
19131, 61698, 127, 3, 1, 0.1, 2.39461e+06, 125.176
19132, 57349, 127, 3, 0, 0.1, 2.39474e+06, 125.176
19133, 49161, 127, 3, 0, 0.1, 2.39486e+06, 125.176
19134, 49161, 117, 0, 0, 0.1, 2.39498e+06, 125.175
19135, 49161, 117, 2, 0, 0.1, 2.3951e+06, 125.175
19136, 32774, 127, 2, 0, 0.1, 2.39522e+06, 125.175
19137, 32774, 117, 2, 0, 0.1, 2.39534e+06, 125.175
19138, 32774, 117, 1, 0, 0.1, 2.39546e+06, 125.174
19139, 32774, 117, 0, 0, 0.1, 2.39558e+06, 125.174
19140, 49161, 127, 3, 0, 0.1, 2.3957e+06, 125.174
19141, 49161, 117, 1, 0, 0.1, 2.39582e+06, 125.173
19142, 57349, 127, 1, 0, 0.1, 2.39595e+06, 125.174
19143, 61698, 127, 3, 0, 0.1, 2.39607e+06, 125.174
19144, 57349, 127, 0, 1, 0.1, 2.3962e+06, 125.174
19145, 57349, 117, 3, 0, 0.1, 2.39632e+06, 125.173
19146, 49161, 127, 2, 0, 0.1, 2.39644e+06, 125.173
19147, 32774, 127, 3, 0, 0.1, 2.39657e+06, 125.174
19148, 32773, 127, 3, 0, 0.1, 2.3967e+06, 125.174
19149, 33052, 127, 2, 0, 0.1, 2.39683e+06, 125.174
19150, 33036, 117, 0, 0, 0.1, 2.39694e+06, 125.173
19151, 49434, 127, 3, 0, 0.1, 2.39707e+06, 125.173
19152, 49434, 117, 3, 0, 0.1, 2.39719e+06, 125.173
19153, 49434, 117, 3, 0, 0.1, 2.3973e+06, 125.173
19154, 49434, 117, 3, 0, 0.1, 2.39742e+06, 125.172
19155, 49434, 117, 3, 0, 0.1, 2.39754e+06, 125.172
19156, 49434, 117, 0, 0, 0.1, 2.39766e+06, 125.171
19157, 57626, 127, 0, 0, 0.1, 2.39778e+06, 125.171
19158, 64272, 127, 1, 0, 0.1, 2.39791e+06, 125.171
19159, 64005, 127, 1, 0, 0.1, 2.39804e+06, 125.172
19160, 64260, 127, 0, 0, 0.1, 2.39816e+06, 125.172
19161, 61706, 127, 2, 0, 0.1, 2.39829e+06, 125.172
19162, 64260, 127, 0, 0, 0.1, 2.39842e+06, 125.172
19163, 61722, 127, 1, 0, 0.1, 2.39854e+06, 125.172
19164, 61706, 117, 1, 0, 0.1, 2.39866e+06, 125.171
19165, 61722, 117, 0, 1, 0.1, 2.39878e+06, 125.171
19166, 57624, 127, 2, 0, 0.1, 2.39890e+06, 125.171
19167, 61722, 127, 2, 0, 0.1, 2.39903e+06, 125.171
19168, 64260, 127, 2, 0, 0.1, 2.39916e+06, 125.171
19169, 64276, 117, 1, 0, 0.1, 2.39928e+06, 125.171
19170, 64005, 137, 3, 0, 0.1, 2.39941e+06, 125.172
19171, 64276, 127, 3, 1, 0.1, 2.39954e+06, 125.172
19172, 59909, 127, 3, 0, 0.1, 2.39967e+06, 125.172
19173, 64256, 127, 1, 1, 0.1, 2.39979e+06, 125.172
19174, 59909, 127, 0, 0, 0.1, 2.39992e+06, 125.172
19175, 59909, 117, 3, 0, 0.1, 2.40004e+06, 125.171
19176, 64256, 127, 2, 0, 0.1, 2.40016e+06, 125.172
19177, 57610, 127, 2, 0, 0.1, 2.40029e+06, 125.172
19178, 49418, 127, 0, 0, 0.1, 2.40042e+06, 125.172
19179, 57610, 127, 2, 0, 0.1, 2.40055e+06, 125.172
19180, 49418, 127, 2, 0, 0.1, 2.40067e+06, 125.172
19181, 33052, 127, 2, 0, 0.1, 2.4008e+06, 125.172
19182, 33052, 117, 0, 0, 0.1, 2.40092e+06, 125.172
19183, 49434, 127, 0, 0, 0.1, 2.40104e+06, 125.172
19184, 57626, 127, 2, 0, 0.1, 2.40117e+06, 125.172
19185, 49418, 127, 2, 0, 0.1, 2.4013e+06, 125.172
19186, 33052, 127, 0, 0, 0.1, 2.40142e+06, 125.172
19187, 49418, 127, 0, 0, 0.1, 2.40155e+06, 125.172
19188, 57626, 127, 3, 0, 0.1, 2.40168e+06, 125.172
19189, 57610, 117, 0, 0, 0.1, 2.4018e+06, 125.172
19190, 64272, 127, 0, 0, 0.1, 2.40192e+06, 125.172
19191, 61706, 127, 3, 0, 0.1, 2.40205e+06, 125.172
19192, 61706, 117, 3, 0, 0.1, 2.40217e+06, 125.172
19193, 61706, 117, 0, 0, 0.1, 2.40228e+06, 125.171
19194, 63746, 137, 1, 0, 0.1, 2.40242e+06, 125.172
19195, 63746, 117, 2, 0, 0.1, 2.40254e+06, 125.171
19196, 61706, 127, 1, 1, 0.1, 2.40266e+06, 125.171
19197, 61706, 117, 3, 0, 0.1, 2.40278e+06, 125.171
19198, 61706, 117, 2, 0, 0.1, 2.4029e+06, 125.171
19199, 60160, 127, 3, 0, 0.1, 2.40303e+06, 125.171
19200, 64005, 127, 2, 1, 0.1, 2.40315e+06, 125.171
19201, 64005, 117, 1, 0, 0.1, 2.40327e+06, 125.17
19202, 60176, 127, 2, 0, 0.1, 2.4034e+06, 125.17
19203, 49434, 127, 2, 1, 0.1, 2.40352e+06, 125.171
19204, 33050, 127, 0, 0, 0.1, 2.40365e+06, 125.171
19205, 49434, 127, 1, 0, 0.1, 2.40378e+06, 125.171
19206, 49434, 117, 1, 0, 0.1, 2.4039e+06, 125.17
19207, 49434, 117, 0, 0, 0.1, 2.40401e+06, 125.17
19208, 60176, 127, 0, 0, 0.1, 2.40414e+06, 125.17
19209, 61706, 127, 1, 0, 0.1, 2.40427e+06, 125.17
19210, 61706, 117, 3, 0, 0.1, 2.40438e+06, 125.17
19211, 61706, 117, 1, 0, 0.1, 2.4045e+06, 125.169
19212, 61706, 117, 0, 0, 0.1, 2.40462e+06, 125.169
19213, 63746, 127, 0, 0, 0.1, 2.40474e+06, 125.169
19214, 61706, 127, 0, 1, 0.1, 2.40487e+06, 125.169
19215, 61704, 127, 0, 0, 0.1, 2.405e+06, 125.169
19216, 61706, 127, 0, 0, 0.1, 2.40512e+06, 125.169
19217, 61704, 137, 3, 0, 0.1, 2.40526e+06, 125.17
19218, 61704, 117, 2, 0, 0.1, 2.40538e+06, 125.169
19219, 57610, 127, 2, 0, 0.1, 2.40551e+06, 125.169
19220, 57608, 127, 0, 1, 0.1, 2.40563e+06, 125.17
19221, 57610, 127, 2, 0, 0.1, 2.40576e+06, 125.17
19222, 57608, 127, 2, 0, 0.1, 2.40589e+06, 125.17
19223, 61706, 127, 0, 0, 0.1, 2.40601e+06, 125.17
19224, 57608, 127, 0, 0, 0.1, 2.40614e+06, 125.17
19225, 24842, 127, 0, 0, 0.1, 2.40627e+06, 125.17
19226, 28936, 127, 2, 0, 0.1, 2.4064e+06, 125.17
19227, 24842, 127, 0, 0, 0.1, 2.40652e+06, 125.17
19228, 28936, 127, 3, 0, 0.1, 2.40665e+06, 125.17
19229, 28936, 117, 2, 0, 0.1, 2.40677e+06, 125.17
19230, 24842, 127, 0, 0, 0.1, 2.40689e+06, 125.17
19231, 28936, 127, 0, 0, 0.1, 2.40702e+06, 125.17
19232, 28938, 127, 2, 0, 0.1, 2.40715e+06, 125.17
19233, 28936, 127, 0, 0, 0.1, 2.40727e+06, 125.17
19234, 28938, 127, 0, 0, 0.1, 2.4074e+06, 125.17
19235, 30978, 137, 3, 0, 0.1, 2.40754e+06, 125.171
19236, 28805, 137, 2, 1, 0.1, 2.40768e+06, 125.172
19237, 28805, 117, 0, 0, 0.1, 2.40779e+06, 125.171
19238, 28805, 117, 1, 0, 0.1, 2.40791e+06, 125.171
19239, 24962, 127, 3, 0, 0.1, 2.40804e+06, 125.171
19240, 28805, 127, 1, 0, 0.1, 2.40816e+06, 125.171
19241, 24962, 127, 2, 0, 0.1, 2.40829e+06, 125.171
19242, 16666, 127, 2, 0, 0.1, 2.40842e+06, 125.171
19243, 24856, 127, 2, 0, 0.1, 2.40854e+06, 125.171
19244, 16666, 127, 2, 0, 0.1, 2.40867e+06, 125.171
19245, 24856, 127, 2, 0, 0.1, 2.4088e+06, 125.171
19246, 28954, 127, 0, 0, 0.1, 2.40892e+06, 125.171
19247, 24904, 77, 3, 0, 0.1, 2.409e+06, 125.169
19248, 29962, 117, 2, 0, 0.1, 2.40912e+06, 125.169
19249, 30472, 137, 1, 0, 0.1, 2.40926e+06, 125.169
19250, 29189, 137, 0, 0, 0.1, 2.40939e+06, 125.17
19251, 29189, 117, 3, 0, 0.1, 2.40951e+06, 125.169
19252, 30472, 127, 2, 0, 0.1, 2.40964e+06, 125.169
19253, 28938, 137, 2, 0, 0.1, 2.40977e+06, 125.17
19254, 30978, 127, 0, 0, 0.1, 2.4099e+06, 125.17
19255, 28938, 127, 2, 0, 0.1, 2.41003e+06, 125.17
19256, 30978, 127, 3, 0, 0.1, 2.41016e+06, 125.17
19257, 30725, 137, 3, 0, 0.1, 2.41029e+06, 125.171
19258, 30980, 127, 3, 0, 0.1, 2.41042e+06, 125.171
19259, 30725, 127, 3, 0, 0.1, 2.41055e+06, 125.171
19260, 30725, 127, 3, 0, 0.1, 2.41067e+06, 125.171
19261, 28677, 137, 1, 0, 0.1, 2.41081e+06, 125.172
19262, 24581, 127, 3, 0, 0.1, 2.41094e+06, 125.172
19263, 28677, 127, 1, 0, 0.1, 2.41106e+06, 125.172
19264, 24581, 127, 2, 1, 0.1, 2.41119e+06, 125.172
19265, 24581, 117, 3, 0, 0.1, 2.41131e+06, 125.172
19266, 28677, 127, 2, 0, 0.1, 2.41144e+06, 125.172
19267, 28677, 117, 3, 0, 0.1, 2.41155e+06, 125.171
19268, 28940, 127, 0, 0, 0.1, 2.41168e+06, 125.171
19269, 28954, 137, 0, 0, 0.1, 2.41182e+06, 125.172
19270, 31552, 87, 3, 0, 0.1, 2.4119e+06, 125.17
19271, 29962, 117, 2, 0, 0.1, 2.41202e+06, 125.17
19272, 30472, 137, 2, 0, 0.1, 2.41216e+06, 125.17
19273, 29962, 137, 0, 0, 0.1, 2.41229e+06, 125.171
19274, 30472, 127, 1, 0, 0.1, 2.41242e+06, 125.171
19275, 29189, 127, 3, 0, 0.1, 2.41255e+06, 125.171
19276, 30472, 127, 1, 0, 0.1, 2.41268e+06, 125.171
19277, 29189, 127, 3, 0, 0.1, 2.4128e+06, 125.171
19278, 30472, 127, 1, 0, 0.1, 2.41293e+06, 125.171
19279, 29189, 127, 3, 0, 0.1, 2.41306e+06, 125.171
19280, 30472, 127, 1, 0, 0.1, 2.41318e+06, 125.172
19281, 29189, 127, 1, 0, 0.1, 2.41331e+06, 125.172
19282, 29954, 137, 3, 0, 0.1, 2.41345e+06, 125.172
19283, 28677, 127, 3, 0, 0.1, 2.41357e+06, 125.172
19284, 29960, 127, 2, 0, 0.1, 2.4137e+06, 125.172
19285, 29962, 127, 1, 1, 0.1, 2.41383e+06, 125.173
19286, 29962, 117, 2, 0, 0.1, 2.41394e+06, 125.172
19287, 32002, 137, 2, 0, 0.1, 2.41408e+06, 125.173
19288, 29962, 137, 2, 0, 0.1, 2.41422e+06, 125.173
19289, 32512, 127, 0, 0, 0.1, 2.41435e+06, 125.173
19290, 29962, 127, 0, 0, 0.1, 2.41447e+06, 125.174
19291, 32002, 77, 2, 0, 0.1, 2.41455e+06, 125.171
19292, 30472, 127, 2, 1, 0.1, 2.41468e+06, 125.171
19293, 29962, 127, 0, 0, 0.1, 2.4148e+06, 125.171
19294, 30472, 127, 0, 0, 0.1, 2.41493e+06, 125.171
19295, 29962, 127, 0, 1, 0.1, 2.41506e+06, 125.171
19296, 30472, 127, 2, 0, 0.1, 2.41518e+06, 125.172
19297, 29962, 127, 3, 1, 0.1, 2.41531e+06, 125.172
19298, 29962, 117, 2, 0, 0.1, 2.41543e+06, 125.171
19299, 30472, 127, 1, 0, 0.1, 2.41556e+06, 125.171
19300, 29189, 127, 3, 0, 0.1, 2.41568e+06, 125.171
19301, 30472, 127, 2, 0, 0.1, 2.41581e+06, 125.172
19302, 29962, 127, 0, 0, 0.1, 2.41594e+06, 125.172
19303, 30472, 127, 1, 0, 0.1, 2.41606e+06, 125.172
19304, 29189, 127, 1, 0, 0.1, 2.41619e+06, 125.172
19305, 29954, 137, 2, 0, 0.1, 2.41633e+06, 125.172
19306, 29962, 137, 2, 0, 0.1, 2.41646e+06, 125.173
19307, 29448, 137, 3, 0, 0.1, 2.4166e+06, 125.174
19308, 29448, 117, 2, 0, 0.1, 2.41672e+06, 125.173
19309, 28938, 127, 2, 0, 0.1, 2.41685e+06, 125.173
19310, 31492, 127, 3, 0, 0.1, 2.41697e+06, 125.173
19311, 31237, 137, 0, 0, 0.1, 2.41711e+06, 125.174
19312, 31237, 117, 3, 0, 0.1, 2.41723e+06, 125.174
19313, 32512, 127, 0, 0, 0.1, 2.41735e+06, 125.174
19314, 29962, 137, 2, 0, 0.1, 2.41749e+06, 125.174
19315, 32512, 127, 1, 0, 0.1, 2.41762e+06, 125.174
19316, 31237, 127, 1, 0, 0.1, 2.41774e+06, 125.174
19317, 31492, 127, 0, 0, 0.1, 2.41787e+06, 125.175
19318, 28938, 127, 2, 0, 0.1, 2.418e+06, 125.175
19319, 31492, 127, 1, 0, 0.1, 2.41813e+06, 125.175
19320, 31237, 137, 2, 1, 0.1, 2.41826e+06, 125.175
19321, 31237, 117, 2, 0, 0.1, 2.41838e+06, 125.175
19322, 31237, 117, 1, 0, 0.1, 2.4185e+06, 125.175
19323, 2051, 137, 3, 0, 0.1, 2.41863e+06, 125.175
19324, 18437, 127, 1, 0, 0.1, 2.41876e+06, 125.175
19325, 2051, 127, 2, 0, 0.1, 2.41889e+06, 125.175
19326, 16394, 127, 2, 0, 0.1, 2.41902e+06, 125.175
19327, 24578, 127, 3, 0, 0.1, 2.41914e+06, 125.176
19328, 28677, 127, 0, 1, 0.1, 2.41927e+06, 125.176
19329, 28677, 117, 0, 1, 0.1, 2.41939e+06, 125.175
19330, 28677, 117, 0, 0, 0.1, 2.4195e+06, 125.175
19331, 28677, 117, 0, 0, 0.1, 2.41962e+06, 125.174
19332, 28677, 117, 1, 0, 0.1, 2.41974e+06, 125.174
19333, 24578, 127, 0, 0, 0.1, 2.41986e+06, 125.174
19334, 16394, 127, 2, 0, 0.1, 2.41999e+06, 125.174
19335, 24578, 127, 0, 0, 0.1, 2.42012e+06, 125.174
19336, 16394, 127, 0, 0, 0.1, 2.42024e+06, 125.174
19337, 2051, 127, 0, 1, 0.1, 2.42037e+06, 125.174
19338, 2051, 117, 1, 0, 0.1, 2.42049e+06, 125.174
19339, 2051, 117, 2, 0, 0.1, 2.42061e+06, 125.174
19340, 16394, 127, 3, 0, 0.1, 2.42073e+06, 125.174
19341, 16394, 117, 2, 0, 0.1, 2.42085e+06, 125.173
19342, 24578, 127, 0, 0, 0.1, 2.42098e+06, 125.173
19343, 16394, 127, 0, 0, 0.1, 2.4211e+06, 125.173
19344, 2051, 127, 3, 0, 0.1, 2.42123e+06, 125.173
19345, 18437, 127, 3, 0, 0.1, 2.42136e+06, 125.174
19346, 26884, 127, 3, 0, 0.1, 2.42148e+06, 125.174
19347, 30725, 127, 3, 0, 0.1, 2.42161e+06, 125.174
19348, 32000, 127, 2, 0, 0.1, 2.42174e+06, 125.174
19349, 29962, 137, 2, 0, 0.1, 2.42188e+06, 125.174
19350, 29978, 127, 0, 0, 0.1, 2.422e+06, 125.175
19351, 29978, 127, 0, 0, 0.1, 2.42213e+06, 125.175
19352, 32000, 77, 2, 0, 0.1, 2.42221e+06, 125.172
19353, 28936, 127, 0, 0, 0.1, 2.42233e+06, 125.172
19354, 28938, 127, 0, 0, 0.1, 2.42246e+06, 125.172
19355, 29448, 137, 0, 0, 0.1, 2.4226e+06, 125.173
19356, 28938, 127, 0, 0, 0.1, 2.42272e+06, 125.173
19357, 31106, 137, 3, 0, 0.1, 2.42286e+06, 125.174
19358, 30853, 137, 0, 0, 0.1, 2.423e+06, 125.174
19359, 30853, 117, 3, 0, 0.1, 2.42312e+06, 125.174
19360, 31745, 87, 3, 0, 0.1, 2.4232e+06, 125.172
19361, 29962, 117, 2, 0, 0.1, 2.42332e+06, 125.171
19362, 30472, 127, 1, 0, 0.1, 2.42345e+06, 125.172
19363, 29189, 127, 1, 0, 0.1, 2.42357e+06, 125.172
19364, 28930, 137, 3, 1, 0.1, 2.42371e+06, 125.172
19365, 24581, 127, 1, 0, 0.1, 2.42384e+06, 125.172
19366, 28930, 127, 0, 0, 0.1, 2.42396e+06, 125.172
19367, 28938, 127, 1, 1, 0.1, 2.42409e+06, 125.173
19368, 28938, 117, 0, 0, 0.1, 2.42421e+06, 125.172
19369, 30978, 137, 0, 0, 0.1, 2.42435e+06, 125.173
19370, 28938, 137, 3, 1, 0.1, 2.42448e+06, 125.173
19371, 28938, 117, 3, 0, 0.1, 2.4246e+06, 125.173
19372, 28938, 117, 2, 0, 0.1, 2.42472e+06, 125.173
19373, 30978, 127, 3, 0, 0.1, 2.42484e+06, 125.173
19374, 24581, 137, 2, 0, 0.1, 2.42498e+06, 125.173
19375, 24581, 117, 1, 0, 0.1, 2.4251e+06, 125.173
19376, 28930, 127, 0, 0, 0.1, 2.42522e+06, 125.173
19377, 28938, 127, 2, 0, 0.1, 2.42535e+06, 125.173
19378, 28930, 127, 0, 1, 0.1, 2.42548e+06, 125.173
19379, 28938, 127, 0, 0, 0.1, 2.42561e+06, 125.173
19380, 29448, 137, 1, 1, 0.1, 2.42574e+06, 125.174
19381, 29189, 137, 3, 1, 0.1, 2.42588e+06, 125.174
19382, 29448, 127, 1, 0, 0.1, 2.42601e+06, 125.175
19383, 29189, 127, 1, 0, 0.1, 2.42613e+06, 125.175
19384, 29699, 137, 2, 0, 0.1, 2.42627e+06, 125.175
19385, 28682, 137, 2, 0, 0.1, 2.42641e+06, 125.176
19386, 29196, 127, 2, 0, 0.1, 2.42654e+06, 125.176
19387, 29196, 117, 1, 0, 0.1, 2.42665e+06, 125.175
19388, 29189, 137, 0, 1, 0.1, 2.42679e+06, 125.176
19389, 29189, 117, 1, 0, 0.1, 2.42691e+06, 125.176
19390, 29954, 137, 0, 0, 0.1, 2.42704e+06, 125.176
19391, 29962, 137, 0, 0, 0.1, 2.42718e+06, 125.177
19392, 29962, 137, 2, 0, 0.1, 2.42732e+06, 125.178
19393, 25866, 127, 2, 0, 0.1, 2.42744e+06, 125.178
19394, 29954, 127, 2, 0, 0.1, 2.42757e+06, 125.178
19395, 29962, 127, 2, 0, 0.1, 2.4277e+06, 125.178
19396, 32002, 137, 3, 0, 0.1, 2.42784e+06, 125.178
19397, 24581, 137, 0, 0, 0.1, 2.42797e+06, 125.179
19398, 24581, 117, 1, 0, 0.1, 2.42809e+06, 125.179
19399, 29954, 127, 2, 0, 0.1, 2.42822e+06, 125.179
19400, 29962, 127, 2, 0, 0.1, 2.42834e+06, 125.179
19401, 29962, 137, 2, 0, 0.1, 2.42848e+06, 125.179
19402, 29962, 137, 2, 0, 0.1, 2.42862e+06, 125.18
19403, 29962, 137, 3, 0, 0.1, 2.42875e+06, 125.181
19404, 29962, 117, 0, 0, 0.1, 2.42887e+06, 125.18
19405, 25866, 127, 2, 0, 0.1, 2.429e+06, 125.18
19406, 29962, 127, 0, 0, 0.1, 2.42912e+06, 125.18
19407, 25866, 127, 2, 0, 0.1, 2.42925e+06, 125.18
19408, 29962, 127, 2, 0, 0.1, 2.42938e+06, 125.181
19409, 29962, 127, 0, 0, 0.1, 2.42951e+06, 125.181
19410, 29962, 127, 0, 0, 0.1, 2.42963e+06, 125.181
19411, 25866, 127, 2, 0, 0.1, 2.42976e+06, 125.181
19412, 29962, 127, 2, 0, 0.1, 2.42989e+06, 125.181
19413, 29962, 127, 2, 0, 0.1, 2.43001e+06, 125.181
19414, 28938, 137, 2, 0, 0.1, 2.43015e+06, 125.182
19415, 30982, 127, 0, 0, 0.1, 2.43028e+06, 125.182
19416, 28938, 127, 2, 0, 0.1, 2.43040e+06, 125.182
19417, 30982, 127, 3, 0, 0.1, 2.43053e+06, 125.182
19418, 28677, 137, 1, 0, 0.1, 2.43067e+06, 125.183
19419, 24838, 127, 0, 0, 0.1, 2.4308e+06, 125.183
19420, 16650, 127, 2, 0, 0.1, 2.43092e+06, 125.183
19421, 24838, 127, 0, 0, 0.1, 2.43105e+06, 125.183
19422, 16650, 127, 0, 0, 0.1, 2.43118e+06, 125.183
19423, 266, 127, 0, 0, 0.1, 2.4313e+06, 125.183
19424, 266, 127, 0, 0, 0.1, 2.43143e+06, 125.183
19425, 266, 127, 2, 0, 0.1, 2.43156e+06, 125.183
19426, 266, 127, 0, 0, 0.1, 2.43168e+06, 125.183
19427, 266, 127, 2, 0, 0.1, 2.43181e+06, 125.183
19428, 266, 127, 2, 0, 0.1, 2.43194e+06, 125.183
19429, 266, 127, 0, 0, 0.1, 2.43207e+06, 125.184
19430, 266, 127, 0, 0, 0.1, 2.43219e+06, 125.184
19431, 266, 127, 2, 0, 0.1, 2.43232e+06, 125.184
19432, 266, 127, 0, 0, 0.1, 2.43245e+06, 125.184
19433, 266, 127, 1, 1, 0.1, 2.43257e+06, 125.184
19434, 266, 117, 0, 1, 0.1, 2.43269e+06, 125.184
19435, 266, 127, 2, 0, 0.1, 2.43282e+06, 125.184
19436, 266, 127, 2, 0, 0.1, 2.43294e+06, 125.184
19437, 266, 127, 0, 0, 0.1, 2.43307e+06, 125.184
19438, 266, 127, 2, 0, 0.1, 2.4332e+06, 125.184
19439, 266, 127, 2, 0, 0.1, 2.43333e+06, 125.184
19440, 266, 127, 0, 0, 0.1, 2.43345e+06, 125.184
19441, 266, 127, 0, 0, 0.1, 2.43358e+06, 125.184
19442, 266, 127, 2, 0, 0.1, 2.43371e+06, 125.184
19443, 266, 127, 2, 0, 0.1, 2.43383e+06, 125.184
19444, 266, 127, 0, 0, 0.1, 2.43396e+06, 125.184
19445, 266, 127, 2, 0, 0.1, 2.43409e+06, 125.185
19446, 266, 127, 0, 0, 0.1, 2.43422e+06, 125.185
19447, 266, 127, 2, 0, 0.1, 2.43434e+06, 125.185
19448, 266, 127, 2, 0, 0.1, 2.43447e+06, 125.185
19449, 16650, 127, 1, 1, 0.1, 2.4346e+06, 125.185
19450, 16650, 117, 2, 0, 0.1, 2.43471e+06, 125.184
19451, 24838, 127, 0, 0, 0.1, 2.43484e+06, 125.185
19452, 16650, 127, 2, 0, 0.1, 2.43497e+06, 125.185
19453, 24838, 127, 2, 0, 0.1, 2.43509e+06, 125.185
19454, 24838, 117, 0, 0, 0.1, 2.43521e+06, 125.184
19455, 16650, 127, 2, 0, 0.1, 2.43534e+06, 125.184
19456, 24838, 127, 3, 0, 0.1, 2.43546e+06, 125.185
19457, 28677, 127, 1, 0, 0.1, 2.43559e+06, 125.185
19458, 24838, 127, 0, 0, 0.1, 2.43572e+06, 125.185
19459, 16650, 127, 3, 0, 0.1, 2.43585e+06, 125.185
19460, 16650, 117, 2, 1, 0.1, 2.43596e+06, 125.184
19461, 24838, 127, 0, 0, 0.1, 2.43609e+06, 125.184
19462, 16650, 127, 2, 0, 0.1, 2.43622e+06, 125.185
19463, 24838, 127, 2, 0, 0.1, 2.43634e+06, 125.185
19464, 24838, 117, 0, 0, 0.1, 2.43646e+06, 125.184
19465, 16650, 127, 2, 0, 0.1, 2.43659e+06, 125.184
19466, 24838, 127, 3, 0, 0.1, 2.43672e+06, 125.184
19467, 28677, 127, 3, 0, 0.1, 2.43684e+06, 125.185
19468, 28940, 127, 1, 0, 0.1, 2.43697e+06, 125.185
19469, 28677, 127, 3, 0, 0.1, 2.4371e+06, 125.185
19470, 28940, 127, 0, 0, 0.1, 2.43722e+06, 125.185
19471, 30978, 137, 0, 0, 0.1, 2.43736e+06, 125.185
19472, 28938, 137, 0, 0, 0.1, 2.4375e+06, 125.186
19473, 18435, 137, 3, 0, 0.1, 2.43763e+06, 125.187
19474, 26629, 127, 2, 0, 0.1, 2.43776e+06, 125.187
19475, 26629, 117, 1, 0, 0.1, 2.43788e+06, 125.186
19476, 18563, 127, 3, 0, 0.1, 2.43800e+06, 125.186
19477, 26757, 127, 1, 0, 0.1, 2.43813e+06, 125.186
19478, 18563, 127, 3, 0, 0.1, 2.43826e+06, 125.187
19479, 26629, 77, 2, 0, 0.1, 2.43834e+06, 125.184
19480, 29960, 127, 2, 0, 0.1, 2.43846e+06, 125.184
19481, 29962, 127, 2, 0, 0.1, 2.43859e+06, 125.184
19482, 32002, 137, 0, 0, 0.1, 2.43873e+06, 125.185
19483, 29962, 127, 2, 0, 0.1, 2.43885e+06, 125.185
19484, 32002, 127, 0, 0, 0.1, 2.43898e+06, 125.185
19485, 29962, 127, 2, 0, 0.1, 2.43911e+06, 125.185
19486, 32002, 127, 3, 0, 0.1, 2.43924e+06, 125.185
19487, 30725, 137, 3, 0, 0.1, 2.43937e+06, 125.186
19488, 30980, 137, 0, 0, 0.1, 2.43951e+06, 125.186
19489, 28938, 137, 2, 0, 0.1, 2.43965e+06, 125.187
19490, 30980, 127, 3, 1, 0.1, 2.43977e+06, 125.187
19491, 30725, 137, 3, 0, 0.1, 2.43991e+06, 125.188
19492, 30725, 127, 3, 0, 0.1, 2.44004e+06, 125.188
19493, 30725, 137, 1, 0, 0.1, 2.44017e+06, 125.188
19494, 30725, 127, 1, 0, 0.1, 2.4403e+06, 125.189
19495, 26629, 127, 2, 0, 0.1, 2.44043e+06, 125.189
19496, 26629, 117, 3, 0, 0.1, 2.44054e+06, 125.188
19497, 30725, 127, 1, 0, 0.1, 2.44067e+06, 125.188
19498, 26629, 127, 3, 0, 0.1, 2.4408e+06, 125.188
19499, 30725, 127, 3, 0, 0.1, 2.44093e+06, 125.189
19500, 30725, 127, 3, 0, 0.1, 2.44105e+06, 125.189
19501, 24844, 137, 0, 0, 0.1, 2.44119e+06, 125.189
19502, 28938, 127, 0, 0, 0.1, 2.44132e+06, 125.189
19503, 31488, 77, 2, 0, 0.1, 2.44139e+06, 125.187
19504, 30472, 137, 2, 0, 0.1, 2.44153e+06, 125.187
19505, 29962, 127, 2, 0, 0.1, 2.44166e+06, 125.188
19506, 32002, 127, 2, 0, 0.1, 2.44178e+06, 125.188
19507, 29962, 137, 2, 0, 0.1, 2.44192e+06, 125.188
19508, 32512, 137, 3, 0, 0.1, 2.44206e+06, 125.189
19509, 31237, 137, 1, 0, 0.1, 2.4422e+06, 125.189
19510, 32512, 127, 2, 0, 0.1, 2.44232e+06, 125.19
19511, 29962, 137, 2, 0, 0.1, 2.44246e+06, 125.19
19512, 24842, 137, 0, 0, 0.1, 2.4426e+06, 125.191
19513, 28938, 127, 2, 0, 0.1, 2.44272e+06, 125.191
19514, 24842, 127, 2, 0, 0.1, 2.44285e+06, 125.191
19515, 28940, 127, 1, 0, 0.1, 2.44298e+06, 125.191
19516, 28677, 127, 1, 0, 0.1, 2.44310e+06, 125.191
19517, 61702, 137, 0, 0, 0.1, 2.44324e+06, 125.192
19518, 61961, 137, 2, 0, 0.1, 2.44338e+06, 125.192
19519, 61446, 127, 3, 0, 0.1, 2.44351e+06, 125.192
19520, 57349, 127, 1, 0, 0.1, 2.44363e+06, 125.193
19521, 61446, 127, 3, 0, 0.1, 2.44376e+06, 125.193
19522, 57349, 127, 1, 0, 0.1, 2.44389e+06, 125.193
19523, 61446, 127, 2, 0, 0.1, 2.44401e+06, 125.193
19524, 61446, 117, 2, 0, 0.1, 2.44413e+06, 125.192
19525, 61446, 117, 1, 0, 0.1, 2.44425e+06, 125.192
19526, 61446, 117, 3, 0, 0.1, 2.44436e+06, 125.192
19527, 57349, 127, 2, 0, 0.1, 2.44449e+06, 125.192
19528, 57349, 117, 2, 0, 0.1, 2.44461e+06, 125.191
19529, 57349, 117, 1, 0, 0.1, 2.44473e+06, 125.191
19530, 61446, 127, 3, 0, 0.1, 2.44485e+06, 125.191
19531, 57349, 127, 1, 1, 0.1, 2.44498e+06, 125.191
19532, 61446, 127, 1, 0, 0.1, 2.44511e+06, 125.191
19533, 61446, 117, 1, 0, 0.1, 2.44522e+06, 125.191
19534, 61446, 117, 3, 0, 0.1, 2.44534e+06, 125.19
19535, 57349, 127, 3, 0, 0.1, 2.44547e+06, 125.19
19536, 49420, 127, 0, 0, 0.1, 2.4456e+06, 125.19
19537, 57610, 127, 0, 0, 0.1, 2.44572e+06, 125.191
19538, 61706, 127, 2, 0, 0.1, 2.44585e+06, 125.191
19539, 57610, 127, 2, 0, 0.1, 2.44598e+06, 125.191
19540, 49420, 127, 0, 0, 0.1, 2.4461e+06, 125.191
19541, 57610, 127, 2, 0, 0.1, 2.44623e+06, 125.191
19542, 49420, 127, 2, 0, 0.1, 2.44636e+06, 125.191
19543, 49420, 117, 1, 0, 0.1, 2.44647e+06, 125.191
19544, 57349, 127, 1, 1, 0.1, 2.4466e+06, 125.191
19545, 61446, 127, 1, 0, 0.1, 2.44673e+06, 125.191
19546, 61446, 117, 3, 0, 0.1, 2.44684e+06, 125.19
19547, 57349, 127, 0, 0, 0.1, 2.44697e+06, 125.19
19548, 57349, 117, 3, 0, 0.1, 2.44709e+06, 125.19
19549, 49420, 127, 0, 0, 0.1, 2.44722e+06, 125.19
19550, 57610, 127, 0, 0, 0.1, 2.44734e+06, 125.19
19551, 61706, 127, 0, 0, 0.1, 2.44747e+06, 125.19
19552, 64256, 127, 1, 0, 0.1, 2.4476e+06, 125.19
19553, 64005, 137, 3, 0, 0.1, 2.44773e+06, 125.191
19554, 64256, 127, 3, 0, 0.1, 2.44786e+06, 125.191
19555, 64005, 127, 1, 0, 0.1, 2.44799e+06, 125.191
19556, 64256, 127, 3, 1, 0.1, 2.44812e+06, 125.191
19557, 64005, 127, 1, 0, 0.1, 2.44824e+06, 125.191
19558, 64256, 127, 0, 0, 0.1, 2.44837e+06, 125.191
19559, 57610, 127, 0, 0, 0.1, 2.4485e+06, 125.192
19560, 63874, 127, 1, 0, 0.1, 2.44862e+06, 125.192
19561, 63746, 117, 1, 1, 0.1, 2.44874e+06, 125.191
19562, 63874, 117, 3, 0, 0.1, 2.44886e+06, 125.191
19563, 63493, 127, 0, 1, 0.1, 2.44898e+06, 125.191
19564, 63493, 117, 3, 0, 0.1, 2.4491e+06, 125.19
19565, 63764, 137, 1, 0, 0.1, 2.44924e+06, 125.191
19566, 63493, 127, 2, 0, 0.1, 2.44936e+06, 125.191
19567, 63493, 117, 3, 0, 0.1, 2.44948e+06, 125.191
19568, 63748, 127, 1, 0, 0.1, 2.44961e+06, 125.191
19569, 63493, 127, 3, 0, 0.1, 2.44974e+06, 125.191
19570, 63748, 127, 0, 0, 0.1, 2.44986e+06, 125.191
19571, 61706, 127, 2, 0, 0.1, 2.44999e+06, 125.191
19572, 63748, 127, 3, 0, 0.1, 2.45012e+06, 125.191
19573, 63493, 137, 3, 0, 0.1, 2.45025e+06, 125.192
19574, 63493, 137, 0, 0, 0.1, 2.45039e+06, 125.192
19575, 63493, 117, 1, 0, 0.1, 2.45051e+06, 125.192
19576, 63493, 127, 2, 1, 0.1, 2.45064e+06, 125.192
19577, 63493, 117, 0, 0, 0.1, 2.45075e+06, 125.192
19578, 63493, 117, 3, 0, 0.1, 2.45087e+06, 125.191
19579, 63493, 127, 3, 0, 0.1, 2.451e+06, 125.191
19580, 61445, 137, 2, 0, 0.1, 2.45113e+06, 125.192
19581, 61445, 117, 1, 0, 0.1, 2.45125e+06, 125.192
19582, 57349, 127, 3, 0, 0.1, 2.45138e+06, 125.192
19583, 61445, 127, 0, 1, 0.1, 2.4515e+06, 125.192
19584, 61445, 117, 0, 1, 0.1, 2.45162e+06, 125.191
19585, 61445, 117, 2, 0, 0.1, 2.45174e+06, 125.191
19586, 61445, 117, 3, 0, 0.1, 2.45186e+06, 125.19
19587, 61724, 127, 2, 0, 0.1, 2.45198e+06, 125.191
19588, 61724, 117, 2, 0, 0.1, 2.4521e+06, 125.19
19589, 61724, 117, 0, 0, 0.1, 2.45222e+06, 125.19
19590, 61722, 137, 2, 0, 0.1, 2.45235e+06, 125.19
19591, 61724, 127, 3, 1, 0.1, 2.45248e+06, 125.19
19592, 61724, 117, 2, 0, 0.1, 2.4526e+06, 125.19
19593, 61708, 117, 0, 0, 0.1, 2.45271e+06, 125.19
19594, 61722, 127, 3, 0, 0.1, 2.45284e+06, 125.19
19595, 61706, 117, 0, 1, 0.1, 2.45296e+06, 125.189
19596, 62208, 137, 2, 0, 0.1, 2.4531e+06, 125.19
19597, 61706, 127, 0, 0, 0.1, 2.45322e+06, 125.19
19598, 62208, 127, 3, 0, 0.1, 2.45335e+06, 125.19
19599, 61957, 127, 2, 0, 0.1, 2.45348e+06, 125.19
19600, 61957, 117, 0, 0, 0.1, 2.45359e+06, 125.19
19601, 61957, 117, 1, 0, 0.1, 2.45371e+06, 125.189
19602, 62208, 127, 3, 0, 0.1, 2.45384e+06, 125.189
19603, 61957, 127, 1, 0, 0.1, 2.45396e+06, 125.189
19604, 62208, 127, 1, 0, 0.1, 2.45409e+06, 125.19
19605, 61956, 137, 2, 0, 0.1, 2.45423e+06, 125.19
19606, 61956, 117, 2, 0, 0.1, 2.45434e+06, 125.19
19607, 61956, 117, 3, 0, 0.1, 2.45446e+06, 125.189
19608, 62208, 127, 3, 0, 0.1, 2.45459e+06, 125.189
19609, 61957, 127, 0, 0, 0.1, 2.45472e+06, 125.19
19610, 61957, 117, 2, 0, 0.1, 2.45483e+06, 125.189
19611, 61957, 117, 0, 0, 0.1, 2.45495e+06, 125.189
19612, 61957, 117, 1, 0, 0.1, 2.45507e+06, 125.188
19613, 62208, 127, 1, 0, 0.1, 2.45519e+06, 125.188
19614, 61956, 127, 0, 0, 0.1, 2.45532e+06, 125.188
19615, 63488, 127, 1, 0, 0.1, 2.45545e+06, 125.189
19616, 64514, 127, 2, 0, 0.1, 2.45558e+06, 125.189
19617, 24582, 137, 2, 0, 0.1, 2.45571e+06, 125.189
19618, 24582, 117, 2, 0, 0.1, 2.45583e+06, 125.189
19619, 24582, 117, 3, 0, 0.1, 2.45595e+06, 125.188
19620, 28676, 127, 1, 0, 0.1, 2.45607e+06, 125.188
19621, 24582, 127, 0, 0, 0.1, 2.4562e+06, 125.189
19622, 30722, 127, 3, 0, 0.1, 2.45633e+06, 125.189
19623, 30720, 127, 3, 0, 0.1, 2.45645e+06, 125.189
19624, 28680, 137, 2, 0, 0.1, 2.45659e+06, 125.189
19625, 24576, 127, 0, 0, 0.1, 2.45672e+06, 125.189
19626, 28680, 127, 1, 0, 0.1, 2.45684e+06, 125.19
19627, 24576, 127, 0, 0, 0.1, 2.45697e+06, 125.19
19628, 30721, 127, 3, 0, 0.1, 2.4571e+06, 125.19
19629, 30720, 127, 3, 0, 0.1, 2.45723e+06, 125.19
19630, 30725, 137, 2, 1, 0.1, 2.45736e+06, 125.19
19631, 30725, 117, 1, 0, 0.1, 2.45748e+06, 125.19
19632, 30720, 127, 0, 0, 0.1, 2.45761e+06, 125.19
19633, 24586, 127, 2, 1, 0.1, 2.45773e+06, 125.19
19634, 30720, 127, 3, 0, 0.1, 2.45786e+06, 125.19
19635, 30725, 127, 3, 0, 0.1, 2.45799e+06, 125.19
19636, 28940, 137, 0, 0, 0.1, 2.45812e+06, 125.191
19637, 28938, 127, 2, 0, 0.1, 2.45825e+06, 125.191
19638, 28940, 127, 2, 1, 0.1, 2.45838e+06, 125.191
19639, 28940, 117, 2, 0, 0.1, 2.4585e+06, 125.191
19640, 28940, 117, 0, 0, 0.1, 2.45861e+06, 125.19
19641, 28938, 127, 0, 0, 0.1, 2.45874e+06, 125.19
19642, 16387, 137, 3, 0, 0.1, 2.45888e+06, 125.191
19643, 24581, 127, 1, 0, 0.1, 2.459e+06, 125.191
19644, 16387, 127, 1, 0, 0.1, 2.45913e+06, 125.191
19645, 16387, 117, 1, 0, 0.1, 2.45925e+06, 125.191
19646, 16387, 117, 1, 0, 0.1, 2.45936e+06, 125.19
19647, 16387, 117, 2, 0, 0.1, 2.45948e+06, 125.19
19648, 10, 127, 3, 0, 0.1, 2.45961e+06, 125.19
19649, 10, 117, 0, 0, 0.1, 2.45973e+06, 125.19
19650, 16387, 127, 3, 0, 0.1, 2.45985e+06, 125.19
19651, 24581, 127, 2, 0, 0.1, 2.45998e+06, 125.19
19652, 24581, 117, 3, 0, 0.1, 2.4601e+06, 125.189
19653, 29960, 127, 0, 0, 0.1, 2.46022e+06, 125.189
19654, 29962, 127, 2, 0, 0.1, 2.46035e+06, 125.19
19655, 29960, 127, 2, 0, 0.1, 2.46048e+06, 125.19
19656, 25866, 127, 0, 0, 0.1, 2.46060e+06, 125.19
19657, 29960, 127, 0, 0, 0.1, 2.46073e+06, 125.19
19658, 29962, 127, 2, 0, 0.1, 2.46086e+06, 125.19
19659, 29960, 127, 2, 0, 0.1, 2.46099e+06, 125.19
19660, 25866, 127, 2, 0, 0.1, 2.46111e+06, 125.19
19661, 32002, 127, 2, 0, 0.1, 2.46124e+06, 125.19
19662, 29962, 127, 2, 0, 0.1, 2.46137e+06, 125.19
19663, 32002, 127, 3, 0, 0.1, 2.46149e+06, 125.19
19664, 30725, 127, 3, 0, 0.1, 2.46162e+06, 125.191
19665, 29960, 137, 2, 0, 0.1, 2.46176e+06, 125.191
19666, 25866, 127, 0, 0, 0.1, 2.46188e+06, 125.191
19667, 29960, 127, 1, 0, 0.1, 2.46201e+06, 125.191
19668, 28677, 127, 1, 0, 0.1, 2.46214e+06, 125.191
19669, 29954, 127, 2, 0, 0.1, 2.46227e+06, 125.191
19670, 25866, 137, 2, 0, 0.1, 2.4624e+06, 125.192
19671, 30472, 127, 1, 0, 0.1, 2.46253e+06, 125.192
19672, 29189, 127, 1, 0, 0.1, 2.46266e+06, 125.192
19673, 6, 137, 1, 0, 0.1, 2.46279e+06, 125.193
19674, 6, 117, 2, 0, 0.1, 2.46291e+06, 125.192
19675, 6, 117, 2, 0, 0.1, 2.46303e+06, 125.192
19676, 6, 117, 1, 0, 0.1, 2.46314e+06, 125.192
19677, 6, 117, 0, 0, 0.1, 2.46326e+06, 125.191
19678, 10, 127, 0, 0, 0.1, 2.46339e+06, 125.191
19679, 9, 127, 2, 0, 0.1, 2.46352e+06, 125.191
19680, 10, 127, 2, 0, 0.1, 2.46364e+06, 125.191
19681, 6, 127, 1, 0, 0.1, 2.46377e+06, 125.192
19682, 6, 117, 3, 0, 0.1, 2.46389e+06, 125.191
19683, 16389, 127, 1, 0, 0.1, 2.46401e+06, 125.191
19684, 6, 127, 1, 1, 0.1, 2.46414e+06, 125.191
19685, 6, 117, 3, 0, 0.1, 2.46426e+06, 125.191
19686, 16389, 127, 3, 0, 0.1, 2.46438e+06, 125.191
19687, 25864, 127, 1, 0, 0.1, 2.46451e+06, 125.191
19688, 16389, 127, 1, 0, 0.1, 2.46464e+06, 125.191
19689, 6, 127, 1, 0, 0.1, 2.46477e+06, 125.191
19690, 6, 117, 3, 0, 0.1, 2.46488e+06, 125.191
19691, 16389, 127, 1, 0, 0.1, 2.46501e+06, 125.191
19692, 6, 127, 0, 1, 0.1, 2.46514e+06, 125.191
19693, 10, 127, 0, 0, 0.1, 2.46526e+06, 125.191
19694, 9, 127, 2, 0, 0.1, 2.46539e+06, 125.191
19695, 10, 127, 2, 1, 0.1, 2.46552e+06, 125.191
19696, 6, 127, 1, 0, 0.1, 2.46564e+06, 125.191
19697, 6, 117, 3, 0, 0.1, 2.46576e+06, 125.191
19698, 16389, 127, 1, 0, 0.1, 2.46589e+06, 125.191
19699, 6, 127, 0, 0, 0.1, 2.46602e+06, 125.191
19700, 10, 127, 2, 0, 0.1, 2.46614e+06, 125.191
19701, 6, 127, 1, 1, 0.1, 2.46627e+06, 125.191
19702, 6, 117, 0, 0, 0.1, 2.46639e+06, 125.191
19703, 10, 127, 2, 0, 0.1, 2.46651e+06, 125.191
19704, 6, 127, 3, 0, 0.1, 2.46664e+06, 125.191
19705, 16389, 127, 1, 0, 0.1, 2.46677e+06, 125.191
19706, 6, 127, 0, 0, 0.1, 2.4669e+06, 125.191
19707, 10, 127, 0, 0, 0.1, 2.46702e+06, 125.191
19708, 9, 127, 3, 0, 0.1, 2.46715e+06, 125.192
19709, 9, 117, 2, 0, 0.1, 2.46727e+06, 125.191
19710, 10, 127, 2, 0, 0.1, 2.46739e+06, 125.191
19711, 6, 127, 0, 0, 0.1, 2.46752e+06, 125.191
19712, 10, 127, 0, 1, 0.1, 2.46765e+06, 125.191
19713, 9, 127, 1, 0, 0.1, 2.46777e+06, 125.191
19714, 5, 127, 1, 0, 0.1, 2.4679e+06, 125.192
19715, 0, 127, 0, 0, 0.1, 2.46803e+06, 125.192
19716, 8, 127, 3, 0, 0.1, 2.46816e+06, 125.192
19717, 8, 117, 3, 0, 0.1, 2.46827e+06, 125.191
19718, 8, 117, 2, 0, 0.1, 2.46839e+06, 125.191
19719, 0, 127, 0, 0, 0.1, 2.46852e+06, 125.191
19720, 8, 127, 1, 0, 0.1, 2.46864e+06, 125.191
19721, 0, 127, 0, 0, 0.1, 2.46877e+06, 125.191
19722, 1, 127, 3, 0, 0.1, 2.4689e+06, 125.191
19723, 16384, 127, 2, 1, 0.1, 2.46902e+06, 125.191
19724, 8, 127, 2, 0, 0.1, 2.46915e+06, 125.191
19725, 0, 127, 0, 0, 0.1, 2.46928e+06, 125.192
19726, 8, 127, 0, 0, 0.1, 2.46940e+06, 125.192
19727, 16384, 127, 1, 0, 0.1, 2.46953e+06, 125.192
19728, 1, 127, 2, 0, 0.1, 2.46966e+06, 125.192
19729, 0, 127, 3, 0, 0.1, 2.46979e+06, 125.192
19730, 8, 127, 2, 0, 0.1, 2.46991e+06, 125.192
19731, 0, 127, 3, 0, 0.1, 2.47004e+06, 125.192
19732, 5, 127, 1, 0, 0.1, 2.47017e+06, 125.192
19733, 0, 127, 2, 0, 0.1, 2.47029e+06, 125.192
19734, 10, 127, 0, 0, 0.1, 2.47042e+06, 125.192
19735, 0, 127, 2, 0, 0.1, 2.47055e+06, 125.192
19736, 10, 127, 2, 0, 0.1, 2.47068e+06, 125.193
19737, 12, 127, 3, 0, 0.1, 2.4708e+06, 125.193
19738, 12, 117, 2, 0, 0.1, 2.47092e+06, 125.192
19739, 12, 117, 3, 0, 0.1, 2.47104e+06, 125.192
19740, 12, 117, 0, 0, 0.1, 2.47115e+06, 125.191
19741, 10, 127, 2, 0, 0.1, 2.47128e+06, 125.191
19742, 12, 127, 1, 0, 0.1, 2.47141e+06, 125.192
19743, 5, 127, 3, 0, 0.1, 2.47153e+06, 125.192
19744, 12, 127, 3, 0, 0.1, 2.47166e+06, 125.192
19745, 12, 117, 0, 0, 0.1, 2.47178e+06, 125.191
19746, 10, 127, 0, 0, 0.1, 2.47190e+06, 125.191
19747, 0, 127, 0, 0, 0.1, 2.47203e+06, 125.192
19748, 8, 127, 3, 0, 0.1, 2.47216e+06, 125.192
19749, 8, 117, 3, 0, 0.1, 2.47228e+06, 125.191
19750, 8, 117, 2, 0, 0.1, 2.47239e+06, 125.191
19751, 0, 127, 1, 0, 0.1, 2.47252e+06, 125.191
19752, 4, 127, 1, 0, 0.1, 2.47265e+06, 125.191
19753, 6, 127, 3, 0, 0.1, 2.47277e+06, 125.191
19754, 4, 127, 2, 0, 0.1, 2.4729e+06, 125.191
19755, 4, 117, 1, 0, 0.1, 2.47302e+06, 125.191
19756, 6, 127, 0, 0, 0.1, 2.47314e+06, 125.191
19757, 2, 127, 2, 0, 0.1, 2.47327e+06, 125.191
19758, 6, 127, 0, 0, 0.1, 2.4734e+06, 125.191
19759, 2, 127, 3, 0, 0.1, 2.47353e+06, 125.191
19760, 0, 127, 0, 0, 0.1, 2.47365e+06, 125.191
19761, 1, 127, 2, 0, 0.1, 2.47378e+06, 125.191
19762, 0, 127, 1, 0, 0.1, 2.47391e+06, 125.191
19763, 2, 127, 1, 0, 0.1, 2.47403e+06, 125.191
19764, 2, 117, 3, 0, 0.1, 2.47415e+06, 125.191
19765, 0, 127, 1, 0, 0.1, 2.47428e+06, 125.191
19766, 2, 127, 2, 0, 0.1, 2.47440e+06, 125.191
19767, 6, 127, 3, 0, 0.1, 2.47453e+06, 125.191
19768, 4, 127, 3, 0, 0.1, 2.47466e+06, 125.191
19769, 0, 127, 0, 0, 0.1, 2.47479e+06, 125.192
19770, 8, 127, 2, 0, 0.1, 2.47491e+06, 125.192
19771, 0, 127, 0, 0, 0.1, 2.47504e+06, 125.192
19772, 8, 127, 3, 0, 0.1, 2.47517e+06, 125.192
19773, 8, 117, 2, 0, 0.1, 2.47528e+06, 125.191
19774, 0, 127, 2, 0, 0.1, 2.47541e+06, 125.191
19775, 10, 127, 0, 0, 0.1, 2.47554e+06, 125.192
19776, 0, 127, 0, 0, 0.1, 2.47566e+06, 125.192
19777, 8, 127, 2, 0, 0.1, 2.47579e+06, 125.192
19778, 0, 127, 0, 0, 0.1, 2.47592e+06, 125.192
19779, 8, 127, 2, 0, 0.1, 2.47605e+06, 125.192
19780, 0, 127, 2, 0, 0.1, 2.47617e+06, 125.192
19781, 10, 127, 0, 0, 0.1, 2.4763e+06, 125.192
19782, 0, 127, 2, 0, 0.1, 2.47643e+06, 125.192
19783, 10, 127, 2, 0, 0.1, 2.47655e+06, 125.192
19784, 12, 127, 2, 0, 0.1, 2.47668e+06, 125.192
19785, 12, 117, 2, 0, 0.1, 2.4768e+06, 125.192
19786, 12, 117, 3, 0, 0.1, 2.47692e+06, 125.192
19787, 44, 117, 0, 0, 0.1, 2.47703e+06, 125.191
19788, 10, 127, 0, 0, 0.1, 2.47716e+06, 125.191
19789, 0, 127, 0, 0, 0.1, 2.47729e+06, 125.191
19790, 8, 127, 0, 1, 0.1, 2.47741e+06, 125.191
19791, 16448, 127, 2, 0, 0.1, 2.47754e+06, 125.192
19792, 72, 127, 1, 0, 0.1, 2.47767e+06, 125.192
19793, 0, 127, 0, 1, 0.1, 2.47779e+06, 125.192
19794, 1, 127, 3, 0, 0.1, 2.47792e+06, 125.192
19795, 16384, 77, 2, 0, 0.1, 2.478e+06, 125.189
19796, 30472, 137, 2, 0, 0.1, 2.47814e+06, 125.19
19797, 29962, 127, 2, 0, 0.1, 2.47826e+06, 125.19
19798, 32002, 127, 3, 0, 0.1, 2.47839e+06, 125.19
19799, 30853, 137, 2, 0, 0.1, 2.47853e+06, 125.191
19800, 30853, 117, 1, 0, 0.1, 2.47864e+06, 125.19
19801, 32130, 127, 0, 0, 0.1, 2.47877e+06, 125.19
19802, 25866, 127, 2, 0, 0.1, 2.4789e+06, 125.19
19803, 32130, 127, 3, 0, 0.1, 2.47902e+06, 125.191
19804, 30725, 77, 2, 0, 0.1, 2.4791e+06, 125.188
19805, 29960, 127, 1, 0, 0.1, 2.47923e+06, 125.188
19806, 28677, 127, 3, 0, 0.1, 2.47936e+06, 125.188
19807, 29960, 127, 1, 0, 0.1, 2.47948e+06, 125.188
19808, 28677, 127, 3, 0, 0.1, 2.47961e+06, 125.189
19809, 29960, 127, 1, 0, 0.1, 2.47974e+06, 125.189
19810, 28677, 127, 1, 0, 0.1, 2.47986e+06, 125.189
19811, 29698, 127, 2, 0, 0.1, 2.47999e+06, 125.189
19812, 29706, 137, 2, 0, 0.1, 2.48013e+06, 125.189
19813, 30216, 127, 2, 0, 0.1, 2.48025e+06, 125.189
19814, 29706, 137, 0, 0, 0.1, 2.48039e+06, 125.19
19815, 30216, 127, 1, 0, 0.1, 2.48052e+06, 125.19
19816, 29189, 137, 1, 0, 0.1, 2.48066e+06, 125.191
19817, 28934, 137, 2, 0, 0.1, 2.48079e+06, 125.191
19818, 28934, 117, 3, 0, 0.1, 2.48091e+06, 125.191
19819, 28677, 127, 3, 0, 0.1, 2.48104e+06, 125.191
19820, 29704, 127, 3, 0, 0.1, 2.48116e+06, 125.191
19821, 29704, 117, 2, 0, 0.1, 2.48128e+06, 125.191
19822, 29706, 127, 2, 0, 0.1, 2.48141e+06, 125.191
19823, 31236, 137, 3, 0, 0.1, 2.48154e+06, 125.191
19824, 31237, 137, 1, 0, 0.1, 2.48168e+06, 125.192
19825, 31236, 127, 0, 0, 0.1, 2.48181e+06, 125.192
19826, 24586, 127, 0, 0, 0.1, 2.48194e+06, 125.192
19827, 24584, 127, 1, 1, 0.1, 2.48206e+06, 125.192
19828, 28677, 127, 3, 0, 0.1, 2.48219e+06, 125.192
19829, 24584, 127, 3, 0, 0.1, 2.48232e+06, 125.192
19830, 24584, 117, 0, 0, 0.1, 2.48243e+06, 125.192
19831, 16394, 127, 0, 0, 0.1, 2.48256e+06, 125.192
19832, 24578, 127, 0, 0, 0.1, 2.48269e+06, 125.192
19833, 24586, 127, 2, 0, 0.1, 2.48281e+06, 125.192
19834, 24578, 127, 2, 0, 0.1, 2.48294e+06, 125.192
19835, 16394, 127, 2, 0, 0.1, 2.48307e+06, 125.192
19836, 24584, 127, 0, 0, 0.1, 2.4832e+06, 125.193
19837, 16394, 127, 2, 0, 0.1, 2.48332e+06, 125.193
19838, 24584, 127, 0, 1, 0.1, 2.48345e+06, 125.193
19839, 16394, 127, 2, 0, 0.1, 2.48358e+06, 125.193
19840, 24584, 127, 1, 1, 0.1, 2.4837e+06, 125.193
19841, 28677, 127, 1, 0, 0.1, 2.48383e+06, 125.193
19842, 28934, 127, 3, 0, 0.1, 2.48396e+06, 125.193
19843, 28677, 127, 1, 0, 0.1, 2.48408e+06, 125.193
19844, 28934, 127, 0, 0, 0.1, 2.48421e+06, 125.193
19845, 28938, 137, 3, 0, 0.1, 2.48435e+06, 125.194
19846, 28938, 117, 0, 0, 0.1, 2.48446e+06, 125.193
19847, 29193, 137, 1, 0, 0.1, 2.4846e+06, 125.194
19848, 29189, 127, 1, 0, 0.1, 2.48473e+06, 125.194
19849, 29954, 137, 2, 0, 0.1, 2.48487e+06, 125.195
19850, 29962, 127, 2, 0, 0.1, 2.48499e+06, 125.195
19851, 29962, 127, 2, 0, 0.1, 2.48512e+06, 125.195
19852, 29962, 127, 0, 1, 0.1, 2.48525e+06, 125.195
19853, 29962, 127, 2, 0, 0.1, 2.48537e+06, 125.195
19854, 29962, 127, 0, 0, 0.1, 2.4855e+06, 125.195
19855, 29962, 127, 0, 1, 0.1, 2.48563e+06, 125.195
19856, 29962, 127, 2, 0, 0.1, 2.48576e+06, 125.195
19857, 29962, 127, 0, 0, 0.1, 2.48588e+06, 125.196
19858, 29962, 127, 2, 0, 0.1, 2.48601e+06, 125.196
19859, 29962, 127, 1, 1, 0.1, 2.48614e+06, 125.196
19860, 29962, 117, 2, 0, 0.1, 2.48625e+06, 125.195
19861, 29962, 127, 2, 0, 0.1, 2.48638e+06, 125.195
19862, 29962, 137, 2, 0, 0.1, 2.48652e+06, 125.196
19863, 29962, 127, 0, 0, 0.1, 2.48664e+06, 125.196
19864, 29962, 127, 2, 0, 0.1, 2.48677e+06, 125.196
19865, 29962, 127, 0, 0, 0.1, 2.4869e+06, 125.196
19866, 29962, 127, 2, 0, 0.1, 2.48702e+06, 125.196
19867, 29962, 127, 0, 0, 0.1, 2.48715e+06, 125.196
19868, 29962, 127, 2, 0, 0.1, 2.48728e+06, 125.197
19869, 29962, 127, 2, 1, 0.1, 2.48741e+06, 125.197
19870, 28938, 137, 1, 0, 0.1, 2.48754e+06, 125.197
19871, 28938, 117, 0, 0, 0.1, 2.48766e+06, 125.197
19872, 24842, 127, 2, 0, 0.1, 2.48779e+06, 125.197
19873, 28938, 127, 2, 0, 0.1, 2.48791e+06, 125.197
19874, 30982, 127, 3, 0, 0.1, 2.48804e+06, 125.197
19875, 30725, 137, 3, 0, 0.1, 2.48818e+06, 125.198
19876, 28940, 137, 3, 0, 0.1, 2.48832e+06, 125.198
19877, 28940, 117, 2, 0, 0.1, 2.48843e+06, 125.198
19878, 28940, 117, 2, 0, 0.1, 2.48855e+06, 125.197
19879, 28940, 117, 1, 0, 0.1, 2.48867e+06, 125.197
19880, 24581, 127, 3, 0, 0.1, 2.48879e+06, 125.197
19881, 28940, 127, 0, 0, 0.1, 2.48892e+06, 125.197
19882, 30978, 127, 3, 0, 0.1, 2.48905e+06, 125.197
19883, 30725, 137, 3, 0, 0.1, 2.48918e+06, 125.198
19884, 28681, 137, 3, 0, 0.1, 2.48932e+06, 125.198
19885, 28681, 117, 2, 0, 0.1, 2.48944e+06, 125.198
19886, 63494, 137, 3, 0, 0.1, 2.48958e+06, 125.199
19887, 57349, 137, 2, 1, 0.1, 2.48971e+06, 125.199
19888, 57349, 117, 2, 1, 0.1, 2.48983e+06, 125.199
19889, 57349, 117, 3, 0, 0.1, 2.48995e+06, 125.198
19890, 61724, 127, 0, 0, 0.1, 2.49007e+06, 125.199
19891, 61722, 127, 0, 0, 0.1, 2.4902e+06, 125.199
19892, 61722, 137, 0, 0, 0.1, 2.49034e+06, 125.199
19893, 64272, 127, 0, 0, 0.1, 2.49046e+06, 125.199
19894, 61722, 137, 2, 0, 0.1, 2.4906e+06, 125.2
19895, 64256, 127, 0, 1, 0.1, 2.49073e+06, 125.2
19896, 61722, 127, 2, 0, 0.1, 2.49086e+06, 125.2
19897, 64272, 127, 1, 0, 0.1, 2.49098e+06, 125.2
19898, 59909, 127, 3, 0, 0.1, 2.49111e+06, 125.2
19899, 64272, 127, 2, 1, 0.1, 2.49124e+06, 125.2
19900, 57626, 127, 2, 0, 0.1, 2.49136e+06, 125.2
19901, 49434, 127, 2, 0, 0.1, 2.49149e+06, 125.201
19902, 33052, 127, 2, 0, 0.1, 2.49162e+06, 125.201
19903, 33052, 117, 1, 0, 0.1, 2.49173e+06, 125.2
19904, 32773, 127, 1, 0, 0.1, 2.49186e+06, 125.2
19905, 49158, 127, 3, 0, 0.1, 2.49199e+06, 125.2
19906, 32773, 127, 1, 0, 0.1, 2.49212e+06, 125.2
19907, 49158, 127, 3, 0, 0.1, 2.49224e+06, 125.201
19908, 32773, 127, 0, 0, 0.1, 2.49237e+06, 125.201
19909, 32773, 117, 1, 0, 0.1, 2.49249e+06, 125.2
19910, 49158, 127, 0, 0, 0.1, 2.49261e+06, 125.2
19911, 57353, 127, 3, 0, 0.1, 2.49274e+06, 125.2
19912, 57353, 117, 2, 0, 0.1, 2.49286e+06, 125.2
19913, 49158, 127, 0, 0, 0.1, 2.49298e+06, 125.2
19914, 57353, 127, 3, 1, 0.1, 2.49311e+06, 125.2
19915, 57353, 117, 2, 0, 0.1, 2.49323e+06, 125.2
19916, 49158, 127, 0, 0, 0.1, 2.49336e+06, 125.2
19917, 57353, 127, 0, 0, 0.1, 2.49348e+06, 125.2
19918, 57353, 117, 1, 1, 0.1, 2.4936e+06, 125.2
19919, 61445, 127, 1, 0, 0.1, 2.49373e+06, 125.2
19920, 61698, 127, 2, 0, 0.1, 2.49385e+06, 125.2
19921, 61708, 127, 0, 0, 0.1, 2.49398e+06, 125.2
19922, 61698, 127, 3, 0, 0.1, 2.49411e+06, 125.2
19923, 61445, 127, 3, 0, 0.1, 2.49423e+06, 125.2
19924, 57353, 127, 0, 0, 0.1, 2.49436e+06, 125.2
19925, 57353, 117, 1, 0, 0.1, 2.49448e+06, 125.2
19926, 61445, 127, 3, 0, 0.1, 2.49460e+06, 125.2
19927, 57353, 127, 3, 0, 0.1, 2.49473e+06, 125.2
19928, 57353, 117, 1, 0, 0.1, 2.49485e+06, 125.199
19929, 61445, 127, 1, 0, 0.1, 2.49498e+06, 125.2
19930, 61698, 127, 1, 1, 0.1, 2.4951e+06, 125.2
19931, 61698, 117, 2, 0, 0.1, 2.49522e+06, 125.199
19932, 61708, 127, 2, 1, 0.1, 2.49535e+06, 125.199
19933, 61708, 117, 1, 0, 0.1, 2.49546e+06, 125.199
19934, 57349, 127, 2, 0, 0.1, 2.49559e+06, 125.199
19935, 57349, 117, 3, 0, 0.1, 2.49571e+06, 125.199
19936, 61708, 127, 1, 0, 0.1, 2.49584e+06, 125.199
19937, 57349, 127, 0, 1, 0.1, 2.49596e+06, 125.199
19938, 57349, 117, 1, 0, 0.1, 2.49608e+06, 125.198
19939, 49414, 127, 0, 0, 0.1, 2.49621e+06, 125.198
19940, 33034, 127, 0, 0, 0.1, 2.49633e+06, 125.199
19941, 33034, 127, 0, 0, 0.1, 2.49646e+06, 125.199
19942, 33034, 127, 1, 0, 0.1, 2.49659e+06, 125.199
19943, 33034, 117, 0, 0, 0.1, 2.4967e+06, 125.198
19944, 49418, 127, 0, 0, 0.1, 2.49683e+06, 125.198
19945, 57610, 127, 1, 0, 0.1, 2.49696e+06, 125.198
19946, 57610, 117, 0, 0, 0.1, 2.49708e+06, 125.198
19947, 61706, 127, 2, 0, 0.1, 2.4972e+06, 125.198
19948, 57610, 127, 0, 0, 0.1, 2.49733e+06, 125.198
19949, 61706, 127, 0, 0, 0.1, 2.49746e+06, 125.198
19950, 61698, 127, 3, 1, 0.1, 2.49758e+06, 125.198
19951, 61445, 127, 3, 0, 0.1, 2.49771e+06, 125.198
19952, 57353, 127, 3, 0, 0.1, 2.49784e+06, 125.199
19953, 57353, 117, 2, 0, 0.1, 2.49795e+06, 125.198
19954, 49162, 127, 2, 0, 0.1, 2.49808e+06, 125.198
19955, 32774, 127, 2, 0, 0.1, 2.49821e+06, 125.198
19956, 32774, 117, 2, 0, 0.1, 2.49832e+06, 125.198
19957, 32774, 117, 0, 0, 0.1, 2.49844e+06, 125.198
19958, 49162, 127, 2, 0, 0.1, 2.49857e+06, 125.198
19959, 32774, 127, 1, 0, 0.1, 2.4987e+06, 125.198
19960, 32774, 117, 1, 0, 0.1, 2.49881e+06, 125.197
19961, 32774, 117, 0, 0, 0.1, 2.49893e+06, 125.197
19962, 49162, 127, 1, 0, 0.1, 2.49906e+06, 125.197
19963, 49162, 117, 3, 0, 0.1, 2.49917e+06, 125.197
19964, 49162, 117, 2, 0, 0.1, 2.49929e+06, 125.196
19965, 32774, 127, 2, 0, 0.1, 2.49942e+06, 125.196
19966, 32774, 117, 0, 0, 0.1, 2.49954e+06, 125.196
19967, 49162, 127, 0, 0, 0.1, 2.49966e+06, 125.196
19968, 57353, 127, 2, 0, 0.1, 2.49979e+06, 125.196
19969, 49162, 127, 2, 0, 0.1, 2.49992e+06, 125.196
19970, 32774, 127, 3, 0, 0.1, 2.50004e+06, 125.196
19971, 32773, 127, 0, 0, 0.1, 2.50017e+06, 125.196
19972, 32773, 117, 0, 0, 0.1, 2.50029e+06, 125.196
19973, 32773, 117, 0, 0, 0.1, 2.5004e+06, 125.195
19974, 32773, 117, 0, 0, 0.1, 2.50052e+06, 125.195
19975, 32773, 117, 3, 0, 0.1, 2.50064e+06, 125.195
19976, 49176, 127, 0, 0, 0.1, 2.50076e+06, 125.195
19977, 49178, 127, 3, 1, 0.1, 2.50089e+06, 125.195
19978, 49178, 117, 0, 0, 0.1, 2.50101e+06, 125.194
19979, 57362, 127, 3, 0, 0.1, 2.50114e+06, 125.195
19980, 61445, 127, 0, 0, 0.1, 2.50126e+06, 125.195
19981, 61445, 117, 3, 0, 0.1, 2.50138e+06, 125.194
19982, 62744, 127, 2, 0, 0.1, 2.50151e+06, 125.194
19983, 62746, 137, 2, 0, 0.1, 2.50164e+06, 125.195
19984, 63746, 137, 3, 0, 0.1, 2.50178e+06, 125.195
19985, 63493, 127, 1, 0, 0.1, 2.50191e+06, 125.196
19986, 30978, 127, 2, 0, 0.1, 2.50204e+06, 125.196
19987, 24842, 127, 2, 0, 0.1, 2.50216e+06, 125.196
19988, 31488, 127, 3, 0, 0.1, 2.50229e+06, 125.196
19989, 31237, 127, 3, 0, 0.1, 2.50242e+06, 125.196
19990, 31237, 137, 0, 0, 0.1, 2.50255e+06, 125.197
19991, 31237, 117, 1, 0, 0.1, 2.50267e+06, 125.196
19992, 27141, 127, 3, 0, 0.1, 2.5028e+06, 125.196
19993, 31237, 127, 3, 1, 0.1, 2.50292e+06, 125.196
19994, 31237, 127, 3, 0, 0.1, 2.50305e+06, 125.196
19995, 32257, 137, 2, 0, 0.1, 2.50319e+06, 125.197
19996, 29706, 137, 1, 0, 0.1, 2.50332e+06, 125.198
19997, 29706, 117, 2, 0, 0.1, 2.50344e+06, 125.197
19998, 29706, 137, 2, 0, 0.1, 2.50358e+06, 125.198
19999, 1034, 137, 1, 0, 0.1, 2.50372e+06, 125.198
20000, 1034, 117, 0, 0, 0.1, 2.50383e+06, 125.198
20001, 1034, 127, 2, 0, 0.1, 2.50396e+06, 125.198
20002, 1034, 127, 2, 0, 0.1, 2.50409e+06, 125.198
20003, 1034, 127, 0, 0, 0.1, 2.50421e+06, 125.198
20004, 1034, 127, 2, 0, 0.1, 2.50434e+06, 125.198
20005, 1034, 127, 2, 0, 0.1, 2.50447e+06, 125.198
20006, 17418, 127, 0, 0, 0.1, 2.5046e+06, 125.198
20007, 1034, 127, 2, 0, 0.1, 2.50472e+06, 125.199
20008, 17418, 127, 0, 0, 0.1, 2.50485e+06, 125.199
20009, 1034, 127, 3, 0, 0.1, 2.50498e+06, 125.199
20010, 1034, 117, 2, 0, 0.1, 2.50509e+06, 125.198
20011, 17418, 127, 2, 0, 0.1, 2.50522e+06, 125.198
20012, 25610, 127, 0, 0, 0.1, 2.50535e+06, 125.198
20013, 17418, 127, 1, 0, 0.1, 2.50547e+06, 125.199
20014, 17418, 117, 0, 0, 0.1, 2.50559e+06, 125.198
20015, 1034, 127, 1, 0, 0.1, 2.50572e+06, 125.198
20016, 1034, 117, 3, 0, 0.1, 2.50584e+06, 125.198
20017, 1034, 117, 3, 0, 0.1, 2.50595e+06, 125.197
20018, 1034, 117, 0, 0, 0.1, 2.50607e+06, 125.197
20019, 1034, 127, 3, 1, 0.1, 2.5062e+06, 125.197
20020, 1034, 117, 2, 0, 0.1, 2.50631e+06, 125.197
20021, 1034, 127, 2, 0, 0.1, 2.50644e+06, 125.197
20022, 17418, 127, 3, 1, 0.1, 2.50657e+06, 125.197
20023, 17418, 117, 2, 0, 0.1, 2.50668e+06, 125.196
20024, 25610, 127, 0, 0, 0.1, 2.50681e+06, 125.197
20025, 17418, 127, 0, 0, 0.1, 2.50694e+06, 125.197
20026, 1034, 127, 0, 0, 0.1, 2.50706e+06, 125.197
20027, 1034, 127, 0, 0, 0.1, 2.50719e+06, 125.197
20028, 1034, 127, 2, 0, 0.1, 2.50732e+06, 125.197
20029, 1034, 127, 2, 1, 0.1, 2.50745e+06, 125.197
20030, 1034, 127, 2, 0, 0.1, 2.50757e+06, 125.197
20031, 17418, 127, 2, 0, 0.1, 2.5077e+06, 125.197
20032, 25610, 127, 0, 1, 0.1, 2.50783e+06, 125.197
20033, 17482, 127, 0, 0, 0.1, 2.50795e+06, 125.197
20034, 1034, 127, 2, 0, 0.1, 2.50808e+06, 125.197
20035, 17482, 127, 1, 1, 0.1, 2.50821e+06, 125.198
20036, 17482, 117, 2, 0, 0.1, 2.50832e+06, 125.197
20037, 25674, 127, 1, 0, 0.1, 2.50845e+06, 125.197
20038, 25610, 67, 3, 0, 0.1, 2.50852e+06, 125.194
20039, 29962, 117, 2, 0, 0.1, 2.50864e+06, 125.194
20040, 30472, 137, 2, 0, 0.1, 2.50877e+06, 125.195
20041, 29962, 137, 1, 0, 0.1, 2.50891e+06, 125.195
20042, 29962, 117, 0, 0, 0.1, 2.50903e+06, 125.195
20043, 30472, 127, 1, 0, 0.1, 2.50915e+06, 125.195
20044, 28677, 137, 1, 0, 0.1, 2.50929e+06, 125.195
20045, 29954, 127, 2, 0, 0.1, 2.50942e+06, 125.195
20046, 29962, 137, 0, 0, 0.1, 2.50956e+06, 125.196
20047, 29954, 127, 2, 0, 0.1, 2.50968e+06, 125.196
20048, 29962, 127, 0, 0, 0.1, 2.50981e+06, 125.196
20049, 29954, 127, 2, 0, 0.1, 2.50994e+06, 125.196
20050, 29962, 127, 2, 0, 0.1, 2.51006e+06, 125.196
20051, 30472, 137, 1, 0, 0.1, 2.5102e+06, 125.197
20052, 29189, 127, 3, 0, 0.1, 2.51033e+06, 125.197
20053, 30472, 127, 1, 0, 0.1, 2.51045e+06, 125.197
20054, 29189, 127, 3, 0, 0.1, 2.51058e+06, 125.197
20055, 30472, 127, 2, 0, 0.1, 2.51071e+06, 125.197
20056, 29962, 127, 0, 0, 0.1, 2.51084e+06, 125.197
20057, 30472, 127, 0, 0, 0.1, 2.51096e+06, 125.198
20058, 25866, 127, 1, 1, 0.1, 2.51109e+06, 125.198
20059, 25866, 117, 2, 1, 0.1, 2.51121e+06, 125.197
20060, 30472, 127, 2, 0, 0.1, 2.51133e+06, 125.197
20061, 29962, 127, 3, 1, 0.1, 2.51146e+06, 125.197
20062, 29962, 117, 3, 1, 0.1, 2.51158e+06, 125.197
20063, 29962, 117, 0, 0, 0.1, 2.51169e+06, 125.197
20064, 30472, 127, 1, 0, 0.1, 2.51182e+06, 125.197
20065, 29189, 127, 1, 0, 0.1, 2.51195e+06, 125.197
20066, 28934, 137, 2, 0, 0.1, 2.51208e+06, 125.197
20067, 28934, 117, 1, 0, 0.1, 2.5122e+06, 125.197
20068, 28934, 117, 3, 0, 0.1, 2.51232e+06, 125.197
20069, 28677, 127, 1, 0, 0.1, 2.51245e+06, 125.197
20070, 28934, 127, 1, 1, 0.1, 2.51257e+06, 125.197
20071, 28934, 117, 2, 1, 0.1, 2.51269e+06, 125.196
20072, 28934, 117, 0, 0, 0.1, 2.51281e+06, 125.196
20073, 28938, 137, 0, 0, 0.1, 2.51294e+06, 125.196
20074, 29193, 137, 2, 0, 0.1, 2.51308e+06, 125.197
20075, 28682, 127, 2, 0, 0.1, 2.51321e+06, 125.197
20076, 24582, 127, 0, 0, 0.1, 2.51334e+06, 125.197
20077, 28682, 127, 2, 0, 0.1, 2.51346e+06, 125.197
20078, 24582, 127, 0, 0, 0.1, 2.51359e+06, 125.197
20079, 28682, 127, 0, 0, 0.1, 2.51372e+06, 125.198
20080, 29193, 127, 3, 0, 0.1, 2.51384e+06, 125.198
20081, 29193, 117, 1, 0, 0.1, 2.51396e+06, 125.197
20082, 28677, 137, 2, 0, 0.1, 2.5141e+06, 125.198
20083, 28677, 117, 3, 0, 0.1, 2.51421e+06, 125.197
20084, 24585, 127, 2, 0, 0.1, 2.51434e+06, 125.197
20085, 16394, 127, 2, 0, 0.1, 2.51447e+06, 125.198
20086, 16390, 127, 3, 0, 0.1, 2.5146e+06, 125.198
20087, 24581, 127, 3, 0, 0.1, 2.51472e+06, 125.198
20088, 29960, 127, 2, 0, 0.1, 2.51485e+06, 125.198
20089, 29962, 127, 2, 0, 0.1, 2.51498e+06, 125.198
20090, 31492, 137, 0, 0, 0.1, 2.51511e+06, 125.199
20091, 28938, 127, 0, 0, 0.1, 2.51524e+06, 125.199
20092, 24840, 127, 0, 0, 0.1, 2.51537e+06, 125.199
20093, 24842, 127, 2, 0, 0.1, 2.51549e+06, 125.199
20094, 24840, 127, 1, 0, 0.1, 2.51562e+06, 125.199
20095, 16389, 127, 1, 0, 0.1, 2.51575e+06, 125.199
20096, 6, 127, 0, 0, 0.1, 2.51588e+06, 125.199
20097, 16394, 127, 0, 1, 0.1, 2.516e+06, 125.199
20098, 24585, 127, 1, 0, 0.1, 2.51613e+06, 125.199
20099, 28677, 127, 1, 0, 0.1, 2.51626e+06, 125.199
20100, 29954, 127, 2, 0, 0.1, 2.51638e+06, 125.199
20101, 25866, 137, 2, 0, 0.1, 2.51652e+06, 125.2
20102, 29962, 127, 0, 0, 0.1, 2.51665e+06, 125.2
20103, 25866, 127, 2, 0, 0.1, 2.51677e+06, 125.2
20104, 29962, 127, 2, 0, 0.1, 2.5169e+06, 125.2
20105, 29962, 127, 2, 0, 0.1, 2.51703e+06, 125.2
20106, 29962, 137, 0, 0, 0.1, 2.51716e+06, 125.201
20107, 29962, 127, 2, 0, 0.1, 2.51729e+06, 125.201
20108, 29962, 127, 0, 0, 0.1, 2.51742e+06, 125.201
20109, 29962, 127, 0, 1, 0.1, 2.51755e+06, 125.201
20110, 25866, 127, 0, 0, 0.1, 2.51767e+06, 125.201
20111, 25866, 127, 2, 0, 0.1, 2.5178e+06, 125.201
20112, 25866, 127, 0, 0, 0.1, 2.51793e+06, 125.201
20113, 25866, 127, 0, 0, 0.1, 2.51805e+06, 125.202
20114, 29954, 127, 2, 0, 0.1, 2.51818e+06, 125.202
20115, 25866, 127, 1, 0, 0.1, 2.51831e+06, 125.202
20116, 25866, 117, 2, 0, 0.1, 2.51842e+06, 125.201
20117, 25866, 127, 2, 0, 0.1, 2.51855e+06, 125.201
20118, 29962, 127, 2, 0, 0.1, 2.51868e+06, 125.202
20119, 29962, 127, 2, 0, 0.1, 2.51881e+06, 125.202
20120, 29962, 137, 2, 0, 0.1, 2.51894e+06, 125.202
20121, 29962, 127, 2, 0, 0.1, 2.51907e+06, 125.202
20122, 30982, 137, 3, 0, 0.1, 2.51921e+06, 125.203
20123, 30725, 127, 1, 0, 0.1, 2.51933e+06, 125.203
20124, 30982, 127, 0, 0, 0.1, 2.51946e+06, 125.203
20125, 24842, 127, 0, 1, 0.1, 2.51959e+06, 125.203
20126, 16650, 127, 1, 1, 0.1, 2.51972e+06, 125.203
20127, 16650, 117, 2, 0, 0.1, 2.51983e+06, 125.203
20128, 24842, 127, 1, 1, 0.1, 2.51996e+06, 125.203
20129, 24842, 117, 2, 0, 0.1, 2.52008e+06, 125.203
20130, 30982, 127, 0, 0, 0.1, 2.5202e+06, 125.203
20131, 24842, 127, 2, 0, 0.1, 2.52033e+06, 125.203
20132, 30982, 127, 3, 0, 0.1, 2.52046e+06, 125.203
20133, 30725, 127, 3, 0, 0.1, 2.52058e+06, 125.203
20134, 28940, 137, 2, 0, 0.1, 2.52072e+06, 125.203
20135, 28940, 117, 2, 0, 0.1, 2.52084e+06, 125.203
20136, 28940, 117, 0, 0, 0.1, 2.52096e+06, 125.203
20137, 28930, 127, 3, 0, 0.1, 2.52108e+06, 125.203
20138, 28677, 127, 1, 0, 0.1, 2.52121e+06, 125.203
20139, 28930, 127, 3, 0, 0.1, 2.52134e+06, 125.203
20140, 28677, 127, 1, 0, 0.1, 2.52146e+06, 125.203
20141, 28930, 127, 0, 0, 0.1, 2.52159e+06, 125.203
20142, 28682, 137, 1, 0, 0.1, 2.52173e+06, 125.204
20143, 28682, 117, 0, 1, 0.1, 2.52184e+06, 125.203
20144, 30723, 127, 3, 0, 0.1, 2.52197e+06, 125.203
20145, 30725, 137, 3, 0, 0.1, 2.52211e+06, 125.204
20146, 30980, 127, 0, 0, 0.1, 2.52224e+06, 125.204
20147, 28938, 127, 0, 0, 0.1, 2.52236e+06, 125.204
20148, 24840, 127, 1, 0, 0.1, 2.52249e+06, 125.204
20149, 16389, 127, 3, 0, 0.1, 2.52262e+06, 125.204
20150, 24840, 127, 0, 0, 0.1, 2.52274e+06, 125.204
20151, 24842, 127, 2, 0, 0.1, 2.52287e+06, 125.204
20152, 24840, 127, 1, 0, 0.1, 2.523e+06, 125.205
20153, 16389, 127, 3, 0, 0.1, 2.52312e+06, 125.205
20154, 24840, 127, 1, 1, 0.1, 2.52325e+06, 125.205
20155, 16389, 127, 2, 0, 0.1, 2.52338e+06, 125.205
20156, 16389, 117, 3, 0, 0.1, 2.5235e+06, 125.204
20157, 24840, 127, 1, 0, 0.1, 2.52362e+06, 125.205
20158, 16389, 127, 1, 0, 0.1, 2.52375e+06, 125.205
20159, 6, 127, 0, 0, 0.1, 2.52388e+06, 125.205
20160, 10, 127, 2, 0, 0.1, 2.524e+06, 125.205
20161, 6, 127, 3, 0, 0.1, 2.52413e+06, 125.205
20162, 16389, 127, 1, 0, 0.1, 2.52426e+06, 125.205
20163, 6, 127, 3, 0, 0.1, 2.52438e+06, 125.205
20164, 16389, 127, 3, 0, 0.1, 2.52451e+06, 125.205
20165, 24840, 127, 2, 0, 0.1, 2.52464e+06, 125.205
20166, 28938, 127, 0, 0, 0.1, 2.52476e+06, 125.205
20167, 24840, 127, 1, 0, 0.1, 2.52489e+06, 125.205
20168, 16389, 127, 1, 0, 0.1, 2.52502e+06, 125.205
20169, 6, 127, 0, 0, 0.1, 2.52515e+06, 125.206
20170, 10, 127, 0, 0, 0.1, 2.52527e+06, 125.206
20171, 16393, 127, 1, 0, 0.1, 2.5254e+06, 125.206
20172, 24581, 127, 3, 0, 0.1, 2.52553e+06, 125.206
20173, 16393, 127, 2, 0, 0.1, 2.52565e+06, 125.206
20174, 10, 127, 0, 0, 0.1, 2.52578e+06, 125.206
20175, 16393, 127, 0, 0, 0.1, 2.52591e+06, 125.206
20176, 16393, 117, 1, 1, 0.1, 2.52602e+06, 125.206
20177, 24581, 127, 0, 0, 0.1, 2.52615e+06, 125.206
20178, 24581, 117, 3, 0, 0.1, 2.52627e+06, 125.205
20179, 16393, 127, 2, 0, 0.1, 2.5264e+06, 125.205
20180, 10, 127, 0, 1, 0.1, 2.52652e+06, 125.206
20181, 16393, 127, 2, 0, 0.1, 2.52665e+06, 125.206
20182, 10, 127, 0, 0, 0.1, 2.52678e+06, 125.206
20183, 16393, 127, 1, 0, 0.1, 2.5269e+06, 125.206
20184, 24581, 127, 1, 0, 0.1, 2.52703e+06, 125.206
20185, 28930, 127, 0, 0, 0.1, 2.52716e+06, 125.206
20186, 28938, 127, 0, 0, 0.1, 2.52728e+06, 125.206
20187, 28930, 137, 0, 0, 0.1, 2.52742e+06, 125.207
20188, 28938, 127, 0, 0, 0.1, 2.52755e+06, 125.207
20189, 28938, 137, 0, 0, 0.1, 2.52769e+06, 125.207
20190, 28938, 137, 2, 0, 0.1, 2.52782e+06, 125.208
20191, 28938, 127, 2, 0, 0.1, 2.52795e+06, 125.208
20192, 24842, 127, 2, 0, 0.1, 2.52808e+06, 125.208
20193, 16642, 127, 3, 0, 0.1, 2.5282e+06, 125.208
20194, 24581, 127, 1, 0, 0.1, 2.52833e+06, 125.208
20195, 16642, 127, 3, 0, 0.1, 2.52846e+06, 125.208
20196, 24581, 127, 1, 0, 0.1, 2.52858e+06, 125.208
20197, 16642, 127, 2, 0, 0.1, 2.52871e+06, 125.209
20198, 266, 127, 2, 0, 0.1, 2.52884e+06, 125.209
20199, 258, 127, 2, 0, 0.1, 2.52897e+06, 125.209
20200, 266, 127, 0, 0, 0.1, 2.52909e+06, 125.209
20201, 258, 127, 3, 0, 0.1, 2.52922e+06, 125.209
20202, 5, 127, 3, 0, 0.1, 2.52935e+06, 125.209
20203, 9, 127, 0, 0, 0.1, 2.52947e+06, 125.209
20204, 9, 117, 3, 0, 0.1, 2.52959e+06, 125.209
20205, 9, 117, 3, 0, 0.1, 2.52971e+06, 125.208
20206, 9, 117, 2, 0, 0.1, 2.52982e+06, 125.208
20207, 10, 127, 2, 0, 0.1, 2.52995e+06, 125.208
20208, 6, 127, 0, 0, 0.1, 2.53008e+06, 125.208
20209, 10, 127, 2, 0, 0.1, 2.53021e+06, 125.208
20210, 6, 127, 3, 0, 0.1, 2.53033e+06, 125.208
20211, 16389, 127, 1, 0, 0.1, 2.53046e+06, 125.208
20212, 6, 127, 0, 0, 0.1, 2.53059e+06, 125.208
20213, 10, 127, 0, 0, 0.1, 2.53071e+06, 125.208
20214, 9, 127, 3, 0, 0.1, 2.53084e+06, 125.209
20215, 9, 117, 3, 0, 0.1, 2.53096e+06, 125.208
20216, 9, 117, 0, 0, 0.1, 2.53108e+06, 125.208
20217, 9, 117, 0, 1, 0.1, 2.53119e+06, 125.207
20218, 9, 117, 3, 0, 0.1, 2.53131e+06, 125.207
20219, 9, 117, 2, 0, 0.1, 2.53143e+06, 125.207
20220, 10, 127, 2, 0, 0.1, 2.53155e+06, 125.207
20221, 6, 127, 0, 0, 0.1, 2.53168e+06, 125.207
20222, 10, 127, 2, 0, 0.1, 2.53181e+06, 125.207
20223, 6, 127, 0, 0, 0.1, 2.53193e+06, 125.207
20224, 10, 127, 1, 0, 0.1, 2.53206e+06, 125.207
20225, 10, 117, 0, 1, 0.1, 2.53218e+06, 125.207
20226, 9, 127, 1, 0, 0.1, 2.53230e+06, 125.207
20227, 5, 127, 0, 1, 0.1, 2.53243e+06, 125.207
20228, 5, 117, 1, 0, 0.1, 2.53255e+06, 125.206
20229, 258, 127, 2, 0, 0.1, 2.53268e+06, 125.206
20230, 266, 127, 2, 0, 0.1, 2.5328e+06, 125.207
20231, 266, 127, 3, 0, 0.1, 2.53293e+06, 125.207
20232, 266, 117, 2, 0, 0.1, 2.53305e+06, 125.206
20233, 266, 127, 2, 0, 0.1, 2.53317e+06, 125.206
20234, 266, 127, 0, 0, 0.1, 2.5333e+06, 125.206
20235, 266, 127, 0, 0, 0.1, 2.53343e+06, 125.206
20236, 266, 127, 2, 0, 0.1, 2.53356e+06, 125.207
20237, 266, 127, 2, 0, 0.1, 2.53368e+06, 125.207
20238, 266, 127, 1, 1, 0.1, 2.53381e+06, 125.207
20239, 266, 117, 0, 0, 0.1, 2.53393e+06, 125.206
20240, 266, 127, 2, 0, 0.1, 2.53405e+06, 125.206
20241, 266, 127, 2, 0, 0.1, 2.53418e+06, 125.207
20242, 266, 127, 0, 0, 0.1, 2.53431e+06, 125.207
20243, 266, 127, 0, 0, 0.1, 2.53443e+06, 125.207
20244, 266, 127, 0, 0, 0.1, 2.53456e+06, 125.207
20245, 266, 127, 2, 0, 0.1, 2.53469e+06, 125.207
20246, 266, 127, 2, 0, 0.1, 2.53482e+06, 125.207
20247, 266, 127, 2, 0, 0.1, 2.53494e+06, 125.207
20248, 266, 127, 2, 0, 0.1, 2.53507e+06, 125.207
20249, 266, 127, 0, 0, 0.1, 2.5352e+06, 125.207
20250, 266, 127, 0, 0, 0.1, 2.53532e+06, 125.207
20251, 266, 127, 2, 0, 0.1, 2.53545e+06, 125.207
20252, 266, 127, 2, 0, 0.1, 2.53558e+06, 125.207
20253, 266, 127, 2, 0, 0.1, 2.5357e+06, 125.208
20254, 262, 127, 3, 1, 0.1, 2.53583e+06, 125.208
20255, 5, 127, 0, 0, 0.1, 2.53596e+06, 125.208
20256, 5, 117, 0, 0, 0.1, 2.53608e+06, 125.207
20257, 5, 117, 3, 0, 0.1, 2.53619e+06, 125.207
20258, 16396, 127, 1, 0, 0.1, 2.53632e+06, 125.207
20259, 5, 127, 3, 0, 0.1, 2.53645e+06, 125.207
20260, 16396, 127, 2, 0, 0.1, 2.53657e+06, 125.207
20261, 16396, 117, 0, 0, 0.1, 2.53669e+06, 125.207
20262, 24578, 127, 0, 0, 0.1, 2.53682e+06, 125.207
20263, 16394, 127, 2, 0, 0.1, 2.53694e+06, 125.207
20264, 24578, 127, 0, 0, 0.1, 2.53707e+06, 125.207
20265, 16394, 127, 0, 0, 0.1, 2.5372e+06, 125.207
20266, 26627, 127, 3, 0, 0.1, 2.53732e+06, 125.207
20267, 30725, 127, 3, 0, 0.1, 2.53745e+06, 125.207
20268, 30980, 127, 0, 0, 0.1, 2.53758e+06, 125.207
20269, 28938, 127, 2, 0, 0.1, 2.53771e+06, 125.208
20270, 30980, 127, 0, 0, 0.1, 2.53783e+06, 125.208
20271, 28938, 127, 0, 0, 0.1, 2.53796e+06, 125.208
20272, 24840, 127, 0, 0, 0.1, 2.53809e+06, 125.208
20273, 24842, 127, 2, 0, 0.1, 2.53821e+06, 125.208
20274, 24840, 127, 1, 0, 0.1, 2.53834e+06, 125.208
20275, 16389, 127, 3, 0, 0.1, 2.53847e+06, 125.208
20276, 24840, 127, 1, 1, 0.1, 2.5386e+06, 125.208
20277, 16389, 127, 3, 0, 0.1, 2.53872e+06, 125.208
20278, 24840, 127, 2, 0, 0.1, 2.53885e+06, 125.208
20279, 28938, 127, 2, 0, 0.1, 2.53898e+06, 125.208
20280, 30980, 127, 3, 0, 0.1, 2.5391e+06, 125.208
20281, 30725, 137, 3, 0, 0.1, 2.53924e+06, 125.209
20282, 32000, 137, 3, 0, 0.1, 2.53938e+06, 125.21
20283, 30725, 137, 3, 0, 0.1, 2.53951e+06, 125.21
20284, 30725, 137, 3, 0, 0.1, 2.53965e+06, 125.211
20285, 30725, 127, 3, 0, 0.1, 2.53978e+06, 125.211
20286, 31745, 137, 3, 0, 0.1, 2.53992e+06, 125.211
20287, 30725, 127, 1, 0, 0.1, 2.54004e+06, 125.212
20288, 31745, 127, 2, 0, 0.1, 2.54017e+06, 125.212
20289, 25610, 127, 2, 0, 0.1, 2.5403e+06, 125.212
20290, 29706, 127, 0, 0, 0.1, 2.54042e+06, 125.212
20291, 25610, 127, 2, 0, 0.1, 2.54055e+06, 125.212
20292, 29706, 127, 2, 0, 0.1, 2.54068e+06, 125.212
20293, 29706, 127, 2, 0, 0.1, 2.5408e+06, 125.212
20294, 29706, 137, 2, 0, 0.1, 2.54094e+06, 125.213
20295, 29706, 137, 2, 0, 0.1, 2.54108e+06, 125.213
20296, 29706, 137, 0, 0, 0.1, 2.54122e+06, 125.214
20297, 29706, 127, 2, 0, 0.1, 2.54134e+06, 125.214
20298, 29706, 127, 2, 0, 0.1, 2.54147e+06, 125.214
20299, 24586, 137, 0, 0, 0.1, 2.54161e+06, 125.215
20300, 16394, 127, 0, 0, 0.1, 2.54173e+06, 125.215
20301, 10, 127, 0, 0, 0.1, 2.54186e+06, 125.215
20302, 10, 127, 1, 0, 0.1, 2.54199e+06, 125.215
20303, 10, 117, 0, 0, 0.1, 2.5421e+06, 125.214
20304, 10, 127, 0, 0, 0.1, 2.54223e+06, 125.215
20305, 16394, 127, 0, 0, 0.1, 2.54236e+06, 125.215
20306, 24586, 127, 0, 0, 0.1, 2.54248e+06, 125.215
20307, 30721, 127, 1, 0, 0.1, 2.54261e+06, 125.215
20308, 26629, 127, 3, 0, 0.1, 2.54274e+06, 125.215
20309, 30721, 127, 3, 0, 0.1, 2.54287e+06, 125.215
20310, 30725, 127, 3, 0, 0.1, 2.54299e+06, 125.215
20311, 30725, 137, 1, 0, 0.1, 2.54313e+06, 125.216
20312, 26629, 127, 1, 1, 0.1, 2.54326e+06, 125.216
20313, 18433, 127, 0, 0, 0.1, 2.54338e+06, 125.216
20314, 18433, 117, 3, 0, 0.1, 2.5435e+06, 125.215
20315, 26629, 127, 3, 0, 0.1, 2.54363e+06, 125.216
20316, 30725, 127, 0, 0, 0.1, 2.54376e+06, 125.216
20317, 30725, 117, 1, 0, 0.1, 2.54387e+06, 125.215
20318, 26629, 127, 1, 0, 0.1, 2.544e+06, 125.215
20319, 18433, 127, 1, 0, 0.1, 2.54413e+06, 125.215
20320, 18437, 127, 1, 0, 0.1, 2.54425e+06, 125.215
20321, 26629, 127, 3, 0, 0.1, 2.54438e+06, 125.216
20322, 18437, 127, 0, 0, 0.1, 2.54451e+06, 125.216
20323, 18437, 117, 1, 0, 0.1, 2.54462e+06, 125.215
20324, 26629, 127, 3, 0, 0.1, 2.54475e+06, 125.215
20325, 18437, 127, 2, 0, 0.1, 2.54488e+06, 125.215
20326, 18437, 117, 1, 0, 0.1, 2.545e+06, 125.215
20327, 26629, 127, 3, 0, 0.1, 2.54512e+06, 125.215
20328, 18437, 127, 1, 0, 0.1, 2.54525e+06, 125.215
20329, 26629, 127, 3, 0, 0.1, 2.54538e+06, 125.215
20330, 18437, 127, 1, 0, 0.1, 2.5455e+06, 125.215
20331, 26629, 127, 1, 0, 0.1, 2.54563e+06, 125.215
20332, 30725, 127, 1, 1, 0.1, 2.54576e+06, 125.216
20333, 32000, 127, 2, 0, 0.1, 2.54588e+06, 125.216
20334, 29962, 137, 2, 0, 0.1, 2.54602e+06, 125.216
20335, 29962, 137, 1, 0, 0.1, 2.54616e+06, 125.217
20336, 29962, 117, 2, 0, 0.1, 2.54628e+06, 125.216
20337, 28940, 137, 0, 0, 0.1, 2.54641e+06, 125.217
20338, 24842, 127, 0, 0, 0.1, 2.54654e+06, 125.217
20339, 16650, 127, 0, 0, 0.1, 2.54667e+06, 125.217
20340, 2304, 127, 3, 0, 0.1, 2.54679e+06, 125.217
20341, 2053, 127, 3, 0, 0.1, 2.54692e+06, 125.217
20342, 2053, 127, 1, 0, 0.1, 2.54705e+06, 125.217
20343, 2053, 127, 3, 0, 0.1, 2.54717e+06, 125.217
20344, 2053, 127, 1, 0, 0.1, 2.5473e+06, 125.218
20345, 2053, 127, 1, 0, 0.1, 2.54743e+06, 125.218
20346, 2304, 127, 0, 0, 0.1, 2.54756e+06, 125.218
20347, 266, 127, 1, 0, 0.1, 2.54768e+06, 125.218
20348, 266, 117, 0, 0, 0.1, 2.5478e+06, 125.217
20349, 16642, 127, 0, 0, 0.1, 2.54793e+06, 125.218
20350, 24842, 127, 3, 0, 0.1, 2.54805e+06, 125.218
20351, 24842, 117, 2, 0, 0.1, 2.54817e+06, 125.217
20352, 16642, 127, 0, 0, 0.1, 2.5483e+06, 125.217
20353, 24842, 127, 0, 0, 0.1, 2.54842e+06, 125.217
20354, 28936, 127, 0, 0, 0.1, 2.54855e+06, 125.217
20355, 28938, 127, 0, 0, 0.1, 2.54868e+06, 125.218
20356, 29448, 137, 0, 1, 0.1, 2.54882e+06, 125.218
20357, 24842, 137, 3, 0, 0.1, 2.54895e+06, 125.219
20358, 24842, 117, 0, 0, 0.1, 2.54907e+06, 125.218
20359, 27010, 127, 3, 0, 0.1, 2.5492e+06, 125.218
20360, 30853, 127, 3, 0, 0.1, 2.54932e+06, 125.218
20361, 30849, 127, 3, 0, 0.1, 2.54945e+06, 125.219
20362, 30757, 87, 3, 0, 0.1, 2.54954e+06, 125.217
20363, 29962, 117, 1, 1, 0.1, 2.54965e+06, 125.216
20364, 29962, 117, 2, 0, 0.1, 2.54977e+06, 125.216
20365, 30472, 137, 1, 0, 0.1, 2.54991e+06, 125.216
20366, 29189, 137, 1, 0, 0.1, 2.55004e+06, 125.217
20367, 25858, 137, 3, 1, 0.1, 2.55018e+06, 125.218
20368, 24581, 127, 1, 0, 0.1, 2.55031e+06, 125.218
20369, 25858, 127, 0, 0, 0.1, 2.55044e+06, 125.218
20370, 29962, 127, 0, 0, 0.1, 2.55056e+06, 125.218
20371, 32002, 127, 3, 0, 0.1, 2.55069e+06, 125.218
20372, 30725, 127, 1, 0, 0.1, 2.55082e+06, 125.218
20373, 32002, 127, 3, 0, 0.1, 2.55094e+06, 125.218
20374, 30725, 127, 3, 0, 0.1, 2.55107e+06, 125.218
20375, 29960, 137, 2, 0, 0.1, 2.55121e+06, 125.219
20376, 29962, 127, 0, 0, 0.1, 2.55134e+06, 125.219
20377, 29960, 127, 1, 0, 0.1, 2.55146e+06, 125.219
20378, 28677, 127, 1, 0, 0.1, 2.55159e+06, 125.219
20379, 29954, 127, 2, 0, 0.1, 2.55172e+06, 125.219
20380, 29962, 127, 2, 0, 0.1, 2.55184e+06, 125.219
20381, 25858, 127, 0, 0, 0.1, 2.55197e+06, 125.219
20382, 29962, 127, 0, 0, 0.1, 2.5521e+06, 125.219
20383, 29954, 127, 0, 0, 0.1, 2.55222e+06, 125.22
20384, 29962, 137, 0, 0, 0.1, 2.55236e+06, 125.22
20385, 30472, 127, 1, 0, 0.1, 2.55249e+06, 125.22
20386, 29189, 127, 0, 0, 0.1, 2.55262e+06, 125.22
20387, 29189, 117, 3, 0, 0.1, 2.55273e+06, 125.22
20388, 30472, 127, 1, 0, 0.1, 2.55286e+06, 125.22
20389, 29189, 127, 3, 0, 0.1, 2.55299e+06, 125.22
20390, 30472, 127, 2, 0, 0.1, 2.55311e+06, 125.22
20391, 29962, 127, 2, 1, 0.1, 2.55324e+06, 125.22
20392, 25858, 127, 1, 0, 0.1, 2.55337e+06, 125.22
20393, 25858, 117, 0, 0, 0.1, 2.55348e+06, 125.22
20394, 29962, 127, 2, 0, 0.1, 2.55361e+06, 125.22
20395, 25858, 127, 3, 0, 0.1, 2.55374e+06, 125.22
20396, 28677, 127, 3, 0, 0.1, 2.55386e+06, 125.22
20397, 29960, 127, 1, 0, 0.1, 2.55399e+06, 125.22
20398, 28677, 127, 1, 0, 0.1, 2.55412e+06, 125.22
20399, 25858, 127, 2, 0, 0.1, 2.55425e+06, 125.22
20400, 17674, 127, 0, 0, 0.1, 2.55437e+06, 125.221
20401, 25858, 127, 0, 0, 0.1, 2.5545e+06, 125.221
20402, 29962, 127, 2, 0, 0.1, 2.55463e+06, 125.221
20403, 25858, 127, 3, 1, 0.1, 2.55475e+06, 125.221
20404, 28677, 127, 3, 0, 0.1, 2.55488e+06, 125.221
20405, 29960, 127, 1, 1, 0.1, 2.55501e+06, 125.221
20406, 28677, 127, 3, 0, 0.1, 2.55514e+06, 125.221
20407, 29960, 127, 2, 0, 0.1, 2.55526e+06, 125.221
20408, 29962, 127, 0, 0, 0.1, 2.55539e+06, 125.221
20409, 29960, 127, 2, 0, 0.1, 2.55552e+06, 125.221
20410, 29962, 127, 2, 0, 0.1, 2.55564e+06, 125.221
20411, 29960, 127, 1, 0, 0.1, 2.55577e+06, 125.221
20412, 24581, 127, 1, 0, 0.1, 2.5559e+06, 125.222
20413, 25858, 127, 0, 0, 0.1, 2.55602e+06, 125.222
20414, 17674, 127, 2, 0, 0.1, 2.55615e+06, 125.222
20415, 25858, 127, 0, 0, 0.1, 2.55628e+06, 125.222
20416, 17674, 127, 3, 0, 0.1, 2.55640e+06, 125.222
20417, 17674, 117, 2, 0, 0.1, 2.55652e+06, 125.221
20418, 25858, 127, 3, 0, 0.1, 2.55665e+06, 125.222
20419, 24581, 127, 3, 0, 0.1, 2.55678e+06, 125.222
20420, 29960, 127, 1, 0, 0.1, 2.5569e+06, 125.222
20421, 24581, 127, 3, 0, 0.1, 2.55703e+06, 125.222
20422, 29960, 127, 1, 0, 0.1, 2.55716e+06, 125.222
20423, 24581, 127, 3, 0, 0.1, 2.55728e+06, 125.222
20424, 29960, 127, 2, 0, 0.1, 2.55741e+06, 125.222
20425, 29962, 127, 0, 0, 0.1, 2.55754e+06, 125.222
20426, 29960, 127, 1, 0, 0.1, 2.55766e+06, 125.222
20427, 24581, 127, 3, 0, 0.1, 2.55779e+06, 125.222
20428, 29960, 127, 1, 0, 0.1, 2.55792e+06, 125.222
20429, 24581, 127, 1, 0, 0.1, 2.55805e+06, 125.223
20430, 25858, 127, 1, 1, 0.1, 2.55817e+06, 125.223
20431, 25858, 117, 3, 1, 0.1, 2.55829e+06, 125.222
20432, 24581, 127, 3, 0, 0.1, 2.55842e+06, 125.222
20433, 29960, 127, 3, 1, 0.1, 2.55854e+06, 125.222
20434, 29960, 117, 0, 0, 0.1, 2.55866e+06, 125.222
20435, 29962, 127, 0, 0, 0.1, 2.55879e+06, 125.222
20436, 29960, 127, 0, 0, 0.1, 2.55892e+06, 125.222
20437, 29962, 137, 0, 0, 0.1, 2.55905e+06, 125.223
20438, 32130, 127, 2, 0, 0.1, 2.55918e+06, 125.223
20439, 29962, 127, 2, 0, 0.1, 2.55931e+06, 125.223
20440, 25864, 127, 1, 0, 0.1, 2.55943e+06, 125.223
20441, 16389, 127, 3, 0, 0.1, 2.55956e+06, 125.223
20442, 25880, 127, 0, 0, 0.1, 2.55969e+06, 125.223
20443, 29962, 77, 2, 0, 0.1, 2.55976e+06, 125.221
20444, 30472, 137, 2, 0, 0.1, 2.5599e+06, 125.221
20445, 25866, 137, 3, 1, 0.1, 2.56004e+06, 125.222
20446, 25866, 117, 2, 0, 0.1, 2.56016e+06, 125.222
20447, 32002, 127, 3, 0, 0.1, 2.56028e+06, 125.222
20448, 26629, 127, 3, 0, 0.1, 2.56041e+06, 125.222
20449, 30980, 127, 2, 1, 0.1, 2.56054e+06, 125.222
20450, 30980, 117, 0, 0, 0.1, 2.56065e+06, 125.221
20451, 28938, 127, 2, 0, 0.1, 2.56078e+06, 125.222
20452, 30980, 127, 3, 0, 0.1, 2.56091e+06, 125.222
20453, 30725, 127, 3, 0, 0.1, 2.56103e+06, 125.222
20454, 24581, 137, 3, 0, 0.1, 2.56117e+06, 125.222
20455, 28677, 127, 3, 0, 0.1, 2.5613e+06, 125.222
20456, 28940, 127, 1, 0, 0.1, 2.56142e+06, 125.222
20457, 28677, 127, 3, 0, 0.1, 2.56155e+06, 125.223
20458, 28940, 127, 0, 0, 0.1, 2.56168e+06, 125.223
20459, 28954, 137, 0, 0, 0.1, 2.56182e+06, 125.223
20460, 31552, 87, 3, 0, 0.1, 2.5619e+06, 125.221
20461, 29962, 117, 2, 0, 0.1, 2.56202e+06, 125.221
20462, 30472, 137, 2, 0, 0.1, 2.56216e+06, 125.221
20463, 29962, 127, 3, 0, 0.1, 2.56228e+06, 125.222
20464, 29962, 117, 0, 0, 0.1, 2.5624e+06, 125.221
20465, 30472, 127, 2, 0, 0.1, 2.56253e+06, 125.221
20466, 29962, 127, 2, 0, 0.1, 2.56266e+06, 125.221
20467, 32002, 127, 2, 0, 0.1, 2.56278e+06, 125.221
20468, 29962, 137, 2, 1, 0.1, 2.56292e+06, 125.222
20469, 32512, 127, 2, 0, 0.1, 2.56305e+06, 125.222
20470, 29962, 137, 1, 0, 0.1, 2.56318e+06, 125.223
20471, 29962, 117, 0, 0, 0.1, 2.5633e+06, 125.222
20472, 32512, 127, 2, 0, 0.1, 2.56343e+06, 125.222
20473, 29962, 127, 2, 0, 0.1, 2.56355e+06, 125.222
20474, 29962, 127, 3, 1, 0.1, 2.56368e+06, 125.223
20475, 29962, 117, 0, 0, 0.1, 2.5638e+06, 125.222
20476, 29962, 127, 2, 0, 0.1, 2.56392e+06, 125.222
20477, 29962, 127, 2, 0, 0.1, 2.56405e+06, 125.222
20478, 28940, 137, 3, 1, 0.1, 2.56419e+06, 125.223
20479, 28940, 117, 0, 0, 0.1, 2.56431e+06, 125.222
20480, 24842, 127, 0, 0, 0.1, 2.56443e+06, 125.223
20481, 28938, 127, 0, 0, 0.1, 2.56456e+06, 125.223
20482, 31488, 127, 3, 0, 0.1, 2.56469e+06, 125.223
20483, 31237, 137, 3, 0, 0.1, 2.56482e+06, 125.223
20484, 31237, 127, 3, 0, 0.1, 2.56495e+06, 125.223
20485, 31237, 137, 0, 0, 0.1, 2.56509e+06, 125.224
20486, 31237, 117, 1, 0, 0.1, 2.56520e+06, 125.224
20487, 31237, 127, 3, 0, 0.1, 2.56533e+06, 125.224
20488, 31237, 127, 3, 0, 0.1, 2.56546e+06, 125.224
20489, 32257, 137, 2, 0, 0.1, 2.5656e+06, 125.224
20490, 29706, 137, 2, 0, 0.1, 2.56573e+06, 125.225
20491, 25610, 127, 0, 0, 0.1, 2.56586e+06, 125.225
20492, 29706, 127, 1, 1, 0.1, 2.56599e+06, 125.225
20493, 29706, 117, 0, 0, 0.1, 2.5661e+06, 125.225
20494, 32257, 127, 1, 0, 0.1, 2.56623e+06, 125.225
20495, 31237, 127, 0, 0, 0.1, 2.56636e+06, 125.225
20496, 31237, 117, 1, 0, 0.1, 2.56648e+06, 125.224
20497, 27141, 127, 1, 0, 0.1, 2.5666e+06, 125.225
20498, 31237, 127, 1, 0, 0.1, 2.56673e+06, 125.225
20499, 31488, 127, 3, 0, 0.1, 2.56686e+06, 125.225
20500, 31237, 127, 3, 0, 0.1, 2.56698e+06, 125.225
20501, 27141, 127, 1, 0, 0.1, 2.56711e+06, 125.225
20502, 31269, 127, 3, 0, 0.1, 2.56724e+06, 125.225
20503, 27173, 127, 0, 1, 0.1, 2.56736e+06, 125.225
20504, 27141, 67, 1, 0, 0.1, 2.56743e+06, 125.222
20505, 29962, 117, 2, 0, 0.1, 2.56755e+06, 125.222
20506, 30472, 137, 0, 0, 0.1, 2.56768e+06, 125.222
20507, 29962, 127, 2, 0, 0.1, 2.56781e+06, 125.222
20508, 30472, 127, 2, 0, 0.1, 2.56794e+06, 125.223
20509, 29962, 137, 0, 0, 0.1, 2.56808e+06, 125.223
20510, 30472, 127, 0, 0, 0.1, 2.5682e+06, 125.223
20511, 29962, 127, 0, 0, 0.1, 2.56833e+06, 125.223
20512, 30472, 137, 2, 0, 0.1, 2.56847e+06, 125.224
20513, 29962, 127, 2, 0, 0.1, 2.56859e+06, 125.224
20514, 30472, 127, 2, 0, 0.1, 2.56872e+06, 125.224
20515, 29962, 127, 1, 0, 0.1, 2.56885e+06, 125.224
20516, 29962, 117, 0, 0, 0.1, 2.56896e+06, 125.224
20517, 30472, 127, 2, 0, 0.1, 2.56909e+06, 125.224
20518, 29962, 127, 0, 0, 0.1, 2.56922e+06, 125.224
20519, 30472, 127, 1, 0, 0.1, 2.56935e+06, 125.224
20520, 24581, 137, 1, 0, 0.1, 2.56948e+06, 125.225
20521, 29954, 127, 2, 0, 0.1, 2.56961e+06, 125.225
20522, 29962, 127, 2, 0, 0.1, 2.56974e+06, 125.225
20523, 30472, 127, 2, 0, 0.1, 2.56986e+06, 125.225
20524, 29962, 137, 2, 0, 0.1, 2.57e+06, 125.225
20525, 31492, 137, 1, 1, 0.1, 2.57014e+06, 125.226
20526, 31237, 127, 0, 0, 0.1, 2.57026e+06, 125.226
20527, 31237, 117, 3, 0, 0.1, 2.57038e+06, 125.226
20528, 31492, 127, 0, 0, 0.1, 2.57051e+06, 125.226
20529, 28938, 127, 2, 0, 0.1, 2.57064e+06, 125.226
20530, 31492, 127, 0, 0, 0.1, 2.57076e+06, 125.226
20531, 28938, 127, 1, 0, 0.1, 2.57089e+06, 125.226
20532, 28938, 117, 0, 0, 0.1, 2.57101e+06, 125.226
20533, 29448, 127, 1, 0, 0.1, 2.57113e+06, 125.226
20534, 16389, 137, 1, 0, 0.1, 2.57127e+06, 125.226
20535, 24582, 127, 3, 0, 0.1, 2.5714e+06, 125.226
20536, 16389, 127, 2, 1, 0.1, 2.57152e+06, 125.226
20537, 16389, 117, 3, 1, 0.1, 2.57164e+06, 125.226
20538, 16648, 127, 3, 0, 0.1, 2.57177e+06, 125.226
20539, 16648, 117, 0, 0, 0.1, 2.57189e+06, 125.226
20540, 24842, 127, 0, 0, 0.1, 2.57201e+06, 125.226
20541, 29058, 127, 3, 0, 0.1, 2.57214e+06, 125.226
20542, 24581, 77, 1, 1, 0.1, 2.57222e+06, 125.224
20543, 29962, 117, 2, 0, 0.1, 2.57233e+06, 125.223
20544, 30472, 127, 2, 0, 0.1, 2.57246e+06, 125.223
20545, 29962, 137, 0, 0, 0.1, 2.5726e+06, 125.224
20546, 30472, 127, 1, 0, 0.1, 2.57272e+06, 125.224
20547, 28677, 137, 3, 0, 0.1, 2.57286e+06, 125.224
20548, 29960, 127, 2, 1, 0.1, 2.57299e+06, 125.225
20549, 29962, 127, 2, 0, 0.1, 2.57312e+06, 125.225
20550, 26882, 137, 2, 0, 0.1, 2.57325e+06, 125.225
20551, 28938, 127, 2, 0, 0.1, 2.57338e+06, 125.225
20552, 31488, 127, 1, 0, 0.1, 2.57351e+06, 125.225
20553, 31237, 137, 2, 0, 0.1, 2.57364e+06, 125.226
20554, 31237, 117, 1, 0, 0.1, 2.57376e+06, 125.226
20555, 31492, 127, 1, 0, 0.1, 2.57389e+06, 125.226
20556, 31237, 127, 1, 0, 0.1, 2.57402e+06, 125.226
20557, 31747, 137, 1, 0, 0.1, 2.57415e+06, 125.226
20558, 31747, 117, 0, 1, 0.1, 2.57427e+06, 125.226
20559, 31747, 117, 2, 0, 0.1, 2.57439e+06, 125.226
20560, 29706, 137, 0, 1, 0.1, 2.57452e+06, 125.226
20561, 31747, 127, 2, 0, 0.1, 2.57465e+06, 125.226
20562, 29706, 127, 2, 0, 0.1, 2.57478e+06, 125.226
20563, 31746, 137, 2, 0, 0.1, 2.57491e+06, 125.227
20564, 29196, 137, 1, 0, 0.1, 2.57505e+06, 125.227
20565, 29189, 137, 2, 0, 0.1, 2.57519e+06, 125.228
20566, 29189, 117, 3, 0, 0.1, 2.57530e+06, 125.228
20567, 29196, 127, 2, 0, 0.1, 2.57543e+06, 125.228
20568, 29196, 117, 1, 0, 0.1, 2.57555e+06, 125.227
20569, 29189, 127, 1, 0, 0.1, 2.57568e+06, 125.227
20570, 28934, 137, 3, 0, 0.1, 2.57581e+06, 125.228
20571, 28677, 127, 3, 0, 0.1, 2.57594e+06, 125.228
20572, 28684, 127, 0, 0, 0.1, 2.57607e+06, 125.228
20573, 30722, 127, 1, 0, 0.1, 2.57619e+06, 125.228
20574, 30722, 117, 1, 0, 0.1, 2.57631e+06, 125.228
20575, 30722, 117, 1, 0, 0.1, 2.57643e+06, 125.227
20576, 30722, 117, 2, 1, 0.1, 2.57654e+06, 125.227
20577, 28684, 127, 0, 0, 0.1, 2.57667e+06, 125.227
20578, 30722, 127, 3, 0, 0.1, 2.5768e+06, 125.227
20579, 30725, 137, 3, 0, 0.1, 2.57694e+06, 125.228
20580, 28681, 137, 3, 0, 0.1, 2.57707e+06, 125.228
20581, 28681, 117, 2, 0, 0.1, 2.57719e+06, 125.228
20582, 32774, 137, 1, 0, 0.1, 2.57733e+06, 125.228
20583, 32774, 117, 1, 0, 0.1, 2.57744e+06, 125.228
20584, 32774, 117, 0, 0, 0.1, 2.57756e+06, 125.228
20585, 32777, 127, 0, 0, 0.1, 2.57769e+06, 125.228
20586, 32777, 117, 1, 0, 0.1, 2.57780e+06, 125.227
20587, 32773, 127, 1, 0, 0.1, 2.57793e+06, 125.227
20588, 49154, 127, 3, 0, 0.1, 2.57806e+06, 125.228
20589, 32773, 127, 0, 0, 0.1, 2.57819e+06, 125.228
20590, 32773, 117, 0, 0, 0.1, 2.5783e+06, 125.227
20591, 32773, 117, 1, 0, 0.1, 2.57842e+06, 125.227
20592, 49154, 127, 2, 1, 0.1, 2.57855e+06, 125.227
20593, 57356, 127, 2, 0, 0.1, 2.57867e+06, 125.227
20594, 57356, 117, 3, 0, 0.1, 2.57879e+06, 125.227
20595, 57356, 117, 2, 0, 0.1, 2.57891e+06, 125.226
20596, 57356, 117, 2, 0, 0.1, 2.57902e+06, 125.226
20597, 57356, 117, 0, 1, 0.1, 2.57914e+06, 125.225
20598, 49154, 127, 1, 1, 0.1, 2.57927e+06, 125.225
20599, 49154, 117, 0, 0, 0.1, 2.57939e+06, 125.225
20600, 49162, 127, 0, 0, 0.1, 2.57951e+06, 125.225
20601, 59395, 127, 1, 0, 0.1, 2.57964e+06, 125.225
20602, 59395, 117, 3, 0, 0.1, 2.57976e+06, 125.225
20603, 63493, 127, 3, 0, 0.1, 2.57988e+06, 125.225
20604, 63748, 127, 3, 0, 0.1, 2.58001e+06, 125.225
20605, 63493, 127, 1, 0, 0.1, 2.58014e+06, 125.225
20606, 63748, 127, 1, 0, 0.1, 2.58026e+06, 125.225
20607, 63493, 127, 3, 0, 0.1, 2.58039e+06, 125.225
20608, 63748, 127, 2, 0, 0.1, 2.58052e+06, 125.225
20609, 63748, 117, 3, 0, 0.1, 2.58064e+06, 125.225
20610, 63493, 127, 3, 0, 0.1, 2.58076e+06, 125.225
20611, 63744, 127, 2, 0, 0.1, 2.58089e+06, 125.225
20612, 61706, 127, 2, 0, 0.1, 2.58102e+06, 125.225
20613, 57610, 127, 0, 0, 0.1, 2.58114e+06, 125.225
20614, 61706, 127, 0, 0, 0.1, 2.58127e+06, 125.225
20615, 63744, 127, 3, 0, 0.1, 2.5814e+06, 125.225
20616, 63493, 137, 3, 0, 0.1, 2.58154e+06, 125.226
20617, 63493, 127, 0, 0, 0.1, 2.58166e+06, 125.226
20618, 63493, 117, 1, 0, 0.1, 2.58178e+06, 125.226
20619, 63493, 127, 3, 0, 0.1, 2.58191e+06, 125.226
20620, 63493, 127, 3, 0, 0.1, 2.58203e+06, 125.226
20621, 63493, 137, 1, 0, 0.1, 2.58217e+06, 125.226
20622, 63493, 127, 0, 1, 0.1, 2.5823e+06, 125.227
20623, 63493, 117, 1, 0, 0.1, 2.58241e+06, 125.226
20624, 59397, 127, 3, 0, 0.1, 2.58254e+06, 125.226
20625, 63493, 127, 2, 1, 0.1, 2.58267e+06, 125.226
20626, 63621, 117, 2, 0, 0.1, 2.58278e+06, 125.226
20627, 63493, 117, 0, 1, 0.1, 2.5829e+06, 125.226
20628, 63493, 117, 1, 0, 0.1, 2.58302e+06, 125.225
20629, 59397, 127, 3, 0, 0.1, 2.58315e+06, 125.225
20630, 63493, 127, 3, 0, 0.1, 2.58327e+06, 125.225
20631, 63493, 127, 1, 0, 0.1, 2.5834e+06, 125.225
20632, 63621, 127, 3, 1, 0.1, 2.58353e+06, 125.225
20633, 63493, 127, 3, 0, 0.1, 2.58365e+06, 125.226
20634, 64641, 137, 2, 0, 0.1, 2.58379e+06, 125.226
20635, 62474, 127, 2, 0, 0.1, 2.58392e+06, 125.226
20636, 62474, 137, 0, 1, 0.1, 2.58406e+06, 125.227
20637, 62474, 127, 1, 0, 0.1, 2.58418e+06, 125.227
20638, 62474, 117, 2, 0, 0.1, 2.5843e+06, 125.226
20639, 62474, 127, 3, 0, 0.1, 2.58443e+06, 125.227
20640, 62474, 117, 0, 0, 0.1, 2.58454e+06, 125.226
20641, 62474, 127, 2, 0, 0.1, 2.58467e+06, 125.226
20642, 62474, 127, 0, 0, 0.1, 2.5848e+06, 125.226
20643, 62474, 127, 2, 0, 0.1, 2.58492e+06, 125.226
20644, 62474, 127, 1, 0, 0.1, 2.58505e+06, 125.227
20645, 62474, 117, 0, 0, 0.1, 2.58517e+06, 125.226
20646, 62474, 127, 3, 1, 0.1, 2.5853e+06, 125.226
20647, 62474, 117, 0, 0, 0.1, 2.58541e+06, 125.226
20648, 64513, 127, 1, 0, 0.1, 2.58554e+06, 125.226
20649, 63493, 127, 3, 0, 0.1, 2.58567e+06, 125.226
20650, 64641, 127, 0, 0, 0.1, 2.58579e+06, 125.226
20651, 64641, 117, 2, 1, 0.1, 2.58591e+06, 125.226
20652, 62474, 127, 3, 0, 0.1, 2.58604e+06, 125.226
20653, 62474, 117, 2, 0, 0.1, 2.58615e+06, 125.225
20654, 62474, 127, 1, 1, 0.1, 2.58628e+06, 125.225
20655, 62474, 117, 1, 0, 0.1, 2.5864e+06, 125.225
20656, 62474, 117, 0, 0, 0.1, 2.58652e+06, 125.225
20657, 62474, 127, 2, 0, 0.1, 2.58664e+06, 125.225
20658, 62474, 127, 0, 0, 0.1, 2.58677e+06, 125.225
20659, 62474, 127, 2, 1, 0.1, 2.5869e+06, 125.225
20660, 62474, 127, 1, 0, 0.1, 2.58702e+06, 125.225
20661, 62474, 117, 1, 1, 0.1, 2.58714e+06, 125.225
20662, 62474, 117, 2, 0, 0.1, 2.58726e+06, 125.224
20663, 62474, 127, 2, 0, 0.1, 2.58738e+06, 125.224
20664, 50186, 137, 1, 0, 0.1, 2.58752e+06, 125.225
20665, 50186, 117, 3, 0, 0.1, 2.58764e+06, 125.224
20666, 50186, 117, 2, 0, 0.1, 2.58776e+06, 125.224
20667, 58378, 127, 1, 0, 0.1, 2.58788e+06, 125.224
20668, 58378, 117, 3, 0, 0.1, 2.588e+06, 125.224
20669, 58378, 117, 3, 0, 0.1, 2.58812e+06, 125.223
20670, 58378, 117, 2, 0, 0.1, 2.58823e+06, 125.223
20671, 62474, 127, 2, 0, 0.1, 2.58836e+06, 125.223
20672, 62474, 127, 2, 0, 0.1, 2.58849e+06, 125.223
20673, 61450, 137, 0, 0, 0.1, 2.58862e+06, 125.224
20674, 57354, 127, 2, 0, 0.1, 2.58875e+06, 125.224
20675, 61450, 127, 3, 0, 0.1, 2.58888e+06, 125.224
20676, 61450, 117, 1, 0, 0.1, 2.589e+06, 125.223
20677, 61450, 117, 3, 0, 0.1, 2.58911e+06, 125.223
20678, 61450, 117, 1, 0, 0.1, 2.58923e+06, 125.223
20679, 61450, 117, 1, 0, 0.1, 2.58935e+06, 125.222
20680, 61450, 117, 3, 0, 0.1, 2.58946e+06, 125.222
20681, 61450, 117, 2, 0, 0.1, 2.58958e+06, 125.221
20682, 31236, 127, 0, 0, 0.1, 2.58971e+06, 125.222
20683, 28682, 127, 2, 0, 0.1, 2.58983e+06, 125.222
20684, 31236, 127, 0, 0, 0.1, 2.58996e+06, 125.222
20685, 28682, 127, 2, 0, 0.1, 2.59009e+06, 125.222
20686, 31236, 127, 3, 0, 0.1, 2.59022e+06, 125.222
20687, 31237, 127, 3, 0, 0.1, 2.59034e+06, 125.222
20688, 27269, 127, 3, 0, 0.1, 2.59047e+06, 125.222
20689, 31365, 77, 2, 0, 0.1, 2.59055e+06, 125.22
20690, 29960, 137, 0, 1, 0.1, 2.59068e+06, 125.22
20691, 29962, 127, 2, 0, 0.1, 2.59081e+06, 125.22
20692, 29960, 127, 2, 0, 0.1, 2.59094e+06, 125.22
20693, 29962, 137, 2, 0, 0.1, 2.59107e+06, 125.221
20694, 32002, 137, 3, 0, 0.1, 2.59121e+06, 125.222
20695, 30725, 127, 1, 0, 0.1, 2.59134e+06, 125.222
20696, 32002, 127, 3, 0, 0.1, 2.59146e+06, 125.222
20697, 30725, 127, 1, 0, 0.1, 2.59159e+06, 125.222
20698, 32002, 127, 3, 0, 0.1, 2.59172e+06, 125.222
20699, 30725, 127, 3, 0, 0.1, 2.59185e+06, 125.222
20700, 30996, 127, 0, 0, 0.1, 2.59197e+06, 125.222
20701, 28954, 137, 3, 0, 0.1, 2.59211e+06, 125.223
20702, 28954, 117, 1, 0, 0.1, 2.59223e+06, 125.222
20703, 28954, 117, 2, 1, 0.1, 2.59234e+06, 125.222
20704, 30996, 127, 3, 0, 0.1, 2.59247e+06, 125.222
20705, 30725, 137, 1, 0, 0.1, 2.59261e+06, 125.223
20706, 30980, 77, 2, 0, 0.1, 2.59268e+06, 125.22
20707, 29960, 127, 0, 1, 0.1, 2.59281e+06, 125.22
20708, 29962, 127, 2, 0, 0.1, 2.59294e+06, 125.22
20709, 29960, 127, 2, 0, 0.1, 2.59307e+06, 125.22
20710, 29962, 137, 1, 1, 0.1, 2.5932e+06, 125.221
20711, 29962, 117, 0, 0, 0.1, 2.59332e+06, 125.221
20712, 29960, 127, 1, 1, 0.1, 2.59345e+06, 125.221
20713, 28677, 127, 3, 0, 0.1, 2.59357e+06, 125.221
20714, 29960, 127, 2, 0, 0.1, 2.5937e+06, 125.221
20715, 29962, 127, 2, 1, 0.1, 2.59383e+06, 125.221
20716, 32002, 137, 3, 0, 0.1, 2.59396e+06, 125.222
20717, 30725, 137, 0, 0, 0.1, 2.5941e+06, 125.222
20718, 30725, 117, 3, 0, 0.1, 2.59422e+06, 125.222
20719, 30980, 137, 0, 0, 0.1, 2.59436e+06, 125.222
20720, 28938, 137, 1, 0, 0.1, 2.59449e+06, 125.223
20721, 28938, 117, 2, 0, 0.1, 2.59461e+06, 125.222
20722, 30980, 127, 1, 0, 0.1, 2.59474e+06, 125.223
20723, 30725, 127, 3, 0, 0.1, 2.59486e+06, 125.223
20724, 30980, 127, 1, 0, 0.1, 2.59499e+06, 125.223
20725, 30725, 127, 3, 0, 0.1, 2.59512e+06, 125.223
20726, 30980, 127, 0, 0, 0.1, 2.59524e+06, 125.223
20727, 28938, 127, 3, 0, 0.1, 2.59537e+06, 125.223
20728, 28938, 117, 0, 0, 0.1, 2.59549e+06, 125.223
20729, 28938, 137, 0, 1, 0.1, 2.59563e+06, 125.223
20730, 28938, 137, 2, 0, 0.1, 2.59576e+06, 125.224
20731, 24842, 127, 0, 0, 0.1, 2.59589e+06, 125.224
20732, 28938, 127, 2, 0, 0.1, 2.59602e+06, 125.224
20733, 24842, 127, 0, 0, 0.1, 2.59614e+06, 125.224
20734, 28938, 127, 0, 0, 0.1, 2.59627e+06, 125.224
20735, 28938, 127, 1, 1, 0.1, 2.5964e+06, 125.224
20736, 28938, 117, 0, 0, 0.1, 2.59652e+06, 125.224
20737, 16394, 137, 3, 0, 0.1, 2.59665e+06, 125.224
20738, 16394, 117, 0, 0, 0.1, 2.59677e+06, 125.224
20739, 26625, 127, 3, 0, 0.1, 2.5969e+06, 125.224
20740, 30725, 127, 3, 0, 0.1, 2.59702e+06, 125.224
20741, 30725, 127, 1, 0, 0.1, 2.59715e+06, 125.224
20742, 30725, 127, 2, 1, 0.1, 2.59728e+06, 125.224
20743, 30725, 117, 3, 0, 0.1, 2.59739e+06, 125.224
20744, 30725, 127, 1, 0, 0.1, 2.59752e+06, 125.224
20745, 30725, 127, 1, 0, 0.1, 2.59765e+06, 125.224
20746, 26625, 127, 1, 0, 0.1, 2.59778e+06, 125.224
20747, 30725, 127, 3, 0, 0.1, 2.5979e+06, 125.224
20748, 26625, 127, 1, 0, 0.1, 2.59803e+06, 125.224
20749, 30725, 127, 3, 1, 0.1, 2.59816e+06, 125.224
20750, 26625, 127, 3, 0, 0.1, 2.59828e+06, 125.224
20751, 30725, 127, 1, 0, 0.1, 2.59841e+06, 125.225
20752, 26625, 127, 0, 0, 0.1, 2.59854e+06, 125.225
20753, 26625, 117, 3, 0, 0.1, 2.59865e+06, 125.224
20754, 30725, 127, 0, 1, 0.1, 2.59878e+06, 125.224
20755, 30725, 117, 1, 0, 0.1, 2.5989e+06, 125.224
20756, 26625, 127, 1, 0, 0.1, 2.59902e+06, 125.224
20757, 30725, 127, 3, 0, 0.1, 2.59915e+06, 125.224
20758, 26625, 127, 3, 0, 0.1, 2.59928e+06, 125.224
20759, 30725, 127, 3, 0, 0.1, 2.59941e+06, 125.224
20760, 30725, 127, 3, 0, 0.1, 2.59953e+06, 125.224
20761, 30853, 137, 1, 0, 0.1, 2.59967e+06, 125.225
20762, 30853, 127, 1, 0, 0.1, 2.5998e+06, 125.225
20763, 26757, 127, 1, 0, 0.1, 2.59992e+06, 125.225
20764, 26753, 127, 3, 0, 0.1, 2.60005e+06, 125.225
20765, 26661, 77, 2, 0, 0.1, 2.60013e+06, 125.223
20766, 30472, 127, 2, 0, 0.1, 2.60026e+06, 125.223
20767, 29962, 137, 2, 0, 0.1, 2.60039e+06, 125.224
20768, 32002, 137, 2, 0, 0.1, 2.60053e+06, 125.224
20769, 29962, 137, 2, 0, 0.1, 2.60067e+06, 125.225
20770, 32512, 127, 3, 0, 0.1, 2.60079e+06, 125.225
20771, 31237, 127, 3, 0, 0.1, 2.60092e+06, 125.225
20772, 31237, 137, 1, 0, 0.1, 2.60106e+06, 125.225
20773, 31237, 127, 2, 0, 0.1, 2.60118e+06, 125.225
20774, 31237, 117, 1, 0, 0.1, 2.6013e+06, 125.225
20775, 32512, 127, 0, 0, 0.1, 2.60143e+06, 125.225
20776, 29962, 127, 2, 0, 0.1, 2.60156e+06, 125.225
20777, 32512, 127, 1, 0, 0.1, 2.60168e+06, 125.225
20778, 31237, 137, 0, 1, 0.1, 2.60182e+06, 125.226
20779, 31237, 117, 3, 0, 0.1, 2.60194e+06, 125.226
20780, 32512, 127, 2, 0, 0.1, 2.60206e+06, 125.226
20781, 29962, 137, 2, 0, 0.1, 2.6022e+06, 125.226
20782, 29962, 127, 2, 0, 0.1, 2.60233e+06, 125.226
20783, 28940, 137, 3, 0, 0.1, 2.60246e+06, 125.227
20784, 28940, 117, 0, 0, 0.1, 2.60258e+06, 125.226
20785, 24842, 127, 0, 1, 0.1, 2.60271e+06, 125.227
20786, 16650, 127, 2, 0, 0.1, 2.60284e+06, 125.227
20787, 24842, 127, 0, 0, 0.1, 2.60296e+06, 125.227
20788, 16650, 127, 2, 0, 0.1, 2.60309e+06, 125.227
20789, 24842, 127, 2, 0, 0.1, 2.60322e+06, 125.227
20790, 28940, 127, 3, 0, 0.1, 2.60334e+06, 125.227
20791, 28940, 117, 1, 0, 0.1, 2.60346e+06, 125.227
20792, 28677, 127, 3, 0, 0.1, 2.60359e+06, 125.227
20793, 28940, 127, 0, 0, 0.1, 2.60371e+06, 125.227
20794, 24842, 127, 2, 0, 0.1, 2.60384e+06, 125.227
20795, 28940, 127, 1, 0, 0.1, 2.60397e+06, 125.227
20796, 28677, 127, 3, 0, 0.1, 2.6041e+06, 125.227
20797, 28940, 127, 2, 0, 0.1, 2.60422e+06, 125.227
20798, 28940, 117, 0, 0, 0.1, 2.60434e+06, 125.227
20799, 24842, 127, 0, 0, 0.1, 2.60447e+06, 125.227
20800, 16650, 127, 2, 0, 0.1, 2.60459e+06, 125.227
20801, 24842, 127, 0, 1, 0.1, 2.60472e+06, 125.227
20802, 16650, 127, 0, 0, 0.1, 2.60485e+06, 125.227
20803, 27392, 127, 0, 0, 0.1, 2.60497e+06, 125.227
20804, 24842, 127, 2, 0, 0.1, 2.6051e+06, 125.227
20805, 27392, 127, 3, 0, 0.1, 2.60523e+06, 125.227
20806, 31237, 127, 3, 1, 0.1, 2.60536e+06, 125.227
20807, 31237, 127, 1, 0, 0.1, 2.60548e+06, 125.227
20808, 31237, 127, 1, 0, 0.1, 2.60561e+06, 125.228
20809, 27392, 127, 0, 0, 0.1, 2.60574e+06, 125.228
20810, 24842, 127, 2, 1, 0.1, 2.60586e+06, 125.228
20811, 27392, 127, 0, 0, 0.1, 2.60599e+06, 125.228
20812, 24842, 127, 0, 0, 0.1, 2.60612e+06, 125.228
20813, 30978, 127, 0, 0, 0.1, 2.60624e+06, 125.228
20814, 28938, 127, 3, 0, 0.1, 2.60637e+06, 125.228
20815, 28938, 117, 0, 0, 0.1, 2.60649e+06, 125.228
20816, 29448, 127, 1, 0, 0.1, 2.60662e+06, 125.228
20817, 29189, 137, 3, 0, 0.1, 2.60675e+06, 125.228
20818, 29448, 127, 3, 1, 0.1, 2.60688e+06, 125.228
20819, 29448, 117, 1, 0, 0.1, 2.607e+06, 125.228
20820, 29189, 127, 1, 0, 0.1, 2.60712e+06, 125.228
20821, 29954, 137, 3, 0, 0.1, 2.60726e+06, 125.229
20822, 24581, 127, 3, 0, 0.1, 2.60739e+06, 125.229
20823, 24840, 127, 1, 0, 0.1, 2.60751e+06, 125.229
20824, 24581, 127, 3, 0, 0.1, 2.60764e+06, 125.229
20825, 24840, 127, 1, 0, 0.1, 2.60777e+06, 125.229
20826, 24581, 127, 1, 0, 0.1, 2.6079e+06, 125.229
20827, 29954, 127, 2, 0, 0.1, 2.60802e+06, 125.229
20828, 29962, 127, 2, 0, 0.1, 2.60815e+06, 125.229
20829, 24840, 137, 0, 0, 0.1, 2.60829e+06, 125.23
20830, 16650, 127, 2, 0, 0.1, 2.60841e+06, 125.23
20831, 24840, 127, 1, 0, 0.1, 2.60854e+06, 125.23
20832, 28677, 127, 3, 0, 0.1, 2.60867e+06, 125.23
20833, 24840, 127, 1, 0, 0.1, 2.60879e+06, 125.23
20834, 28677, 127, 3, 0, 0.1, 2.60892e+06, 125.23
20835, 24840, 127, 0, 0, 0.1, 2.60905e+06, 125.23
20836, 16650, 127, 2, 0, 0.1, 2.60918e+06, 125.23
20837, 24840, 127, 2, 1, 0.1, 2.6093e+06, 125.23
20838, 28938, 127, 2, 0, 0.1, 2.60943e+06, 125.231
20839, 31492, 127, 1, 0, 0.1, 2.60956e+06, 125.231
20840, 30725, 137, 0, 1, 0.1, 2.60969e+06, 125.231
20841, 30725, 117, 3, 0, 0.1, 2.60981e+06, 125.231
20842, 26884, 127, 3, 0, 0.1, 2.60994e+06, 125.231
20843, 18437, 127, 3, 0, 0.1, 2.61006e+06, 125.231
20844, 26880, 127, 3, 0, 0.1, 2.61019e+06, 125.231
20845, 30725, 127, 3, 0, 0.1, 2.61032e+06, 125.231
20846, 30725, 127, 1, 0, 0.1, 2.61044e+06, 125.231
20847, 30725, 127, 3, 0, 0.1, 2.61057e+06, 125.231
20848, 30725, 127, 1, 0, 0.1, 2.6107e+06, 125.231
20849, 30725, 127, 3, 0, 0.1, 2.61083e+06, 125.231
20850, 30725, 127, 1, 0, 0.1, 2.61095e+06, 125.232
20851, 30725, 127, 1, 0, 0.1, 2.61108e+06, 125.232
20852, 26880, 127, 0, 0, 0.1, 2.61121e+06, 125.232
20853, 24842, 127, 2, 0, 0.1, 2.61133e+06, 125.232
20854, 26880, 127, 0, 0, 0.1, 2.61146e+06, 125.232
20855, 24842, 127, 0, 0, 0.1, 2.61159e+06, 125.232
20856, 30978, 127, 0, 1, 0.1, 2.61172e+06, 125.232
20857, 24842, 127, 3, 1, 0.1, 2.61184e+06, 125.232
20858, 24842, 117, 2, 0, 0.1, 2.61196e+06, 125.232
20859, 30978, 127, 3, 0, 0.1, 2.61209e+06, 125.232
20860, 30725, 127, 3, 0, 0.1, 2.61221e+06, 125.232
20861, 30980, 137, 3, 0, 0.1, 2.61235e+06, 125.233
20862, 30725, 127, 1, 0, 0.1, 2.61248e+06, 125.233
20863, 30980, 127, 3, 0, 0.1, 2.6126e+06, 125.233
20864, 30725, 127, 3, 0, 0.1, 2.61273e+06, 125.233
20865, 30725, 137, 3, 0, 0.1, 2.61287e+06, 125.233
20866, 30725, 137, 3, 0, 0.1, 2.61300e+06, 125.234
20867, 24844, 137, 0, 0, 0.1, 2.61314e+06, 125.234
20868, 28938, 127, 2, 0, 0.1, 2.61327e+06, 125.235
20869, 24860, 127, 0, 0, 0.1, 2.6134e+06, 125.235
20870, 28954, 77, 3, 0, 0.1, 2.61347e+06, 125.232
20871, 29962, 117, 2, 0, 0.1, 2.61359e+06, 125.232
20872, 30472, 137, 2, 0, 0.1, 2.61373e+06, 125.232
20873, 25866, 127, 2, 0, 0.1, 2.61385e+06, 125.233
20874, 32002, 127, 2, 0, 0.1, 2.61398e+06, 125.233
20875, 29962, 127, 2, 0, 0.1, 2.61411e+06, 125.233
20876, 32512, 127, 2, 0, 0.1, 2.61424e+06, 125.233
20877, 29962, 137, 2, 0, 0.1, 2.61437e+06, 125.233
20878, 29962, 137, 2, 0, 0.1, 2.61451e+06, 125.234
20879, 29452, 137, 2, 0, 0.1, 2.61465e+06, 125.235
20880, 29452, 117, 1, 1, 0.1, 2.61476e+06, 125.234
20881, 28677, 137, 3, 0, 0.1, 2.6149e+06, 125.235
20882, 28940, 127, 2, 0, 0.1, 2.61503e+06, 125.235
20883, 28940, 117, 0, 0, 0.1, 2.61514e+06, 125.234
20884, 24842, 127, 2, 0, 0.1, 2.61527e+06, 125.234
20885, 28940, 127, 1, 0, 0.1, 2.6154e+06, 125.235
20886, 28677, 127, 1, 0, 0.1, 2.61552e+06, 125.235
20887, 61702, 137, 1, 0, 0.1, 2.61566e+06, 125.235
20888, 61702, 117, 2, 1, 0.1, 2.61578e+06, 125.235
20889, 61702, 117, 2, 0, 0.1, 2.6159e+06, 125.234
20890, 61702, 117, 0, 0, 0.1, 2.61601e+06, 125.234
20891, 57353, 137, 0, 0, 0.1, 2.61615e+06, 125.235
20892, 57353, 117, 2, 1, 0.1, 2.61627e+06, 125.234
20893, 49158, 127, 2, 0, 0.1, 2.61639e+06, 125.234
20894, 49158, 117, 0, 0, 0.1, 2.61651e+06, 125.234
20895, 57353, 127, 0, 0, 0.1, 2.61664e+06, 125.234
20896, 57353, 117, 2, 0, 0.1, 2.61676e+06, 125.234
20897, 49158, 127, 2, 0, 0.1, 2.61688e+06, 125.234
20898, 49158, 117, 2, 0, 0.1, 2.617e+06, 125.233
20899, 49158, 117, 2, 0, 0.1, 2.61712e+06, 125.233
20900, 49158, 117, 1, 1, 0.1, 2.61723e+06, 125.232
20901, 49158, 117, 1, 0, 0.1, 2.61735e+06, 125.232
20902, 49158, 117, 2, 0, 0.1, 2.61747e+06, 125.232
20903, 49158, 117, 0, 0, 0.1, 2.61758e+06, 125.231
20904, 57353, 127, 0, 0, 0.1, 2.61771e+06, 125.231
20905, 57353, 117, 2, 0, 0.1, 2.61783e+06, 125.231
20906, 49158, 127, 2, 0, 0.1, 2.61796e+06, 125.231
20907, 49158, 117, 0, 0, 0.1, 2.61807e+06, 125.231
20908, 57353, 127, 0, 0, 0.1, 2.6182e+06, 125.231
20909, 57353, 117, 2, 0, 0.1, 2.61832e+06, 125.23
20910, 49158, 127, 1, 0, 0.1, 2.61844e+06, 125.23
20911, 49158, 117, 0, 0, 0.1, 2.61856e+06, 125.23
20912, 57353, 127, 3, 0, 0.1, 2.61869e+06, 125.23
20913, 57353, 117, 2, 0, 0.1, 2.6188e+06, 125.23
20914, 49158, 127, 3, 0, 0.1, 2.61893e+06, 125.23
20915, 32773, 127, 0, 0, 0.1, 2.61906e+06, 125.23
20916, 32773, 117, 0, 0, 0.1, 2.61918e+06, 125.23
20917, 32773, 117, 0, 0, 0.1, 2.61929e+06, 125.229
20918, 32773, 117, 2, 0, 0.1, 2.61941e+06, 125.229
20919, 32773, 117, 3, 0, 0.1, 2.61953e+06, 125.228
20920, 49420, 127, 2, 0, 0.1, 2.61965e+06, 125.228
20921, 49420, 117, 2, 0, 0.1, 2.61977e+06, 125.228
20922, 49420, 117, 2, 0, 0.1, 2.61989e+06, 125.228
20923, 49420, 117, 2, 0, 0.1, 2.62e+06, 125.227
20924, 49420, 117, 0, 1, 0.1, 2.62012e+06, 125.227
20925, 57610, 127, 2, 0, 0.1, 2.62025e+06, 125.227
20926, 49420, 127, 0, 0, 0.1, 2.62038e+06, 125.227
20927, 57610, 127, 2, 0, 0.1, 2.6205e+06, 125.227
20928, 49420, 127, 3, 0, 0.1, 2.62063e+06, 125.227
20929, 49420, 117, 0, 0, 0.1, 2.62075e+06, 125.227
20930, 57610, 127, 2, 0, 0.1, 2.62087e+06, 125.227
20931, 49420, 127, 2, 0, 0.1, 2.621e+06, 125.227
20932, 49420, 117, 0, 0, 0.1, 2.62112e+06, 125.227
20933, 57610, 127, 0, 0, 0.1, 2.62124e+06, 125.227
20934, 61706, 127, 2, 0, 0.1, 2.62137e+06, 125.227
20935, 57610, 127, 2, 0, 0.1, 2.6215e+06, 125.227
20936, 49420, 127, 0, 0, 0.1, 2.62162e+06, 125.227
20937, 57610, 127, 2, 0, 0.1, 2.62175e+06, 125.227
20938, 49420, 127, 3, 0, 0.1, 2.62188e+06, 125.227
20939, 49420, 117, 0, 0, 0.1, 2.622e+06, 125.227
20940, 57610, 127, 0, 0, 0.1, 2.62212e+06, 125.227
20941, 61706, 127, 0, 1, 0.1, 2.62225e+06, 125.227
20942, 64256, 127, 0, 0, 0.1, 2.62238e+06, 125.227
20943, 61706, 127, 0, 0, 0.1, 2.6225e+06, 125.227
20944, 63746, 127, 2, 0, 0.1, 2.62263e+06, 125.227
20945, 61706, 127, 0, 0, 0.1, 2.62276e+06, 125.227
20946, 63746, 127, 0, 0, 0.1, 2.62288e+06, 125.227
20947, 57610, 127, 0, 0, 0.1, 2.62301e+06, 125.227
20948, 62216, 127, 3, 1, 0.1, 2.62314e+06, 125.227
20949, 62216, 117, 3, 0, 0.1, 2.62326e+06, 125.227
20950, 62216, 117, 0, 0, 0.1, 2.62337e+06, 125.227
20951, 61706, 127, 2, 0, 0.1, 2.6235e+06, 125.227
20952, 62216, 127, 2, 0, 0.1, 2.62363e+06, 125.227
20953, 57610, 127, 2, 1, 0.1, 2.62375e+06, 125.227
20954, 63746, 127, 3, 0, 0.1, 2.62388e+06, 125.227
20955, 63493, 127, 3, 0, 0.1, 2.62401e+06, 125.227
20956, 63748, 137, 2, 1, 0.1, 2.62414e+06, 125.228
20957, 63764, 117, 0, 1, 0.1, 2.62426e+06, 125.227
20958, 57610, 137, 1, 0, 0.1, 2.6244e+06, 125.228
20959, 57626, 117, 3, 0, 0.1, 2.62452e+06, 125.227
20960, 57610, 117, 0, 0, 0.1, 2.62463e+06, 125.227
20961, 57610, 127, 0, 0, 0.1, 2.62476e+06, 125.227
20962, 61706, 127, 2, 0, 0.1, 2.62489e+06, 125.227
20963, 57610, 127, 2, 0, 0.1, 2.62501e+06, 125.227
20964, 57610, 127, 2, 0, 0.1, 2.62514e+06, 125.227
20965, 63748, 127, 0, 1, 0.1, 2.62527e+06, 125.227
20966, 57610, 127, 3, 1, 0.1, 2.6254e+06, 125.228
20967, 57610, 117, 2, 0, 0.1, 2.62551e+06, 125.227
20968, 63748, 127, 0, 0, 0.1, 2.62564e+06, 125.227
20969, 57610, 127, 1, 1, 0.1, 2.62577e+06, 125.227
20970, 57610, 117, 0, 0, 0.1, 2.62588e+06, 125.227
20971, 57610, 127, 0, 0, 0.1, 2.62601e+06, 125.227
20972, 61706, 127, 2, 0, 0.1, 2.62614e+06, 125.227
20973, 57610, 127, 0, 0, 0.1, 2.62626e+06, 125.227
20974, 61706, 127, 3, 1, 0.1, 2.62639e+06, 125.227
20975, 61706, 117, 0, 0, 0.1, 2.62651e+06, 125.227
20976, 61706, 127, 0, 0, 0.1, 2.62664e+06, 125.227
20977, 61706, 137, 3, 0, 0.1, 2.62677e+06, 125.227
20978, 61706, 117, 3, 1, 0.1, 2.62689e+06, 125.227
20979, 61706, 117, 2, 0, 0.1, 2.62701e+06, 125.227
20980, 61706, 127, 1, 1, 0.1, 2.62713e+06, 125.227
20981, 61706, 117, 0, 0, 0.1, 2.62725e+06, 125.226
20982, 61706, 127, 2, 0, 0.1, 2.62738e+06, 125.226
20983, 61706, 127, 0, 0, 0.1, 2.6275e+06, 125.227
20984, 61706, 127, 0, 0, 0.1, 2.62763e+06, 125.227
20985, 64001, 137, 2, 0, 0.1, 2.62777e+06, 125.227
20986, 61450, 127, 3, 0, 0.1, 2.6279e+06, 125.227
20987, 28682, 117, 2, 0, 0.1, 2.62801e+06, 125.227
20988, 24586, 127, 0, 0, 0.1, 2.62814e+06, 125.227
20989, 28682, 127, 0, 0, 0.1, 2.62827e+06, 125.227
20990, 31233, 127, 0, 1, 0.1, 2.62839e+06, 125.227
20991, 31265, 117, 2, 0, 0.1, 2.62851e+06, 125.227
20992, 28682, 127, 3, 0, 0.1, 2.62864e+06, 125.227
20993, 28698, 117, 0, 0, 0.1, 2.62875e+06, 125.226
20994, 31297, 77, 2, 0, 0.1, 2.62883e+06, 125.224
20995, 30472, 127, 1, 0, 0.1, 2.62896e+06, 125.224
20996, 29189, 127, 3, 0, 0.1, 2.62908e+06, 125.224
20997, 30472, 127, 1, 0, 0.1, 2.62921e+06, 125.224
20998, 29189, 127, 1, 0, 0.1, 2.62934e+06, 125.225
20999, 25858, 137, 0, 0, 0.1, 2.62948e+06, 125.225
21000, 25866, 127, 0, 0, 0.1, 2.6296e+06, 125.225
21001, 32002, 127, 1, 1, 0.1, 2.62973e+06, 125.225
21002, 32002, 117, 1, 1, 0.1, 2.62985e+06, 125.225
21003, 32002, 117, 2, 0, 0.1, 2.62996e+06, 125.224
21004, 25866, 127, 2, 0, 0.1, 2.63009e+06, 125.225
21005, 25858, 127, 3, 0, 0.1, 2.63022e+06, 125.225
21006, 28677, 127, 3, 0, 0.1, 2.63034e+06, 125.225
21007, 29960, 127, 3, 1, 0.1, 2.63047e+06, 125.225
21008, 29960, 117, 2, 0, 0.1, 2.63059e+06, 125.224
21009, 29962, 137, 2, 0, 0.1, 2.63073e+06, 125.225
21010, 32130, 137, 1, 1, 0.1, 2.63086e+06, 125.226
21011, 32130, 117, 3, 0, 0.1, 2.63098e+06, 125.225
21012, 30853, 137, 1, 0, 0.1, 2.63112e+06, 125.226
21013, 32130, 127, 2, 0, 0.1, 2.63124e+06, 125.226
21014, 29978, 127, 2, 0, 0.1, 2.63137e+06, 125.226
21015, 32528, 137, 3, 0, 0.1, 2.63151e+06, 125.226
21016, 31269, 137, 3, 0, 0.1, 2.63164e+06, 125.227
21017, 31269, 127, 3, 0, 0.1, 2.63177e+06, 125.227
21018, 31269, 127, 1, 0, 0.1, 2.6319e+06, 125.227
21019, 31365, 77, 2, 0, 0.1, 2.63198e+06, 125.225
21020, 30472, 137, 1, 0, 0.1, 2.63211e+06, 125.225
21021, 29189, 137, 3, 0, 0.1, 2.63225e+06, 125.226
21022, 30472, 127, 1, 1, 0.1, 2.63238e+06, 125.226
21023, 29189, 127, 1, 0, 0.1, 2.6325e+06, 125.226
21024, 28930, 137, 3, 0, 0.1, 2.63264e+06, 125.227
21025, 28677, 127, 3, 0, 0.1, 2.63277e+06, 125.227
21026, 29960, 127, 2, 0, 0.1, 2.6329e+06, 125.227
21027, 29962, 137, 2, 0, 0.1, 2.63303e+06, 125.227
21028, 32002, 137, 3, 0, 0.1, 2.63317e+06, 125.228
21029, 30725, 137, 1, 0, 0.1, 2.63331e+06, 125.229
21030, 32002, 127, 2, 0, 0.1, 2.63343e+06, 125.229
21031, 29962, 127, 0, 0, 0.1, 2.63356e+06, 125.229
21032, 32002, 127, 0, 0, 0.1, 2.63369e+06, 125.229
21033, 25866, 127, 2, 0, 0.1, 2.63381e+06, 125.229
21034, 32002, 127, 0, 0, 0.1, 2.63394e+06, 125.229
21035, 25866, 127, 0, 0, 0.1, 2.63407e+06, 125.229
21036, 29960, 127, 2, 0, 0.1, 2.6342e+06, 125.229
21037, 25866, 127, 2, 0, 0.1, 2.63432e+06, 125.229
21038, 32002, 127, 2, 0, 0.1, 2.63445e+06, 125.229
21039, 29962, 127, 0, 0, 0.1, 2.63458e+06, 125.229
21040, 32002, 127, 2, 0, 0.1, 2.6347e+06, 125.229
21041, 29962, 127, 2, 0, 0.1, 2.63483e+06, 125.23
21042, 32512, 137, 3, 1, 0.1, 2.63497e+06, 125.23
21043, 31237, 137, 3, 0, 0.1, 2.6351e+06, 125.231
21044, 31237, 127, 1, 0, 0.1, 2.63523e+06, 125.231
21045, 31237, 127, 1, 1, 0.1, 2.63536e+06, 125.231
21046, 32512, 127, 2, 0, 0.1, 2.63548e+06, 125.231
21047, 16650, 137, 3, 0, 0.1, 2.63562e+06, 125.231
21048, 16650, 117, 2, 0, 0.1, 2.63574e+06, 125.231
21049, 24842, 127, 0, 0, 0.1, 2.63587e+06, 125.231
21050, 16650, 127, 2, 0, 0.1, 2.63599e+06, 125.231
21051, 24842, 127, 1, 0, 0.1, 2.63612e+06, 125.231
21052, 24842, 117, 2, 1, 0.1, 2.63624e+06, 125.231
21053, 28940, 127, 2, 1, 0.1, 2.63636e+06, 125.231
21054, 28940, 117, 1, 0, 0.1, 2.63648e+06, 125.231
21055, 28677, 127, 3, 0, 0.1, 2.63661e+06, 125.231
21056, 28940, 127, 0, 0, 0.1, 2.63674e+06, 125.231
21057, 24842, 127, 0, 1, 0.1, 2.63686e+06, 125.231
21058, 16650, 127, 0, 0, 0.1, 2.63699e+06, 125.231
21059, 27392, 127, 1, 0, 0.1, 2.63712e+06, 125.231
21060, 27141, 127, 3, 0, 0.1, 2.63724e+06, 125.231
21061, 27520, 127, 2, 0, 0.1, 2.63737e+06, 125.231
21062, 16650, 127, 2, 0, 0.1, 2.6375e+06, 125.231
21063, 24842, 127, 2, 0, 0.1, 2.63762e+06, 125.231
21064, 28940, 127, 1, 0, 0.1, 2.63775e+06, 125.231
21065, 28677, 127, 1, 0, 0.1, 2.63788e+06, 125.232
21066, 61702, 137, 0, 0, 0.1, 2.63802e+06, 125.232
21067, 57353, 137, 3, 0, 0.1, 2.63815e+06, 125.233
21068, 57353, 117, 1, 0, 0.1, 2.63827e+06, 125.232
21069, 61445, 127, 3, 0, 0.1, 2.6384e+06, 125.232
21070, 57353, 127, 1, 0, 0.1, 2.63852e+06, 125.232
21071, 61445, 127, 3, 0, 0.1, 2.63865e+06, 125.233
21072, 57353, 127, 3, 0, 0.1, 2.63878e+06, 125.233
21073, 57353, 117, 3, 0, 0.1, 2.63889e+06, 125.232
21074, 57353, 117, 2, 0, 0.1, 2.63901e+06, 125.232
21075, 49158, 127, 3, 0, 0.1, 2.63914e+06, 125.232
21076, 32773, 127, 1, 0, 0.1, 2.63926e+06, 125.232
21077, 49158, 127, 2, 0, 0.1, 2.63939e+06, 125.232
21078, 49158, 117, 3, 1, 0.1, 2.63951e+06, 125.232
21079, 32773, 127, 1, 0, 0.1, 2.63964e+06, 125.232
21080, 49158, 127, 3, 0, 0.1, 2.63976e+06, 125.232
21081, 32773, 127, 3, 0, 0.1, 2.63989e+06, 125.232
21082, 33052, 127, 0, 0, 0.1, 2.64002e+06, 125.232
21083, 33050, 127, 0, 0, 0.1, 2.64014e+06, 125.232
21084, 49434, 127, 1, 0, 0.1, 2.64027e+06, 125.232
21085, 49434, 117, 2, 0, 0.1, 2.64039e+06, 125.232
21086, 33050, 127, 1, 0, 0.1, 2.64052e+06, 125.232
21087, 33050, 117, 1, 0, 0.1, 2.64063e+06, 125.232
21088, 33050, 117, 3, 0, 0.1, 2.64075e+06, 125.231
21089, 33050, 117, 0, 0, 0.1, 2.64087e+06, 125.231
21090, 49434, 127, 0, 0, 0.1, 2.64099e+06, 125.231
21091, 60176, 127, 3, 0, 0.1, 2.64112e+06, 125.231
21092, 64005, 127, 3, 0, 0.1, 2.64125e+06, 125.231
21093, 64005, 127, 1, 0, 0.1, 2.64137e+06, 125.231
21094, 64005, 127, 1, 0, 0.1, 2.6415e+06, 125.231
21095, 60160, 127, 1, 0, 0.1, 2.64163e+06, 125.231
21096, 59909, 127, 1, 0, 0.1, 2.64176e+06, 125.231
21097, 64276, 127, 3, 0, 0.1, 2.64188e+06, 125.231
21098, 59909, 127, 3, 0, 0.1, 2.64201e+06, 125.232
21099, 60160, 127, 3, 0, 0.1, 2.64214e+06, 125.232
21100, 64005, 127, 0, 0, 0.1, 2.64226e+06, 125.232
21101, 64005, 117, 1, 0, 0.1, 2.64238e+06, 125.231
21102, 60176, 127, 1, 0, 0.1, 2.64251e+06, 125.231
21103, 59909, 127, 1, 0, 0.1, 2.64263e+06, 125.231
21104, 64260, 127, 0, 0, 0.1, 2.64276e+06, 125.232
21105, 57610, 127, 0, 0, 0.1, 2.64289e+06, 125.232
21106, 62216, 127, 3, 0, 0.1, 2.64302e+06, 125.232
21107, 62216, 117, 1, 0, 0.1, 2.64313e+06, 125.231
21108, 61957, 127, 0, 0, 0.1, 2.64326e+06, 125.231
21109, 61957, 117, 3, 0, 0.1, 2.64338e+06, 125.231
21110, 62216, 127, 1, 0, 0.1, 2.6435e+06, 125.231
21111, 61957, 127, 3, 0, 0.1, 2.64363e+06, 125.231
21112, 62216, 127, 1, 0, 0.1, 2.64376e+06, 125.231
21113, 61957, 127, 3, 0, 0.1, 2.64388e+06, 125.231
21114, 62232, 127, 0, 0, 0.1, 2.64401e+06, 125.231
21115, 61722, 127, 1, 0, 0.1, 2.64414e+06, 125.232
21116, 61722, 117, 2, 0, 0.1, 2.64426e+06, 125.231
21117, 62232, 127, 0, 0, 0.1, 2.64438e+06, 125.231
21118, 61706, 127, 2, 0, 0.1, 2.64451e+06, 125.231
21119, 62232, 127, 0, 0, 0.1, 2.64464e+06, 125.231
21120, 61706, 127, 1, 0, 0.1, 2.64476e+06, 125.231
21121, 61706, 117, 0, 0, 0.1, 2.64488e+06, 125.231
21122, 61698, 127, 0, 0, 0.1, 2.64501e+06, 125.231
21123, 61706, 137, 2, 0, 0.1, 2.64514e+06, 125.232
21124, 61698, 127, 3, 0, 0.1, 2.64527e+06, 125.232
21125, 57349, 127, 1, 0, 0.1, 2.6454e+06, 125.232
21126, 61698, 127, 1, 1, 0.1, 2.64552e+06, 125.232
21127, 61698, 117, 2, 0, 0.1, 2.64564e+06, 125.232
21128, 57610, 127, 0, 0, 0.1, 2.64577e+06, 125.232
21129, 61698, 127, 0, 0, 0.1, 2.6459e+06, 125.232
21130, 61706, 127, 2, 0, 0.1, 2.64602e+06, 125.232
21131, 61698, 127, 2, 0, 0.1, 2.64615e+06, 125.232
21132, 57610, 127, 0, 0, 0.1, 2.64628e+06, 125.232
21133, 61698, 127, 3, 0, 0.1, 2.6464e+06, 125.232
21134, 57349, 127, 0, 0, 0.1, 2.64653e+06, 125.232
21135, 57349, 117, 3, 0, 0.1, 2.64665e+06, 125.232
21136, 61704, 127, 0, 0, 0.1, 2.64678e+06, 125.232
21137, 61706, 127, 1, 0, 0.1, 2.6469e+06, 125.232
21138, 61706, 117, 3, 0, 0.1, 2.64702e+06, 125.232
21139, 61706, 117, 2, 0, 0.1, 2.64714e+06, 125.231
21140, 61704, 127, 0, 0, 0.1, 2.64726e+06, 125.231
21141, 61706, 127, 1, 0, 0.1, 2.64739e+06, 125.231
21142, 61706, 117, 2, 0, 0.1, 2.64751e+06, 125.231
21143, 61704, 127, 0, 0, 0.1, 2.64763e+06, 125.231
21144, 61706, 127, 0, 0, 0.1, 2.64776e+06, 125.231
21145, 62216, 137, 0, 0, 0.1, 2.6479e+06, 125.232
21146, 61706, 127, 0, 0, 0.1, 2.64802e+06, 125.232
21147, 63874, 127, 0, 0, 0.1, 2.64815e+06, 125.232
21148, 61706, 137, 0, 0, 0.1, 2.64829e+06, 125.232
21149, 64256, 137, 3, 0, 0.1, 2.64843e+06, 125.233
21150, 64005, 127, 3, 1, 0.1, 2.64855e+06, 125.233
21151, 64005, 127, 1, 0, 0.1, 2.64868e+06, 125.233
21152, 64005, 127, 1, 0, 0.1, 2.64881e+06, 125.233
21153, 64256, 127, 3, 0, 0.1, 2.64893e+06, 125.233
21154, 64005, 127, 2, 0, 0.1, 2.64906e+06, 125.233
21155, 64005, 117, 0, 0, 0.1, 2.64918e+06, 125.233
21156, 64005, 117, 1, 0, 0.1, 2.6493e+06, 125.233
21157, 64256, 127, 0, 0, 0.1, 2.64942e+06, 125.233
21158, 61450, 137, 2, 0, 0.1, 2.64956e+06, 125.233
21159, 64000, 127, 3, 0, 0.1, 2.64969e+06, 125.233
21160, 64005, 127, 3, 0, 0.1, 2.64981e+06, 125.233
21161, 64005, 127, 3, 0, 0.1, 2.64994e+06, 125.233
21162, 64005, 137, 0, 0, 0.1, 2.65008e+06, 125.234
21163, 64005, 117, 3, 0, 0.1, 2.65019e+06, 125.234
21164, 64404, 127, 3, 0, 0.1, 2.65032e+06, 125.234
21165, 59909, 137, 1, 0, 0.1, 2.65046e+06, 125.234
21166, 19348, 127, 3, 1, 0.1, 2.65058e+06, 125.234
21167, 27269, 127, 1, 0, 0.1, 2.65071e+06, 125.234
21168, 19348, 127, 0, 0, 0.1, 2.65084e+06, 125.235
21169, 16666, 127, 2, 0, 0.1, 2.65097e+06, 125.235
21170, 19348, 127, 1, 0, 0.1, 2.65109e+06, 125.235
21171, 19077, 127, 1, 0, 0.1, 2.65122e+06, 125.235
21172, 27269, 127, 1, 0, 0.1, 2.65135e+06, 125.235
21173, 31365, 127, 3, 0, 0.1, 2.65147e+06, 125.235
21174, 27141, 77, 2, 0, 0.1, 2.65155e+06, 125.233
21175, 29960, 137, 2, 0, 0.1, 2.65169e+06, 125.233
21176, 29962, 127, 2, 0, 0.1, 2.65182e+06, 125.233
21177, 32002, 137, 2, 0, 0.1, 2.65195e+06, 125.234
21178, 29962, 127, 2, 0, 0.1, 2.65208e+06, 125.234
21179, 32512, 127, 0, 0, 0.1, 2.65221e+06, 125.234
21180, 29962, 127, 0, 0, 0.1, 2.65233e+06, 125.234
21181, 32002, 127, 2, 0, 0.1, 2.65246e+06, 125.234
21182, 29962, 127, 0, 0, 0.1, 2.65259e+06, 125.234
21183, 32130, 127, 3, 0, 0.1, 2.65271e+06, 125.234
21184, 28805, 137, 3, 0, 0.1, 2.65285e+06, 125.235
21185, 29060, 127, 3, 0, 0.1, 2.65298e+06, 125.235
21186, 28677, 77, 2, 0, 0.1, 2.65306e+06, 125.233
21187, 30472, 127, 1, 0, 0.1, 2.65318e+06, 125.233
21188, 28677, 137, 1, 0, 0.1, 2.65332e+06, 125.233
21189, 29954, 127, 2, 0, 0.1, 2.65345e+06, 125.233
21190, 29962, 137, 2, 0, 0.1, 2.65358e+06, 125.234
21191, 30472, 127, 2, 0, 0.1, 2.65371e+06, 125.234
21192, 29962, 137, 2, 1, 0.1, 2.65385e+06, 125.235
21193, 30980, 137, 0, 0, 0.1, 2.65398e+06, 125.235
21194, 28938, 127, 3, 0, 0.1, 2.65411e+06, 125.235
21195, 28938, 117, 0, 0, 0.1, 2.65423e+06, 125.235
21196, 29448, 127, 1, 0, 0.1, 2.65436e+06, 125.235
21197, 29189, 137, 1, 0, 0.1, 2.65449e+06, 125.236
21198, 28934, 137, 3, 0, 0.1, 2.65463e+06, 125.236
21199, 24581, 127, 3, 0, 0.1, 2.65476e+06, 125.236
21200, 24840, 127, 2, 0, 0.1, 2.65488e+06, 125.236
21201, 28938, 127, 2, 0, 0.1, 2.65501e+06, 125.236
21202, 30980, 127, 3, 0, 0.1, 2.65514e+06, 125.236
21203, 30725, 137, 3, 0, 0.1, 2.65527e+06, 125.237
21204, 32000, 137, 3, 0, 0.1, 2.65541e+06, 125.238
21205, 30725, 127, 3, 0, 0.1, 2.65554e+06, 125.238
21206, 30725, 127, 1, 0, 0.1, 2.65566e+06, 125.238
21207, 30725, 127, 3, 0, 0.1, 2.65579e+06, 125.238
21208, 30725, 127, 1, 0, 0.1, 2.65592e+06, 125.238
21209, 30725, 127, 3, 0, 0.1, 2.65605e+06, 125.238
21210, 30725, 127, 1, 0, 0.1, 2.65617e+06, 125.238
21211, 30725, 127, 3, 0, 0.1, 2.6563e+06, 125.238
21212, 30725, 127, 1, 0, 0.1, 2.65643e+06, 125.238
21213, 30725, 127, 3, 0, 0.1, 2.65655e+06, 125.238
21214, 30725, 127, 3, 0, 0.1, 2.65668e+06, 125.238
21215, 30725, 137, 3, 0, 0.1, 2.65682e+06, 125.239
21216, 31745, 137, 3, 0, 0.1, 2.65696e+06, 125.239
21217, 30725, 137, 1, 1, 0.1, 2.65709e+06, 125.24
21218, 27649, 127, 1, 1, 0.1, 2.65722e+06, 125.24
21219, 18437, 127, 2, 0, 0.1, 2.65735e+06, 125.24
21220, 18437, 117, 1, 0, 0.1, 2.65746e+06, 125.24
21221, 26629, 127, 3, 0, 0.1, 2.65759e+06, 125.24
21222, 18437, 127, 2, 0, 0.1, 2.65772e+06, 125.24
21223, 18437, 117, 0, 0, 0.1, 2.65783e+06, 125.24
21224, 18437, 117, 0, 0, 0.1, 2.65795e+06, 125.239
21225, 18437, 117, 3, 0, 0.1, 2.65807e+06, 125.239
21226, 27649, 127, 3, 1, 0.1, 2.6582e+06, 125.239
21227, 30725, 127, 3, 0, 0.1, 2.65832e+06, 125.239
21228, 30725, 127, 0, 0, 0.1, 2.65845e+06, 125.239
21229, 30725, 117, 1, 0, 0.1, 2.65857e+06, 125.239
21230, 30725, 127, 1, 0, 0.1, 2.65869e+06, 125.239
21231, 27649, 127, 2, 0, 0.1, 2.65882e+06, 125.239
21232, 25610, 127, 0, 0, 0.1, 2.65895e+06, 125.239
21233, 27649, 127, 3, 0, 0.1, 2.65907e+06, 125.239
21234, 30725, 127, 1, 0, 0.1, 2.6592e+06, 125.239
21235, 27649, 127, 1, 0, 0.1, 2.65933e+06, 125.239
21236, 18437, 127, 1, 0, 0.1, 2.65946e+06, 125.239
21237, 26629, 127, 3, 0, 0.1, 2.65958e+06, 125.239
21238, 18437, 127, 0, 1, 0.1, 2.65971e+06, 125.239
21239, 18437, 117, 0, 0, 0.1, 2.65983e+06, 125.239
21240, 18437, 117, 0, 0, 0.1, 2.65994e+06, 125.239
21241, 18437, 117, 2, 0, 0.1, 2.66006e+06, 125.238
21242, 18437, 117, 1, 0, 0.1, 2.66018e+06, 125.238
21243, 26629, 127, 3, 0, 0.1, 2.6603e+06, 125.238
21244, 18437, 127, 2, 0, 0.1, 2.66043e+06, 125.238
21245, 18437, 117, 3, 0, 0.1, 2.66055e+06, 125.238
21246, 27649, 127, 2, 0, 0.1, 2.66068e+06, 125.238
21247, 25610, 127, 2, 0, 0.1, 2.6608e+06, 125.238
21248, 29706, 127, 2, 0, 0.1, 2.66093e+06, 125.238
21249, 29706, 127, 2, 0, 0.1, 2.66106e+06, 125.238
21250, 29706, 137, 2, 0, 0.1, 2.66119e+06, 125.239
21251, 29706, 127, 2, 0, 0.1, 2.66132e+06, 125.239
21252, 16394, 137, 1, 0, 0.1, 2.66146e+06, 125.239
21253, 16394, 117, 2, 0, 0.1, 2.66157e+06, 125.239
21254, 24586, 127, 0, 0, 0.1, 2.6617e+06, 125.239
21255, 16394, 127, 2, 1, 0.1, 2.66183e+06, 125.239
21256, 24586, 127, 0, 0, 0.1, 2.66196e+06, 125.239
21257, 16394, 127, 2, 0, 0.1, 2.66208e+06, 125.239
21258, 24586, 127, 2, 0, 0.1, 2.66221e+06, 125.239
21259, 28682, 127, 2, 0, 0.1, 2.66234e+06, 125.239
21260, 31236, 127, 0, 0, 0.1, 2.66246e+06, 125.239
21261, 28682, 127, 2, 0, 0.1, 2.66259e+06, 125.239
21262, 31236, 127, 3, 0, 0.1, 2.66272e+06, 125.239
21263, 31237, 137, 3, 0, 0.1, 2.66285e+06, 125.24
21264, 31237, 137, 3, 0, 0.1, 2.66299e+06, 125.241
21265, 31237, 137, 3, 0, 0.1, 2.66313e+06, 125.241
21266, 31492, 137, 0, 0, 0.1, 2.66326e+06, 125.242
21267, 28938, 137, 0, 0, 0.1, 2.6634e+06, 125.242
21268, 28938, 127, 0, 0, 0.1, 2.66353e+06, 125.242
21269, 30723, 137, 3, 0, 0.1, 2.66367e+06, 125.243
21270, 30725, 127, 1, 0, 0.1, 2.66379e+06, 125.243
21271, 30723, 127, 1, 0, 0.1, 2.66392e+06, 125.243
21272, 30723, 117, 3, 0, 0.1, 2.66404e+06, 125.243
21273, 30725, 127, 1, 0, 0.1, 2.66416e+06, 125.243
21274, 30723, 127, 0, 0, 0.1, 2.66429e+06, 125.243
21275, 30723, 117, 3, 0, 0.1, 2.66441e+06, 125.242
21276, 30725, 127, 3, 0, 0.1, 2.66454e+06, 125.243
21277, 64513, 137, 1, 0, 0.1, 2.66467e+06, 125.243
21278, 63493, 127, 1, 0, 0.1, 2.6648e+06, 125.243
21279, 59395, 127, 1, 0, 0.1, 2.66493e+06, 125.243
21280, 59395, 117, 3, 0, 0.1, 2.66504e+06, 125.243
21281, 63493, 127, 0, 1, 0.1, 2.66517e+06, 125.243
21282, 63493, 117, 1, 0, 0.1, 2.66529e+06, 125.243
21283, 59395, 127, 1, 0, 0.1, 2.66541e+06, 125.243
21284, 59395, 117, 3, 0, 0.1, 2.66553e+06, 125.242
21285, 63493, 127, 1, 0, 0.1, 2.66566e+06, 125.242
21286, 59395, 127, 1, 1, 0.1, 2.66578e+06, 125.242
21287, 59395, 117, 0, 1, 0.1, 2.6659e+06, 125.242
21288, 59395, 117, 0, 0, 0.1, 2.66602e+06, 125.242
21289, 59395, 117, 3, 0, 0.1, 2.66614e+06, 125.241
21290, 63493, 127, 3, 0, 0.1, 2.66626e+06, 125.241
21291, 64513, 127, 1, 0, 0.1, 2.66639e+06, 125.241
21292, 63493, 127, 1, 1, 0.1, 2.66652e+06, 125.242
21293, 59395, 127, 3, 0, 0.1, 2.66664e+06, 125.242
21294, 63493, 127, 3, 0, 0.1, 2.66677e+06, 125.242
21295, 64513, 127, 3, 0, 0.1, 2.6669e+06, 125.242
21296, 63493, 137, 3, 0, 0.1, 2.66704e+06, 125.242
21297, 62537, 137, 1, 0, 0.1, 2.66717e+06, 125.243
21298, 61445, 127, 3, 0, 0.1, 2.6673e+06, 125.243
21299, 62537, 127, 2, 0, 0.1, 2.66743e+06, 125.243
21300, 62538, 127, 2, 0, 0.1, 2.66755e+06, 125.243
21301, 62538, 137, 3, 1, 0.1, 2.66769e+06, 125.244
21302, 62538, 117, 2, 0, 0.1, 2.66781e+06, 125.243
21303, 63048, 137, 3, 0, 0.1, 2.66794e+06, 125.244
21304, 63048, 117, 2, 0, 0.1, 2.66806e+06, 125.243
21305, 62474, 137, 1, 0, 0.1, 2.6682e+06, 125.244
21306, 62538, 117, 0, 1, 0.1, 2.66832e+06, 125.244
21307, 63048, 127, 1, 0, 0.1, 2.66844e+06, 125.244
21308, 61957, 127, 1, 0, 0.1, 2.66857e+06, 125.244
21309, 63232, 127, 1, 0, 0.1, 2.6687e+06, 125.244
21310, 61957, 137, 0, 0, 0.1, 2.66883e+06, 125.244
21311, 61957, 117, 1, 0, 0.1, 2.66895e+06, 125.244
21312, 57860, 127, 2, 0, 0.1, 2.66908e+06, 125.244
21313, 57860, 117, 2, 0, 0.1, 2.66919e+06, 125.244
21314, 57860, 117, 2, 0, 0.1, 2.66931e+06, 125.243
21315, 57860, 117, 1, 0, 0.1, 2.66943e+06, 125.243
21316, 49701, 127, 1, 0, 0.1, 2.66956e+06, 125.243
21317, 57893, 127, 0, 0, 0.1, 2.66968e+06, 125.243
21318, 57893, 117, 2, 0, 0.1, 2.6698e+06, 125.243
21319, 57861, 117, 0, 0, 0.1, 2.66992e+06, 125.242
21320, 57861, 117, 2, 0, 0.1, 2.67003e+06, 125.242
21321, 57861, 117, 0, 1, 0.1, 2.67015e+06, 125.242
21322, 57861, 117, 3, 0, 0.1, 2.67027e+06, 125.241
21323, 49701, 127, 0, 0, 0.1, 2.67039e+06, 125.241
21324, 49701, 117, 3, 0, 0.1, 2.67051e+06, 125.241
21325, 57892, 127, 1, 0, 0.1, 2.67064e+06, 125.241
21326, 49701, 127, 1, 0, 0.1, 2.67076e+06, 125.241
21327, 57893, 127, 3, 0, 0.1, 2.67089e+06, 125.241
21328, 49669, 127, 0, 0, 0.1, 2.67102e+06, 125.241
21329, 49701, 117, 1, 0, 0.1, 2.67114e+06, 125.241
21330, 57861, 127, 3, 0, 0.1, 2.67126e+06, 125.241
21331, 49669, 127, 3, 0, 0.1, 2.67139e+06, 125.241
21332, 57860, 127, 3, 0, 0.1, 2.67152e+06, 125.241
21333, 61957, 127, 3, 0, 0.1, 2.67164e+06, 125.241
21334, 63232, 127, 0, 0, 0.1, 2.67177e+06, 125.241
21335, 62730, 127, 2, 0, 0.1, 2.6719e+06, 125.241
21336, 63232, 127, 1, 0, 0.1, 2.67202e+06, 125.241
21337, 61957, 127, 3, 1, 0.1, 2.67215e+06, 125.241
21338, 63232, 127, 3, 0, 0.1, 2.67228e+06, 125.242
21339, 61957, 127, 1, 0, 0.1, 2.67241e+06, 125.242
21340, 63232, 127, 1, 0, 0.1, 2.67253e+06, 125.242
21341, 61957, 127, 0, 0, 0.1, 2.67266e+06, 125.242
21342, 61957, 117, 3, 0, 0.1, 2.67278e+06, 125.241
21343, 63232, 127, 2, 0, 0.1, 2.6729e+06, 125.241
21344, 62730, 137, 1, 0, 0.1, 2.67304e+06, 125.242
21345, 62730, 117, 3, 1, 0.1, 2.67316e+06, 125.242
21346, 62730, 117, 2, 1, 0.1, 2.67328e+06, 125.241
21347, 63240, 127, 0, 0, 0.1, 2.6734e+06, 125.241
21348, 62730, 127, 2, 0, 0.1, 2.67353e+06, 125.241
21349, 63240, 127, 3, 0, 0.1, 2.67366e+06, 125.242
21350, 63240, 117, 1, 0, 0.1, 2.67377e+06, 125.241
21351, 61957, 127, 0, 0, 0.1, 2.6739e+06, 125.241
21352, 61957, 117, 2, 0, 0.1, 2.67402e+06, 125.241
21353, 61957, 117, 3, 0, 0.1, 2.67413e+06, 125.24
21354, 63240, 127, 3, 0, 0.1, 2.67426e+06, 125.241
21355, 63240, 117, 0, 0, 0.1, 2.67438e+06, 125.24
21356, 62730, 127, 2, 0, 0.1, 2.67450e+06, 125.24
21357, 63240, 127, 0, 0, 0.1, 2.67463e+06, 125.24
21358, 62730, 127, 2, 0, 0.1, 2.67476e+06, 125.24
21359, 63240, 127, 0, 0, 0.1, 2.67489e+06, 125.24
21360, 62730, 127, 2, 0, 0.1, 2.67501e+06, 125.241
21361, 63240, 127, 0, 0, 0.1, 2.67514e+06, 125.241
21362, 62730, 127, 3, 0, 0.1, 2.67527e+06, 125.241
21363, 62730, 117, 1, 0, 0.1, 2.67538e+06, 125.24
21364, 62730, 117, 0, 0, 0.1, 2.6755e+06, 125.24
21365, 63232, 127, 2, 0, 0.1, 2.67563e+06, 125.24
21366, 62730, 127, 3, 0, 0.1, 2.67576e+06, 125.24
21367, 62730, 117, 2, 0, 0.1, 2.67587e+06, 125.24
21368, 63240, 127, 0, 0, 0.1, 2.676e+06, 125.24
21369, 62730, 127, 0, 0, 0.1, 2.67613e+06, 125.24
21370, 63232, 127, 3, 0, 0.1, 2.67625e+06, 125.24
21371, 57861, 127, 0, 1, 0.1, 2.67638e+06, 125.24
21372, 57861, 117, 3, 0, 0.1, 2.6765e+06, 125.24
21373, 63048, 127, 2, 0, 0.1, 2.67662e+06, 125.24
21374, 62538, 127, 3, 0, 0.1, 2.67675e+06, 125.24
21375, 62538, 117, 0, 0, 0.1, 2.67687e+06, 125.239
21376, 63048, 127, 0, 0, 0.1, 2.677e+06, 125.24
21377, 25674, 127, 0, 1, 0.1, 2.67712e+06, 125.24
21378, 17482, 127, 0, 0, 0.1, 2.67725e+06, 125.24
21379, 25673, 127, 2, 0, 0.1, 2.67738e+06, 125.24
21380, 17482, 127, 2, 0, 0.1, 2.6775e+06, 125.24
21381, 25674, 127, 3, 0, 0.1, 2.67763e+06, 125.24
21382, 25674, 117, 3, 0, 0.1, 2.67775e+06, 125.24
21383, 25674, 117, 3, 0, 0.1, 2.67786e+06, 125.239
21384, 25674, 117, 0, 0, 0.1, 2.67798e+06, 125.239
21385, 17482, 127, 2, 0, 0.1, 2.67811e+06, 125.239
21386, 25674, 127, 2, 0, 0.1, 2.67824e+06, 125.239
21387, 30264, 77, 3, 0, 0.1, 2.67831e+06, 125.237
21388, 29962, 117, 2, 1, 0.1, 2.67843e+06, 125.236
21389, 29960, 127, 2, 0, 0.1, 2.67856e+06, 125.236
21390, 29962, 137, 3, 1, 0.1, 2.67869e+06, 125.237
21391, 29962, 117, 2, 0, 0.1, 2.67881e+06, 125.237
21392, 32002, 127, 2, 1, 0.1, 2.67894e+06, 125.237
21393, 29962, 127, 0, 0, 0.1, 2.67906e+06, 125.237
21394, 32002, 127, 2, 0, 0.1, 2.67919e+06, 125.237
21395, 29962, 127, 2, 0, 0.1, 2.67932e+06, 125.237
21396, 32512, 137, 2, 0, 0.1, 2.67946e+06, 125.237
21397, 29962, 127, 2, 0, 0.1, 2.67958e+06, 125.238
21398, 29962, 127, 2, 0, 0.1, 2.67971e+06, 125.238
21399, 29452, 137, 0, 0, 0.1, 2.67985e+06, 125.238
21400, 28938, 127, 2, 1, 0.1, 2.67997e+06, 125.238
21401, 29452, 127, 1, 0, 0.1, 2.6801e+06, 125.238
21402, 28677, 137, 0, 0, 0.1, 2.68024e+06, 125.239
21403, 28677, 117, 3, 0, 0.1, 2.68035e+06, 125.238
21404, 28940, 127, 0, 0, 0.1, 2.68048e+06, 125.239
21405, 24842, 127, 3, 0, 0.1, 2.68061e+06, 125.239
21406, 24842, 117, 0, 0, 0.1, 2.68072e+06, 125.238
21407, 28938, 127, 0, 0, 0.1, 2.68085e+06, 125.238
21408, 31488, 127, 2, 0, 0.1, 2.68098e+06, 125.238
21409, 28938, 127, 2, 0, 0.1, 2.68111e+06, 125.239
21410, 24842, 127, 0, 0, 0.1, 2.68123e+06, 125.239
21411, 28938, 127, 0, 0, 0.1, 2.68136e+06, 125.239
21412, 31488, 127, 1, 0, 0.1, 2.68149e+06, 125.239
21413, 31237, 137, 3, 0, 0.1, 2.68162e+06, 125.239
21414, 31488, 127, 3, 0, 0.1, 2.68175e+06, 125.239
21415, 31237, 127, 3, 0, 0.1, 2.68188e+06, 125.239
21416, 31237, 137, 3, 0, 0.1, 2.68202e+06, 125.24
21417, 31237, 137, 3, 0, 0.1, 2.68215e+06, 125.241
21418, 32257, 137, 2, 0, 0.1, 2.68229e+06, 125.241
21419, 29706, 127, 2, 0, 0.1, 2.68242e+06, 125.241
21420, 29706, 137, 0, 0, 0.1, 2.68255e+06, 125.242
21421, 25610, 127, 2, 0, 0.1, 2.68268e+06, 125.242
21422, 29706, 127, 2, 0, 0.1, 2.68281e+06, 125.242
21423, 29706, 127, 2, 0, 0.1, 2.68293e+06, 125.242
21424, 29706, 137, 2, 1, 0.1, 2.68307e+06, 125.243
21425, 29706, 127, 0, 0, 0.1, 2.6832e+06, 125.243
21426, 29706, 127, 2, 0, 0.1, 2.68332e+06, 125.243
21427, 29706, 127, 2, 0, 0.1, 2.68345e+06, 125.243
21428, 16394, 137, 3, 0, 0.1, 2.68359e+06, 125.243
21429, 16394, 117, 3, 0, 0.1, 2.68371e+06, 125.243
21430, 16394, 117, 1, 1, 0.1, 2.68382e+06, 125.243
21431, 16394, 117, 2, 0, 0.1, 2.68394e+06, 125.242
21432, 24586, 127, 2, 0, 0.1, 2.68407e+06, 125.242
21433, 28682, 127, 3, 0, 0.1, 2.68419e+06, 125.242
21434, 28682, 117, 2, 0, 0.1, 2.68431e+06, 125.242
21435, 31236, 127, 1, 0, 0.1, 2.68444e+06, 125.242
21436, 31237, 137, 3, 0, 0.1, 2.68458e+06, 125.243
21437, 27140, 127, 0, 0, 0.1, 2.6847e+06, 125.243
21438, 16394, 127, 2, 0, 0.1, 2.68483e+06, 125.243
21439, 27140, 127, 3, 0, 0.1, 2.68496e+06, 125.243
21440, 18949, 127, 3, 0, 0.1, 2.68508e+06, 125.243
21441, 27141, 127, 3, 0, 0.1, 2.68521e+06, 125.243
21442, 31237, 127, 3, 0, 0.1, 2.68534e+06, 125.243
21443, 31492, 127, 0, 0, 0.1, 2.68546e+06, 125.243
21444, 28938, 137, 2, 0, 0.1, 2.6856e+06, 125.244
21445, 31492, 127, 0, 0, 0.1, 2.68573e+06, 125.244
21446, 28938, 127, 2, 0, 0.1, 2.68586e+06, 125.244
21447, 31492, 127, 1, 0, 0.1, 2.68598e+06, 125.244
21448, 31237, 127, 1, 0, 0.1, 2.68611e+06, 125.244
21449, 27141, 127, 3, 0, 0.1, 2.68624e+06, 125.244
21450, 31237, 127, 3, 0, 0.1, 2.68636e+06, 125.244
21451, 31492, 127, 0, 0, 0.1, 2.68649e+06, 125.244
21452, 28938, 127, 1, 0, 0.1, 2.68662e+06, 125.244
21453, 28938, 117, 2, 0, 0.1, 2.68673e+06, 125.244
21454, 31492, 127, 2, 1, 0.1, 2.68686e+06, 125.244
21455, 31492, 117, 3, 0, 0.1, 2.68698e+06, 125.244
21456, 31237, 137, 3, 0, 0.1, 2.68712e+06, 125.244
21457, 30464, 137, 2, 0, 0.1, 2.68725e+06, 125.245
21458, 30026, 127, 1, 0, 0.1, 2.68738e+06, 125.245
21459, 30026, 67, 3, 0, 0.1, 2.68745e+06, 125.242
21460, 29962, 117, 2, 0, 0.1, 2.68756e+06, 125.242
21461, 29960, 127, 0, 0, 0.1, 2.68769e+06, 125.242
21462, 29962, 127, 1, 1, 0.1, 2.68782e+06, 125.242
21463, 29962, 117, 0, 0, 0.1, 2.68793e+06, 125.242
21464, 29960, 137, 2, 0, 0.1, 2.68807e+06, 125.242
21465, 25866, 127, 0, 1, 0.1, 2.6882e+06, 125.242
21466, 29960, 127, 1, 0, 0.1, 2.68832e+06, 125.242
21467, 28677, 127, 3, 0, 0.1, 2.68845e+06, 125.242
21468, 29960, 127, 2, 0, 0.1, 2.68858e+06, 125.242
21469, 25866, 127, 2, 0, 0.1, 2.68871e+06, 125.243
21470, 29960, 127, 1, 0, 0.1, 2.68883e+06, 125.243
21471, 24581, 127, 3, 0, 0.1, 2.68896e+06, 125.243
21472, 29960, 127, 2, 0, 0.1, 2.68909e+06, 125.243
21473, 29962, 127, 0, 0, 0.1, 2.68921e+06, 125.243
21474, 29960, 127, 0, 0, 0.1, 2.68934e+06, 125.243
21475, 25866, 127, 0, 0, 0.1, 2.68947e+06, 125.243
21476, 29960, 127, 0, 0, 0.1, 2.6896e+06, 125.243
21477, 29962, 127, 2, 1, 0.1, 2.68972e+06, 125.243
21478, 29960, 127, 3, 1, 0.1, 2.68985e+06, 125.243
21479, 29960, 117, 0, 1, 0.1, 2.68997e+06, 125.243
21480, 29962, 127, 2, 0, 0.1, 2.69009e+06, 125.243
21481, 29960, 127, 1, 0, 0.1, 2.69022e+06, 125.243
21482, 28677, 127, 1, 1, 0.1, 2.69035e+06, 125.243
21483, 29954, 127, 3, 1, 0.1, 2.69047e+06, 125.243
21484, 28677, 127, 1, 0, 0.1, 2.6906e+06, 125.243
21485, 29954, 127, 2, 0, 0.1, 2.69073e+06, 125.243
21486, 29962, 127, 2, 0, 0.1, 2.69086e+06, 125.243
21487, 29954, 127, 2, 0, 0.1, 2.69098e+06, 125.244
21488, 29962, 127, 0, 0, 0.1, 2.69111e+06, 125.244
21489, 29954, 127, 0, 0, 0.1, 2.69124e+06, 125.244
21490, 29962, 127, 0, 0, 0.1, 2.69136e+06, 125.244
21491, 29954, 127, 0, 0, 0.1, 2.69149e+06, 125.244
21492, 29962, 137, 3, 0, 0.1, 2.69163e+06, 125.244
21493, 29962, 117, 2, 0, 0.1, 2.69174e+06, 125.244
21494, 25858, 127, 0, 0, 0.1, 2.69187e+06, 125.244
21495, 29962, 127, 2, 0, 0.1, 2.692e+06, 125.244
21496, 25858, 127, 2, 0, 0.1, 2.69212e+06, 125.244
21497, 25866, 127, 2, 0, 0.1, 2.69225e+06, 125.244
21498, 29954, 127, 2, 0, 0.1, 2.69238e+06, 125.244
21499, 29962, 127, 1, 0, 0.1, 2.69251e+06, 125.244
21500, 29962, 117, 2, 0, 0.1, 2.69262e+06, 125.244
21501, 30472, 137, 2, 0, 0.1, 2.69276e+06, 125.245
21502, 28938, 137, 2, 0, 0.1, 2.6929e+06, 125.245
21503, 31492, 127, 3, 0, 0.1, 2.69302e+06, 125.245
21504, 31237, 127, 1, 0, 0.1, 2.69315e+06, 125.245
21505, 31492, 127, 1, 0, 0.1, 2.69328e+06, 125.245
21506, 30725, 137, 1, 0, 0.1, 2.69342e+06, 125.246
21507, 31747, 127, 2, 0, 0.1, 2.69354e+06, 125.246
21508, 24586, 137, 0, 0, 0.1, 2.69368e+06, 125.247
21509, 18435, 127, 2, 0, 0.1, 2.69381e+06, 125.247
21510, 24586, 127, 3, 0, 0.1, 2.69393e+06, 125.247
21511, 24586, 117, 1, 0, 0.1, 2.69405e+06, 125.246
21512, 24586, 117, 2, 0, 0.1, 2.69417e+06, 125.246
21513, 30722, 127, 1, 0, 0.1, 2.69429e+06, 125.246
21514, 30722, 117, 3, 0, 0.1, 2.69441e+06, 125.246
21515, 30725, 127, 0, 1, 0.1, 2.69454e+06, 125.246
21516, 30725, 117, 1, 0, 0.1, 2.69466e+06, 125.245
21517, 30722, 127, 3, 0, 0.1, 2.69478e+06, 125.245
21518, 30725, 127, 3, 0, 0.1, 2.69491e+06, 125.246
21519, 28681, 137, 1, 0, 0.1, 2.69505e+06, 125.246
21520, 28677, 127, 3, 0, 0.1, 2.69517e+06, 125.246
21521, 28681, 127, 1, 0, 0.1, 2.6953e+06, 125.246
21522, 28677, 127, 1, 0, 0.1, 2.69543e+06, 125.246
21523, 24578, 127, 1, 0, 0.1, 2.69555e+06, 125.246
21524, 24578, 117, 2, 0, 0.1, 2.69567e+06, 125.246
21525, 16396, 127, 0, 0, 0.1, 2.6958e+06, 125.246
21526, 24578, 127, 0, 0, 0.1, 2.69592e+06, 125.246
21527, 16394, 127, 0, 0, 0.1, 2.69605e+06, 125.246
21528, 2051, 127, 2, 0, 0.1, 2.69618e+06, 125.246
21529, 16394, 127, 3, 0, 0.1, 2.69631e+06, 125.246
21530, 16394, 117, 0, 1, 0.1, 2.69642e+06, 125.246
21531, 2051, 127, 3, 0, 0.1, 2.69655e+06, 125.246
21532, 18437, 127, 3, 0, 0.1, 2.69668e+06, 125.246
21533, 27012, 127, 0, 0, 0.1, 2.6968e+06, 125.246
21534, 28938, 127, 0, 0, 0.1, 2.69693e+06, 125.246
21535, 29512, 127, 1, 0, 0.1, 2.69706e+06, 125.246
21536, 24581, 137, 3, 0, 0.1, 2.6972e+06, 125.247
21537, 16648, 77, 2, 0, 0.1, 2.69727e+06, 125.245
21538, 30472, 127, 1, 0, 0.1, 2.6974e+06, 125.245
21539, 29189, 137, 1, 0, 0.1, 2.69754e+06, 125.245
21540, 29954, 137, 2, 0, 0.1, 2.69767e+06, 125.246
21541, 29962, 137, 2, 0, 0.1, 2.69781e+06, 125.247
21542, 29960, 127, 2, 0, 0.1, 2.69794e+06, 125.247
21543, 29962, 137, 3, 0, 0.1, 2.69807e+06, 125.247
21544, 29962, 117, 0, 0, 0.1, 2.69819e+06, 125.247
21545, 29960, 127, 2, 0, 0.1, 2.69832e+06, 125.247
21546, 29962, 127, 2, 0, 0.1, 2.69844e+06, 125.247
21547, 31492, 137, 3, 0, 0.1, 2.69858e+06, 125.247
21548, 31237, 137, 1, 0, 0.1, 2.69872e+06, 125.248
21549, 31492, 127, 1, 0, 0.1, 2.69885e+06, 125.248
21550, 30725, 137, 3, 0, 0.1, 2.69898e+06, 125.249
21551, 30980, 127, 3, 0, 0.1, 2.69911e+06, 125.249
21552, 30725, 127, 3, 0, 0.1, 2.69924e+06, 125.249
21553, 32000, 137, 3, 0, 0.1, 2.69937e+06, 125.249
21554, 30725, 137, 0, 0, 0.1, 2.69951e+06, 125.25
21555, 30725, 117, 3, 0, 0.1, 2.69963e+06, 125.25
21556, 30725, 137, 3, 0, 0.1, 2.69976e+06, 125.25
21557, 30725, 127, 1, 0, 0.1, 2.69989e+06, 125.25
21558, 30725, 127, 1, 0, 0.1, 2.70002e+06, 125.25
21559, 30725, 127, 1, 0, 0.1, 2.70015e+06, 125.25
21560, 32000, 127, 2, 0, 0.1, 2.70027e+06, 125.25
21561, 29962, 137, 0, 1, 0.1, 2.70041e+06, 125.251
21562, 32000, 127, 0, 1, 0.1, 2.70054e+06, 125.251
21563, 29962, 137, 2, 0, 0.1, 2.70067e+06, 125.252
21564, 27904, 127, 3, 0, 0.1, 2.7008e+06, 125.252
21565, 26629, 127, 1, 0, 0.1, 2.70093e+06, 125.252
21566, 27904, 127, 2, 0, 0.1, 2.70106e+06, 125.252
21567, 29962, 127, 3, 0, 0.1, 2.70118e+06, 125.252
21568, 29962, 117, 1, 0, 0.1, 2.7013e+06, 125.251
21569, 29962, 117, 2, 0, 0.1, 2.70142e+06, 125.251
21570, 29962, 127, 2, 0, 0.1, 2.70154e+06, 125.251
21571, 28940, 137, 3, 0, 0.1, 2.70168e+06, 125.252
21572, 28940, 117, 0, 0, 0.1, 2.7018e+06, 125.251
21573, 24842, 127, 0, 0, 0.1, 2.70192e+06, 125.251
21574, 16650, 127, 2, 0, 0.1, 2.70205e+06, 125.252
21575, 24842, 127, 2, 0, 0.1, 2.70218e+06, 125.252
21576, 28940, 127, 1, 0, 0.1, 2.70230e+06, 125.252
21577, 28677, 127, 3, 0, 0.1, 2.70243e+06, 125.252
21578, 28940, 127, 0, 0, 0.1, 2.70256e+06, 125.252
21579, 24858, 127, 0, 0, 0.1, 2.70269e+06, 125.252
21580, 16666, 127, 2, 0, 0.1, 2.70281e+06, 125.252
21581, 24858, 127, 2, 0, 0.1, 2.70294e+06, 125.252
21582, 28956, 127, 3, 0, 0.1, 2.70307e+06, 125.252
21583, 28956, 117, 1, 1, 0.1, 2.70318e+06, 125.252
21584, 28677, 127, 0, 1, 0.1, 2.70331e+06, 125.252
21585, 28677, 117, 2, 1, 0.1, 2.70343e+06, 125.251
21586, 28677, 117, 3, 0, 0.1, 2.70354e+06, 125.251
21587, 28940, 127, 0, 0, 0.1, 2.70367e+06, 125.251
21588, 24842, 127, 0, 0, 0.1, 2.7038e+06, 125.251
21589, 16650, 127, 2, 0, 0.1, 2.70393e+06, 125.251
21590, 24842, 127, 2, 0, 0.1, 2.70405e+06, 125.251
21591, 28940, 127, 0, 0, 0.1, 2.70418e+06, 125.252
21592, 24842, 127, 0, 0, 0.1, 2.70431e+06, 125.252
21593, 16650, 127, 1, 0, 0.1, 2.70443e+06, 125.252
21594, 16650, 117, 2, 0, 0.1, 2.70455e+06, 125.251
21595, 24842, 127, 2, 0, 0.1, 2.70468e+06, 125.251
21596, 28940, 127, 1, 0, 0.1, 2.70480e+06, 125.251
21597, 28677, 127, 3, 0, 0.1, 2.70493e+06, 125.252
21598, 28940, 127, 0, 0, 0.1, 2.70506e+06, 125.252
21599, 24842, 127, 0, 0, 0.1, 2.70519e+06, 125.252
21600, 16650, 127, 0, 0, 0.1, 2.70531e+06, 125.252
21601, 26880, 127, 3, 0, 0.1, 2.70544e+06, 125.252
21602, 26629, 127, 2, 0, 0.1, 2.70557e+06, 125.252
21603, 26629, 117, 3, 0, 0.1, 2.70568e+06, 125.252
21604, 30725, 127, 3, 0, 0.1, 2.70581e+06, 125.252
21605, 30725, 127, 1, 0, 0.1, 2.70594e+06, 125.252
21606, 30725, 127, 3, 0, 0.1, 2.70606e+06, 125.252
21607, 30725, 127, 3, 0, 0.1, 2.70619e+06, 125.252
21608, 31745, 137, 1, 0, 0.1, 2.70633e+06, 125.252
21609, 30725, 127, 3, 0, 0.1, 2.70646e+06, 125.252
21610, 31745, 127, 3, 0, 0.1, 2.70658e+06, 125.253
21611, 30725, 137, 0, 0, 0.1, 2.70672e+06, 125.253
21612, 30725, 117, 3, 0, 0.1, 2.70684e+06, 125.253
21613, 30725, 137, 1, 0, 0.1, 2.70697e+06, 125.253
21614, 30725, 127, 3, 0, 0.1, 2.7071e+06, 125.253
21615, 30725, 127, 3, 0, 0.1, 2.70723e+06, 125.253
21616, 30725, 137, 1, 0, 0.1, 2.70736e+06, 125.254
21617, 30725, 127, 1, 0, 0.1, 2.70749e+06, 125.254
21618, 26629, 127, 1, 0, 0.1, 2.70762e+06, 125.254
21619, 19457, 127, 3, 0, 0.1, 2.70775e+06, 125.254
21620, 26629, 127, 3, 0, 0.1, 2.70787e+06, 125.254
21621, 30725, 127, 3, 0, 0.1, 2.708e+06, 125.254
21622, 30725, 127, 1, 0, 0.1, 2.70813e+06, 125.254
21623, 30725, 127, 3, 0, 0.1, 2.70825e+06, 125.255
21624, 30725, 127, 1, 0, 0.1, 2.70838e+06, 125.255
21625, 30725, 127, 1, 0, 0.1, 2.70851e+06, 125.255
21626, 26629, 127, 3, 0, 0.1, 2.70864e+06, 125.255
21627, 30725, 127, 3, 0, 0.1, 2.70876e+06, 125.255
21628, 30725, 127, 3, 0, 0.1, 2.70889e+06, 125.255
21629, 30721, 137, 2, 1, 0.1, 2.70903e+06, 125.256
21630, 28682, 127, 2, 0, 0.1, 2.70915e+06, 125.256
21631, 28682, 127, 0, 1, 0.1, 2.70928e+06, 125.256
21632, 28682, 127, 0, 0, 0.1, 2.70941e+06, 125.256
21633, 30721, 127, 1, 0, 0.1, 2.70953e+06, 125.256
21634, 30725, 127, 1, 0, 0.1, 2.70966e+06, 125.256
21635, 26629, 127, 3, 1, 0.1, 2.70979e+06, 125.256
21636, 30725, 127, 1, 0, 0.1, 2.70992e+06, 125.256
21637, 26629, 127, 2, 0, 0.1, 2.71004e+06, 125.256
21638, 26629, 117, 3, 0, 0.1, 2.71016e+06, 125.256
21639, 30725, 127, 3, 0, 0.1, 2.71029e+06, 125.256
21640, 30721, 127, 2, 0, 0.1, 2.71041e+06, 125.256
21641, 28682, 127, 0, 0, 0.1, 2.71054e+06, 125.256
21642, 30721, 127, 0, 0, 0.1, 2.71067e+06, 125.256
21643, 30721, 117, 1, 0, 0.1, 2.71078e+06, 125.256
21644, 30725, 127, 3, 0, 0.1, 2.71091e+06, 125.256
21645, 30721, 127, 3, 0, 0.1, 2.71104e+06, 125.256
21646, 30725, 137, 3, 0, 0.1, 2.71118e+06, 125.256
21647, 32000, 137, 3, 0, 0.1, 2.71131e+06, 125.257
21648, 30725, 127, 3, 0, 0.1, 2.71144e+06, 125.257
21649, 29960, 137, 2, 0, 0.1, 2.71158e+06, 125.258
21650, 29962, 127, 0, 0, 0.1, 2.7117e+06, 125.258
21651, 29960, 127, 0, 0, 0.1, 2.71183e+06, 125.258
21652, 29962, 137, 2, 0, 0.1, 2.71197e+06, 125.258
21653, 29960, 127, 2, 0, 0.1, 2.71209e+06, 125.258
21654, 29962, 127, 0, 0, 0.1, 2.71222e+06, 125.258
21655, 29960, 127, 0, 0, 0.1, 2.71235e+06, 125.259
21656, 29962, 127, 3, 0, 0.1, 2.71248e+06, 125.259
21657, 29962, 117, 2, 0, 0.1, 2.71259e+06, 125.258
21658, 29960, 127, 2, 0, 0.1, 2.71272e+06, 125.258
21659, 29962, 127, 2, 0, 0.1, 2.71285e+06, 125.258
21660, 29962, 127, 2, 0, 0.1, 2.71297e+06, 125.258
21661, 29452, 137, 2, 0, 0.1, 2.71311e+06, 125.259
21662, 29452, 117, 1, 0, 0.1, 2.71323e+06, 125.259
21663, 29189, 137, 1, 0, 0.1, 2.71336e+06, 125.259
21664, 62212, 137, 1, 0, 0.1, 2.7135e+06, 125.26
21665, 61445, 137, 0, 1, 0.1, 2.71364e+06, 125.26
21666, 61445, 117, 1, 1, 0.1, 2.71376e+06, 125.26
21667, 57350, 127, 0, 0, 0.1, 2.71388e+06, 125.26
21668, 49162, 127, 2, 0, 0.1, 2.71401e+06, 125.26
21669, 57350, 127, 1, 0, 0.1, 2.71414e+06, 125.26
21670, 57350, 117, 2, 0, 0.1, 2.71425e+06, 125.26
21671, 57350, 117, 3, 0, 0.1, 2.71437e+06, 125.259
21672, 61445, 127, 3, 0, 0.1, 2.7145e+06, 125.259
21673, 61716, 127, 1, 0, 0.1, 2.71462e+06, 125.26
21674, 61445, 127, 1, 0, 0.1, 2.71475e+06, 125.26
21675, 57350, 127, 0, 0, 0.1, 2.71488e+06, 125.26
21676, 49162, 127, 2, 0, 0.1, 2.71500e+06, 125.26
21677, 57350, 127, 0, 0, 0.1, 2.71513e+06, 125.26
21678, 49162, 127, 0, 0, 0.1, 2.71526e+06, 125.26
21679, 32778, 127, 3, 0, 0.1, 2.71539e+06, 125.26
21680, 32778, 117, 1, 0, 0.1, 2.7155e+06, 125.26
21681, 32778, 117, 0, 0, 0.1, 2.71562e+06, 125.259
21682, 49153, 127, 0, 0, 0.1, 2.71575e+06, 125.259
21683, 49153, 117, 0, 1, 0.1, 2.71586e+06, 125.259
21684, 49153, 117, 0, 1, 0.1, 2.71598e+06, 125.259
21685, 49153, 117, 3, 0, 0.1, 2.7161e+06, 125.258
21686, 57349, 127, 2, 0, 0.1, 2.71622e+06, 125.258
21687, 57349, 117, 2, 0, 0.1, 2.71634e+06, 125.258
21688, 57349, 117, 3, 0, 0.1, 2.71646e+06, 125.257
21689, 62720, 127, 0, 0, 0.1, 2.71659e+06, 125.258
21690, 62746, 127, 1, 0, 0.1, 2.71671e+06, 125.258
21691, 62746, 117, 0, 0, 0.1, 2.71683e+06, 125.257
21692, 62744, 127, 0, 0, 0.1, 2.71696e+06, 125.257
21693, 58650, 137, 1, 0, 0.1, 2.71709e+06, 125.258
21694, 58650, 117, 2, 0, 0.1, 2.71721e+06, 125.258
21695, 58648, 127, 2, 0, 0.1, 2.71734e+06, 125.258
21696, 58650, 127, 0, 0, 0.1, 2.71746e+06, 125.258
21697, 58648, 127, 1, 0, 0.1, 2.71759e+06, 125.258
21698, 61445, 127, 3, 0, 0.1, 2.71772e+06, 125.258
21699, 58648, 127, 2, 0, 0.1, 2.71785e+06, 125.258
21700, 58650, 127, 0, 0, 0.1, 2.71797e+06, 125.258
21701, 58648, 127, 2, 0, 0.1, 2.7181e+06, 125.258
21702, 58650, 127, 2, 1, 0.1, 2.71823e+06, 125.258
21703, 62736, 127, 2, 0, 0.1, 2.71835e+06, 125.258
21704, 62746, 127, 2, 0, 0.1, 2.71848e+06, 125.258
21705, 33050, 137, 1, 0, 0.1, 2.71862e+06, 125.259
21706, 33050, 117, 3, 0, 0.1, 2.71874e+06, 125.258
21707, 33050, 117, 0, 0, 0.1, 2.71885e+06, 125.258
21708, 33050, 127, 0, 0, 0.1, 2.71898e+06, 125.258
21709, 49424, 127, 2, 0, 0.1, 2.71911e+06, 125.258
21710, 33034, 127, 2, 0, 0.1, 2.71923e+06, 125.258
21711, 33034, 127, 1, 1, 0.1, 2.71936e+06, 125.258
21712, 33034, 117, 2, 0, 0.1, 2.71948e+06, 125.258
21713, 33044, 127, 0, 0, 0.1, 2.7196e+06, 125.258
21714, 33034, 127, 2, 0, 0.1, 2.71973e+06, 125.258
21715, 33028, 127, 2, 0, 0.1, 2.71986e+06, 125.258
21716, 33028, 117, 1, 0, 0.1, 2.71998e+06, 125.258
21717, 32773, 127, 1, 1, 0.1, 2.7201e+06, 125.258
21718, 32774, 127, 3, 0, 0.1, 2.72023e+06, 125.258
21719, 32773, 127, 3, 0, 0.1, 2.72036e+06, 125.258
21720, 33028, 127, 0, 0, 0.1, 2.72048e+06, 125.258
21721, 33050, 127, 2, 0, 0.1, 2.72061e+06, 125.258
21722, 33028, 127, 0, 0, 0.1, 2.72074e+06, 125.258
21723, 33034, 127, 0, 0, 0.1, 2.72086e+06, 125.258
21724, 33034, 127, 2, 1, 0.1, 2.72099e+06, 125.259
21725, 33050, 127, 0, 0, 0.1, 2.72112e+06, 125.259
21726, 33050, 127, 3, 1, 0.1, 2.72124e+06, 125.259
21727, 33050, 117, 0, 0, 0.1, 2.72136e+06, 125.258
21728, 49424, 127, 0, 0, 0.1, 2.72149e+06, 125.258
21729, 49434, 127, 3, 0, 0.1, 2.72162e+06, 125.258
21730, 49434, 117, 2, 0, 0.1, 2.72173e+06, 125.258
21731, 49424, 127, 3, 0, 0.1, 2.72186e+06, 125.258
21732, 57349, 127, 0, 1, 0.1, 2.72199e+06, 125.258
21733, 57349, 117, 1, 0, 0.1, 2.7221e+06, 125.258
21734, 49424, 127, 0, 0, 0.1, 2.72223e+06, 125.258
21735, 49434, 127, 3, 0, 0.1, 2.72236e+06, 125.258
21736, 49434, 117, 0, 0, 0.1, 2.72248e+06, 125.258
21737, 57624, 127, 0, 0, 0.1, 2.7226e+06, 125.258
21738, 57626, 127, 0, 0, 0.1, 2.72273e+06, 125.258
21739, 63762, 127, 2, 0, 0.1, 2.72286e+06, 125.258
21740, 57610, 127, 0, 0, 0.1, 2.72298e+06, 125.258
21741, 63746, 127, 3, 0, 0.1, 2.72311e+06, 125.258
21742, 63493, 127, 3, 0, 0.1, 2.72324e+06, 125.258
21743, 62728, 137, 2, 1, 0.1, 2.72337e+06, 125.259
21744, 62730, 137, 0, 1, 0.1, 2.72351e+06, 125.259
21745, 62728, 127, 0, 0, 0.1, 2.72364e+06, 125.259
21746, 62730, 137, 1, 0, 0.1, 2.72378e+06, 125.26
21747, 62730, 117, 2, 0, 0.1, 2.72389e+06, 125.259
21748, 62728, 127, 2, 0, 0.1, 2.72402e+06, 125.26
21749, 62730, 127, 0, 0, 0.1, 2.72415e+06, 125.26
21750, 62728, 127, 0, 0, 0.1, 2.72427e+06, 125.26
21751, 62730, 127, 3, 0, 0.1, 2.7244e+06, 125.26
21752, 62730, 117, 2, 0, 0.1, 2.72452e+06, 125.259
21753, 62728, 127, 0, 0, 0.1, 2.72464e+06, 125.259
21754, 62730, 127, 0, 0, 0.1, 2.72477e+06, 125.26
21755, 63240, 127, 3, 0, 0.1, 2.7249e+06, 125.26
21756, 63240, 117, 3, 0, 0.1, 2.72502e+06, 125.259
21757, 63240, 117, 0, 0, 0.1, 2.72513e+06, 125.259
21758, 62730, 127, 2, 1, 0.1, 2.72526e+06, 125.259
21759, 63240, 127, 1, 0, 0.1, 2.72539e+06, 125.259
21760, 61957, 137, 0, 1, 0.1, 2.72552e+06, 125.26
21761, 61957, 117, 3, 0, 0.1, 2.72564e+06, 125.259
21762, 63240, 127, 1, 0, 0.1, 2.72577e+06, 125.259
21763, 61957, 127, 1, 0, 0.1, 2.72589e+06, 125.259
21764, 28946, 137, 0, 0, 0.1, 2.72603e+06, 125.26
21765, 28954, 127, 0, 0, 0.1, 2.72616e+06, 125.26
21766, 29528, 87, 0, 1, 0.1, 2.72624e+06, 125.258
21767, 30472, 137, 2, 0, 0.1, 2.72638e+06, 125.259
21768, 29962, 127, 0, 0, 0.1, 2.72651e+06, 125.259
21769, 30472, 127, 0, 1, 0.1, 2.72664e+06, 125.259
21770, 29962, 137, 2, 1, 0.1, 2.72677e+06, 125.259
21771, 30472, 127, 2, 0, 0.1, 2.7269e+06, 125.26
21772, 29962, 127, 0, 0, 0.1, 2.72703e+06, 125.26
21773, 30472, 127, 1, 0, 0.1, 2.72715e+06, 125.26
21774, 28677, 137, 3, 0, 0.1, 2.72729e+06, 125.26
21775, 29960, 127, 2, 0, 0.1, 2.72742e+06, 125.26
21776, 29962, 127, 2, 0, 0.1, 2.72754e+06, 125.26
21777, 30472, 127, 2, 0, 0.1, 2.72767e+06, 125.26
21778, 29962, 137, 0, 0, 0.1, 2.72781e+06, 125.261
21779, 30472, 127, 1, 0, 0.1, 2.72794e+06, 125.261
21780, 29189, 137, 0, 0, 0.1, 2.72807e+06, 125.262
21781, 29189, 117, 1, 0, 0.1, 2.72819e+06, 125.261
21782, 29954, 137, 3, 0, 0.1, 2.72833e+06, 125.262
21783, 24581, 127, 3, 0, 0.1, 2.72845e+06, 125.262
21784, 29960, 127, 2, 0, 0.1, 2.72858e+06, 125.262
21785, 29962, 127, 2, 0, 0.1, 2.72871e+06, 125.262
21786, 32002, 137, 3, 0, 0.1, 2.72884e+06, 125.263
21787, 30725, 127, 1, 0, 0.1, 2.72897e+06, 125.263
21788, 32002, 127, 2, 0, 0.1, 2.7291e+06, 125.263
21789, 29962, 137, 3, 0, 0.1, 2.72924e+06, 125.263
21790, 29962, 117, 0, 0, 0.1, 2.72935e+06, 125.263
21791, 32002, 127, 2, 0, 0.1, 2.72948e+06, 125.263
21792, 29962, 127, 2, 0, 0.1, 2.72961e+06, 125.263
21793, 31488, 137, 3, 1, 0.1, 2.72974e+06, 125.264
21794, 31237, 137, 2, 0, 0.1, 2.72988e+06, 125.264
21795, 31237, 117, 3, 0, 0.1, 2.73e+06, 125.264
21796, 31237, 137, 3, 0, 0.1, 2.73014e+06, 125.264
21797, 31237, 137, 0, 1, 0.1, 2.73027e+06, 125.265
21798, 31237, 117, 1, 0, 0.1, 2.73039e+06, 125.264
21799, 27141, 127, 3, 1, 0.1, 2.73052e+06, 125.265
21800, 31237, 127, 3, 0, 0.1, 2.73064e+06, 125.265
21801, 32257, 127, 2, 0, 0.1, 2.73077e+06, 125.265
21802, 29706, 127, 2, 0, 0.1, 2.7309e+06, 125.265
21803, 29706, 127, 2, 0, 0.1, 2.73102e+06, 125.265
21804, 29706, 137, 0, 0, 0.1, 2.73116e+06, 125.265
21805, 29706, 127, 2, 0, 0.1, 2.73129e+06, 125.265
21806, 29706, 127, 2, 0, 0.1, 2.73142e+06, 125.266
21807, 29706, 137, 0, 0, 0.1, 2.73155e+06, 125.266
21808, 25610, 127, 2, 0, 0.1, 2.73168e+06, 125.266
21809, 29706, 127, 2, 0, 0.1, 2.73181e+06, 125.266
21810, 29706, 127, 3, 1, 0.1, 2.73193e+06, 125.266
21811, 29706, 117, 2, 0, 0.1, 2.73205e+06, 125.266
21812, 29706, 137, 0, 0, 0.1, 2.73219e+06, 125.266
21813, 25610, 127, 0, 0, 0.1, 2.73231e+06, 125.267
21814, 17418, 127, 2, 0, 0.1, 2.73244e+06, 125.267
21815, 25610, 127, 2, 0, 0.1, 2.73257e+06, 125.267
21816, 29706, 127, 2, 0, 0.1, 2.7327e+06, 125.267
21817, 29706, 127, 2, 0, 0.1, 2.73282e+06, 125.267
21818, 29706, 137, 2, 0, 0.1, 2.73296e+06, 125.267
21819, 31236, 137, 1, 0, 0.1, 2.7331e+06, 125.268
21820, 31237, 137, 2, 0, 0.1, 2.73323e+06, 125.268
21821, 31237, 117, 1, 0, 0.1, 2.73335e+06, 125.268
21822, 31237, 127, 2, 0, 0.1, 2.73348e+06, 125.268
21823, 31237, 117, 0, 0, 0.1, 2.73359e+06, 125.268
21824, 31237, 117, 1, 0, 0.1, 2.73371e+06, 125.267
21825, 31237, 137, 2, 0, 0.1, 2.73385e+06, 125.268
21826, 31237, 117, 1, 1, 0.1, 2.73396e+06, 125.268
21827, 32576, 137, 3, 0, 0.1, 2.7341e+06, 125.268
21828, 31269, 127, 1, 0, 0.1, 2.73423e+06, 125.268
21829, 32640, 77, 2, 1, 0.1, 2.73431e+06, 125.266
21830, 30472, 127, 2, 0, 0.1, 2.73443e+06, 125.266
21831, 29962, 137, 2, 0, 0.1, 2.73457e+06, 125.267
21832, 32002, 127, 2, 0, 0.1, 2.7347e+06, 125.267
21833, 29962, 127, 0, 0, 0.1, 2.73482e+06, 125.267
21834, 32002, 127, 3, 0, 0.1, 2.73495e+06, 125.267
21835, 30725, 137, 0, 0, 0.1, 2.73509e+06, 125.267
21836, 30853, 117, 1, 0, 0.1, 2.73520e+06, 125.267
21837, 27906, 127, 1, 0, 0.1, 2.73533e+06, 125.267
21838, 27906, 117, 3, 0, 0.1, 2.73545e+06, 125.267
21839, 30725, 127, 2, 0, 0.1, 2.73558e+06, 125.267
21840, 30725, 117, 1, 0, 0.1, 2.73569e+06, 125.266
21841, 28034, 127, 2, 0, 0.1, 2.73582e+06, 125.266
21842, 29962, 127, 2, 0, 0.1, 2.73595e+06, 125.267
21843, 32512, 127, 1, 1, 0.1, 2.73607e+06, 125.267
21844, 31237, 137, 2, 0, 0.1, 2.73621e+06, 125.267
21845, 31237, 117, 3, 0, 0.1, 2.73633e+06, 125.267
21846, 32512, 127, 1, 0, 0.1, 2.73646e+06, 125.267
21847, 31237, 127, 1, 0, 0.1, 2.73658e+06, 125.267
21848, 31492, 127, 3, 0, 0.1, 2.73671e+06, 125.267
21849, 31237, 127, 1, 0, 0.1, 2.73684e+06, 125.267
21850, 31492, 127, 0, 0, 0.1, 2.73696e+06, 125.267
21851, 28938, 137, 1, 1, 0.1, 2.7371e+06, 125.268
21852, 28938, 117, 2, 0, 0.1, 2.73722e+06, 125.267
21853, 31492, 127, 0, 0, 0.1, 2.73734e+06, 125.267
21854, 28938, 127, 1, 1, 0.1, 2.73747e+06, 125.268
21855, 28938, 117, 3, 0, 0.1, 2.73759e+06, 125.267
21856, 28938, 117, 0, 0, 0.1, 2.73770e+06, 125.267
21857, 28936, 137, 2, 0, 0.1, 2.73784e+06, 125.267
21858, 28938, 127, 2, 0, 0.1, 2.73797e+06, 125.267
21859, 31492, 127, 0, 0, 0.1, 2.7381e+06, 125.267
21860, 28938, 127, 0, 0, 0.1, 2.73822e+06, 125.268
21861, 28936, 127, 0, 0, 0.1, 2.73835e+06, 125.268
21862, 28938, 137, 0, 0, 0.1, 2.73849e+06, 125.268
21863, 28930, 137, 0, 0, 0.1, 2.73862e+06, 125.269
21864, 28938, 137, 2, 0, 0.1, 2.73876e+06, 125.269
21865, 28930, 127, 3, 0, 0.1, 2.73889e+06, 125.269
21866, 24581, 127, 3, 0, 0.1, 2.73902e+06, 125.269
21867, 29960, 127, 2, 1, 0.1, 2.73914e+06, 125.269
21868, 25866, 127, 2, 0, 0.1, 2.73927e+06, 125.27
21869, 27906, 127, 0, 0, 0.1, 2.7394e+06, 125.27
21870, 25866, 127, 0, 0, 0.1, 2.73952e+06, 125.27
21871, 29960, 127, 0, 1, 0.1, 2.73965e+06, 125.27
21872, 29962, 127, 2, 0, 0.1, 2.73978e+06, 125.27
21873, 29960, 127, 2, 0, 0.1, 2.7399e+06, 125.27
21874, 25866, 127, 2, 0, 0.1, 2.74003e+06, 125.27
21875, 27906, 127, 2, 0, 0.1, 2.74016e+06, 125.27
21876, 29962, 127, 0, 0, 0.1, 2.74028e+06, 125.27
21877, 27906, 127, 2, 0, 0.1, 2.74041e+06, 125.27
21878, 29962, 127, 1, 0, 0.1, 2.74054e+06, 125.27
21879, 29962, 117, 2, 0, 0.1, 2.74066e+06, 125.27
21880, 32512, 127, 2, 0, 0.1, 2.74078e+06, 125.27
21881, 29962, 137, 0, 0, 0.1, 2.74092e+06, 125.271
21882, 32512, 127, 2, 0, 0.1, 2.74105e+06, 125.271
21883, 29962, 127, 2, 0, 0.1, 2.74117e+06, 125.271
21884, 28938, 137, 2, 0, 0.1, 2.74131e+06, 125.271
21885, 29452, 127, 2, 1, 0.1, 2.74144e+06, 125.271
21886, 29452, 117, 1, 0, 0.1, 2.74156e+06, 125.271
21887, 28677, 137, 3, 0, 0.1, 2.74169e+06, 125.271
21888, 28940, 127, 1, 0, 0.1, 2.74182e+06, 125.272
21889, 28677, 127, 2, 0, 0.1, 2.74195e+06, 125.272
21890, 28677, 117, 3, 0, 0.1, 2.74206e+06, 125.271
21891, 28940, 127, 1, 0, 0.1, 2.74219e+06, 125.271
21892, 28677, 127, 1, 0, 0.1, 2.74232e+06, 125.271
21893, 61702, 137, 2, 0, 0.1, 2.74245e+06, 125.272
21894, 61702, 117, 3, 0, 0.1, 2.74257e+06, 125.272
21895, 61445, 127, 3, 0, 0.1, 2.7427e+06, 125.272
21896, 57612, 127, 2, 0, 0.1, 2.74282e+06, 125.272
21897, 57612, 117, 0, 0, 0.1, 2.74294e+06, 125.271
21898, 49418, 127, 2, 0, 0.1, 2.74307e+06, 125.271
21899, 57612, 127, 0, 0, 0.1, 2.7432e+06, 125.272
21900, 49418, 127, 0, 0, 0.1, 2.74332e+06, 125.272
21901, 33034, 127, 0, 0, 0.1, 2.74345e+06, 125.272
21902, 51968, 127, 2, 0, 0.1, 2.74358e+06, 125.272
21903, 33034, 127, 2, 1, 0.1, 2.7437e+06, 125.272
21904, 49418, 127, 2, 0, 0.1, 2.74383e+06, 125.272
21905, 57612, 127, 0, 0, 0.1, 2.74396e+06, 125.272
21906, 49418, 127, 0, 0, 0.1, 2.74408e+06, 125.272
21907, 33034, 127, 0, 0, 0.1, 2.74421e+06, 125.272
21908, 51968, 127, 2, 0, 0.1, 2.74434e+06, 125.272
21909, 33034, 127, 2, 0, 0.1, 2.74447e+06, 125.272
21910, 49418, 127, 2, 0, 0.1, 2.74459e+06, 125.272
21911, 57612, 127, 2, 0, 0.1, 2.74472e+06, 125.272
21912, 57612, 117, 2, 0, 0.1, 2.74484e+06, 125.272
21913, 57612, 117, 2, 0, 0.1, 2.74495e+06, 125.272
21914, 57612, 117, 3, 0, 0.1, 2.74507e+06, 125.271
21915, 57612, 117, 2, 0, 0.1, 2.74519e+06, 125.271
21916, 57612, 117, 0, 0, 0.1, 2.74530e+06, 125.271
21917, 49418, 127, 3, 0, 0.1, 2.74543e+06, 125.271
21918, 49418, 117, 3, 0, 0.1, 2.74555e+06, 125.27
21919, 49418, 117, 0, 1, 0.1, 2.74567e+06, 125.27
21920, 33034, 127, 2, 0, 0.1, 2.74579e+06, 125.27
21921, 49418, 127, 0, 0, 0.1, 2.74592e+06, 125.27
21922, 33034, 127, 0, 0, 0.1, 2.74605e+06, 125.27
21923, 51968, 127, 0, 0, 0.1, 2.74617e+06, 125.27
21924, 49418, 127, 0, 0, 0.1, 2.7463e+06, 125.27
21925, 59650, 127, 0, 0, 0.1, 2.74643e+06, 125.27
21926, 57610, 127, 0, 0, 0.1, 2.74656e+06, 125.27
21927, 61704, 127, 0, 0, 0.1, 2.74668e+06, 125.271
21928, 61706, 127, 2, 0, 0.1, 2.74681e+06, 125.271
21929, 61704, 127, 0, 1, 0.1, 2.74694e+06, 125.271
21930, 61706, 127, 0, 0, 0.1, 2.74706e+06, 125.271
21931, 62216, 137, 2, 0, 0.1, 2.7472e+06, 125.271
21932, 57610, 127, 0, 0, 0.1, 2.74733e+06, 125.271
21933, 62216, 127, 1, 0, 0.1, 2.74745e+06, 125.271
21934, 61957, 127, 0, 0, 0.1, 2.74758e+06, 125.272
21935, 61957, 117, 3, 1, 0.1, 2.7477e+06, 125.271
21936, 62216, 127, 0, 0, 0.1, 2.74782e+06, 125.271
21937, 61706, 127, 3, 1, 0.1, 2.74795e+06, 125.271
21938, 61706, 117, 1, 0, 0.1, 2.74807e+06, 125.271
21939, 61706, 117, 2, 1, 0.1, 2.74819e+06, 125.271
21940, 62216, 127, 1, 0, 0.1, 2.74831e+06, 125.271
21941, 61957, 127, 1, 0, 0.1, 2.74844e+06, 125.271
21942, 61698, 137, 2, 0, 0.1, 2.74858e+06, 125.271
21943, 61706, 127, 3, 1, 0.1, 2.7487e+06, 125.271
21944, 61706, 117, 0, 0, 0.1, 2.74882e+06, 125.271
21945, 61698, 127, 0, 0, 0.1, 2.74895e+06, 125.271
21946, 61706, 137, 2, 0, 0.1, 2.74908e+06, 125.272
21947, 61698, 127, 1, 0, 0.1, 2.74921e+06, 125.272
21948, 61698, 117, 0, 0, 0.1, 2.74933e+06, 125.271
21949, 61706, 127, 2, 0, 0.1, 2.74946e+06, 125.271
21950, 61698, 127, 2, 0, 0.1, 2.74958e+06, 125.271
21951, 57610, 127, 2, 0, 0.1, 2.74971e+06, 125.272
21952, 49410, 127, 3, 0, 0.1, 2.74984e+06, 125.272
21953, 32773, 127, 0, 0, 0.1, 2.74996e+06, 125.272
21954, 32773, 117, 3, 0, 0.1, 2.75008e+06, 125.271
21955, 33032, 127, 2, 0, 0.1, 2.75021e+06, 125.271
21956, 49418, 127, 0, 0, 0.1, 2.75034e+06, 125.271
21957, 33032, 127, 2, 0, 0.1, 2.75046e+06, 125.272
21958, 49418, 127, 2, 0, 0.1, 2.75059e+06, 125.272
21959, 59650, 127, 0, 0, 0.1, 2.75072e+06, 125.272
21960, 49418, 127, 2, 0, 0.1, 2.75084e+06, 125.272
21961, 59650, 127, 3, 0, 0.1, 2.75097e+06, 125.272
21962, 63493, 127, 1, 0, 0.1, 2.7511e+06, 125.272
21963, 59650, 127, 0, 0, 0.1, 2.75122e+06, 125.272
21964, 49418, 127, 3, 0, 0.1, 2.75135e+06, 125.272
21965, 49418, 117, 2, 0, 0.1, 2.75147e+06, 125.272
21966, 59778, 127, 0, 0, 0.1, 2.7516e+06, 125.272
21967, 49418, 127, 3, 0, 0.1, 2.75172e+06, 125.272
21968, 49418, 117, 2, 0, 0.1, 2.75184e+06, 125.271
21969, 59650, 127, 3, 0, 0.1, 2.75197e+06, 125.272
21970, 63493, 127, 3, 0, 0.1, 2.75209e+06, 125.272
21971, 63748, 127, 3, 0, 0.1, 2.75222e+06, 125.272
21972, 63493, 127, 1, 0, 0.1, 2.75235e+06, 125.272
21973, 63748, 127, 1, 0, 0.1, 2.75247e+06, 125.272
21974, 63493, 127, 1, 0, 0.1, 2.7526e+06, 125.272
21975, 59650, 127, 3, 0, 0.1, 2.75273e+06, 125.272
21976, 63493, 127, 3, 0, 0.1, 2.75286e+06, 125.272
21977, 63748, 127, 0, 0, 0.1, 2.75298e+06, 125.272
21978, 61706, 137, 3, 0, 0.1, 2.75312e+06, 125.273
21979, 61706, 117, 1, 0, 0.1, 2.75324e+06, 125.272
21980, 61706, 117, 2, 0, 0.1, 2.75335e+06, 125.272
21981, 63748, 127, 3, 0, 0.1, 2.75348e+06, 125.272
21982, 59397, 127, 3, 0, 0.1, 2.75361e+06, 125.272
21983, 63493, 127, 3, 0, 0.1, 2.75373e+06, 125.272
21984, 63493, 127, 1, 0, 0.1, 2.75386e+06, 125.272
21985, 63493, 127, 1, 0, 0.1, 2.75399e+06, 125.272
21986, 59397, 127, 0, 0, 0.1, 2.75412e+06, 125.272
21987, 59397, 117, 3, 0, 0.1, 2.75423e+06, 125.272
21988, 63493, 127, 1, 0, 0.1, 2.75436e+06, 125.272
21989, 59397, 127, 1, 0, 0.1, 2.75449e+06, 125.272
21990, 63748, 127, 3, 0, 0.1, 2.75461e+06, 125.272
21991, 59397, 127, 1, 0, 0.1, 2.75474e+06, 125.272
21992, 63748, 127, 3, 0, 0.1, 2.75487e+06, 125.272
21993, 26629, 127, 3, 0, 0.1, 2.75499e+06, 125.273
21994, 30725, 127, 1, 0, 0.1, 2.75512e+06, 125.273
21995, 26629, 127, 3, 0, 0.1, 2.75525e+06, 125.273
21996, 30725, 127, 1, 0, 0.1, 2.75538e+06, 125.273
21997, 26629, 127, 3, 0, 0.1, 2.7555e+06, 125.273
21998, 30725, 127, 3, 0, 0.1, 2.75563e+06, 125.273
21999, 30725, 127, 3, 0, 0.1, 2.75576e+06, 125.273
22000, 28940, 137, 3, 0, 0.1, 2.75589e+06, 125.274
22001, 28940, 117, 1, 0, 0.1, 2.75601e+06, 125.273
22002, 28677, 127, 1, 0, 0.1, 2.75614e+06, 125.273
22003, 24581, 127, 3, 0, 0.1, 2.75626e+06, 125.273
22004, 28677, 127, 3, 0, 0.1, 2.75639e+06, 125.273
22005, 28940, 127, 0, 1, 0.1, 2.75652e+06, 125.273
22006, 28938, 137, 3, 0, 0.1, 2.75666e+06, 125.274
22007, 28938, 117, 0, 0, 0.1, 2.75677e+06, 125.274
22008, 31632, 127, 1, 0, 0.1, 2.7569e+06, 125.274
22009, 31364, 127, 2, 1, 0.1, 2.75703e+06, 125.274
22010, 31364, 117, 1, 0, 0.1, 2.75714e+06, 125.273
22011, 26758, 137, 3, 0, 0.1, 2.75728e+06, 125.274
22012, 30772, 77, 2, 0, 0.1, 2.75736e+06, 125.272
22013, 29960, 127, 2, 0, 0.1, 2.75748e+06, 125.272
22014, 29962, 137, 3, 0, 0.1, 2.75762e+06, 125.272
22015, 29962, 117, 0, 0, 0.1, 2.75774e+06, 125.272
22016, 25864, 127, 2, 0, 0.1, 2.75786e+06, 125.272
22017, 29962, 127, 2, 0, 0.1, 2.75799e+06, 125.272
22018, 32002, 127, 2, 0, 0.1, 2.75812e+06, 125.272
22019, 29962, 137, 2, 0, 0.1, 2.75826e+06, 125.273
22020, 32512, 127, 0, 0, 0.1, 2.75838e+06, 125.273
22021, 29962, 127, 3, 0, 0.1, 2.75851e+06, 125.273
22022, 29962, 117, 0, 0, 0.1, 2.75863e+06, 125.273
22023, 32130, 127, 3, 0, 0.1, 2.75875e+06, 125.273
22024, 30853, 127, 0, 0, 0.1, 2.75888e+06, 125.273
22025, 30853, 117, 3, 0, 0.1, 2.759e+06, 125.272
22026, 31108, 137, 0, 0, 0.1, 2.75914e+06, 125.273
22027, 29002, 137, 2, 0, 0.1, 2.75927e+06, 125.273
22028, 30996, 77, 3, 1, 0.1, 2.75935e+06, 125.271
22029, 29962, 117, 0, 0, 0.1, 2.75947e+06, 125.271
22030, 30472, 137, 2, 0, 0.1, 2.7596e+06, 125.271
22031, 29962, 127, 2, 0, 0.1, 2.75973e+06, 125.271
22032, 30472, 137, 1, 0, 0.1, 2.75987e+06, 125.272
22033, 29189, 137, 1, 0, 0.1, 2.76e+06, 125.273
22034, 29954, 137, 3, 0, 0.1, 2.76014e+06, 125.273
22035, 28677, 127, 1, 0, 0.1, 2.76027e+06, 125.273
22036, 29954, 127, 2, 0, 0.1, 2.7604e+06, 125.273
22037, 29962, 127, 2, 0, 0.1, 2.76052e+06, 125.273
22038, 30472, 137, 2, 0, 0.1, 2.76066e+06, 125.274
22039, 29962, 137, 2, 0, 0.1, 2.7608e+06, 125.274
22040, 31492, 137, 3, 0, 0.1, 2.76093e+06, 125.275
22041, 31237, 127, 1, 0, 0.1, 2.76106e+06, 125.275
22042, 31492, 127, 1, 0, 0.1, 2.76119e+06, 125.275
22043, 31237, 127, 3, 0, 0.1, 2.76131e+06, 125.275
22044, 31492, 127, 0, 0, 0.1, 2.76144e+06, 125.275
22045, 28938, 127, 2, 0, 0.1, 2.76157e+06, 125.275
22046, 31492, 127, 0, 0, 0.1, 2.7617e+06, 125.275
22047, 28938, 127, 0, 0, 0.1, 2.76182e+06, 125.275
22048, 29448, 127, 1, 0, 0.1, 2.76195e+06, 125.276
22049, 29189, 137, 1, 1, 0.1, 2.76209e+06, 125.276
22050, 24582, 137, 3, 0, 0.1, 2.76222e+06, 125.277
22051, 16389, 127, 2, 1, 0.1, 2.76235e+06, 125.277
22052, 16389, 117, 3, 0, 0.1, 2.76247e+06, 125.276
22053, 24840, 127, 1, 0, 0.1, 2.76259e+06, 125.276
22054, 16389, 127, 1, 0, 0.1, 2.76272e+06, 125.276
22055, 24582, 127, 0, 0, 0.1, 2.76285e+06, 125.277
22056, 28682, 127, 2, 0, 0.1, 2.76298e+06, 125.277
22057, 24582, 127, 0, 0, 0.1, 2.7631e+06, 125.277
22058, 28682, 127, 2, 0, 0.1, 2.76323e+06, 125.277
22059, 24582, 127, 3, 0, 0.1, 2.76336e+06, 125.277
22060, 16389, 127, 1, 0, 0.1, 2.76348e+06, 125.277
22061, 24582, 127, 0, 0, 0.1, 2.76361e+06, 125.277
22062, 28682, 127, 2, 0, 0.1, 2.76374e+06, 125.277
22063, 24582, 127, 0, 0, 0.1, 2.76386e+06, 125.277
22064, 28682, 127, 2, 0, 0.1, 2.76399e+06, 125.277
22065, 24582, 127, 0, 0, 0.1, 2.76412e+06, 125.277
22066, 28682, 127, 3, 1, 0.1, 2.76424e+06, 125.277
22067, 28682, 117, 2, 0, 0.1, 2.76436e+06, 125.277
22068, 24582, 127, 0, 0, 0.1, 2.76449e+06, 125.277
22069, 28682, 127, 3, 0, 0.1, 2.76462e+06, 125.277
22070, 28682, 117, 2, 0, 0.1, 2.76473e+06, 125.277
22071, 24582, 127, 3, 0, 0.1, 2.76486e+06, 125.277
22072, 16389, 127, 1, 0, 0.1, 2.76499e+06, 125.277
22073, 24582, 127, 0, 0, 0.1, 2.76511e+06, 125.277
22074, 28682, 127, 1, 0, 0.1, 2.76524e+06, 125.277
22075, 28682, 117, 0, 0, 0.1, 2.76536e+06, 125.277
22076, 29193, 127, 2, 0, 0.1, 2.76548e+06, 125.277
22077, 28682, 127, 2, 0, 0.1, 2.76561e+06, 125.277
22078, 24582, 127, 3, 0, 0.1, 2.76574e+06, 125.277
22079, 16389, 127, 1, 0, 0.1, 2.76587e+06, 125.277
22080, 24582, 127, 0, 0, 0.1, 2.76599e+06, 125.277
22081, 28682, 127, 2, 0, 0.1, 2.76612e+06, 125.277
22082, 24582, 127, 0, 0, 0.1, 2.76625e+06, 125.277
22083, 28682, 127, 0, 0, 0.1, 2.76637e+06, 125.277
22084, 29193, 127, 1, 0, 0.1, 2.7665e+06, 125.277
22085, 29189, 137, 2, 1, 0.1, 2.76664e+06, 125.278
22086, 29189, 117, 3, 0, 0.1, 2.76676e+06, 125.278
22087, 29193, 127, 2, 0, 0.1, 2.76688e+06, 125.278
22088, 24586, 127, 2, 0, 0.1, 2.76701e+06, 125.278
22089, 16390, 127, 3, 0, 0.1, 2.76714e+06, 125.278
22090, 16389, 127, 1, 0, 0.1, 2.76726e+06, 125.278
22091, 16390, 127, 3, 0, 0.1, 2.76739e+06, 125.278
22092, 16389, 127, 1, 0, 0.1, 2.76752e+06, 125.278
22093, 16390, 127, 0, 0, 0.1, 2.76764e+06, 125.278
22094, 24586, 127, 2, 0, 0.1, 2.76777e+06, 125.278
22095, 16390, 127, 0, 0, 0.1, 2.7679e+06, 125.278
22096, 24586, 127, 2, 0, 0.1, 2.76802e+06, 125.278
22097, 16390, 127, 3, 0, 0.1, 2.76815e+06, 125.278
22098, 16389, 127, 1, 0, 0.1, 2.76828e+06, 125.278
22099, 16390, 127, 2, 0, 0.1, 2.76841e+06, 125.279
22100, 16390, 117, 1, 1, 0.1, 2.76852e+06, 125.278
22101, 16390, 117, 2, 0, 0.1, 2.76864e+06, 125.278
22102, 16390, 117, 0, 0, 0.1, 2.76876e+06, 125.277
22103, 24586, 127, 2, 0, 0.1, 2.76888e+06, 125.278
22104, 16390, 127, 2, 0, 0.1, 2.76901e+06, 125.278
22105, 16390, 117, 3, 0, 0.1, 2.76913e+06, 125.277
22106, 16389, 127, 3, 0, 0.1, 2.76926e+06, 125.277
22107, 24840, 127, 2, 0, 0.1, 2.76938e+06, 125.277
22108, 24842, 127, 0, 0, 0.1, 2.76951e+06, 125.277
22109, 24840, 127, 2, 0, 0.1, 2.76964e+06, 125.278
22110, 24842, 127, 2, 0, 0.1, 2.76976e+06, 125.278
22111, 31492, 127, 0, 0, 0.1, 2.76989e+06, 125.278
22112, 24842, 127, 0, 0, 0.1, 2.77002e+06, 125.278
22113, 24840, 127, 0, 1, 0.1, 2.77014e+06, 125.278
22114, 28938, 127, 2, 0, 0.1, 2.77027e+06, 125.278
22115, 24840, 127, 0, 0, 0.1, 2.7704e+06, 125.278
22116, 28938, 127, 2, 0, 0.1, 2.77052e+06, 125.278
22117, 24856, 127, 0, 0, 0.1, 2.77065e+06, 125.278
22118, 28938, 77, 3, 0, 0.1, 2.77073e+06, 125.276
22119, 29962, 117, 2, 0, 0.1, 2.77085e+06, 125.276
22120, 25864, 137, 0, 0, 0.1, 2.77098e+06, 125.276
22121, 17674, 127, 2, 0, 0.1, 2.77111e+06, 125.276
22122, 25864, 127, 1, 0, 0.1, 2.77124e+06, 125.276
22123, 24581, 127, 3, 0, 0.1, 2.77136e+06, 125.276
22124, 25864, 127, 2, 0, 0.1, 2.77149e+06, 125.276
22125, 29962, 127, 2, 0, 0.1, 2.77162e+06, 125.277
22126, 32002, 127, 3, 0, 0.1, 2.77174e+06, 125.277
22127, 30725, 127, 1, 0, 0.1, 2.77187e+06, 125.277
22128, 32002, 127, 3, 0, 0.1, 2.772e+06, 125.277
22129, 30725, 127, 3, 0, 0.1, 2.77213e+06, 125.277
22130, 30980, 137, 0, 0, 0.1, 2.77226e+06, 125.277
22131, 28938, 127, 0, 0, 0.1, 2.77239e+06, 125.277
22132, 24586, 137, 1, 1, 0.1, 2.77253e+06, 125.278
22133, 24586, 117, 0, 0, 0.1, 2.77264e+06, 125.278
22134, 16394, 127, 2, 0, 0.1, 2.77277e+06, 125.278
22135, 24586, 127, 2, 0, 0.1, 2.7729e+06, 125.278
22136, 28682, 127, 3, 0, 0.1, 2.77302e+06, 125.278
22137, 28682, 117, 2, 0, 0.1, 2.77314e+06, 125.277
22138, 30724, 127, 1, 0, 0.1, 2.77327e+06, 125.278
22139, 30725, 127, 1, 0, 0.1, 2.7734e+06, 125.278
22140, 32002, 127, 3, 0, 0.1, 2.77352e+06, 125.278
22141, 30725, 127, 3, 0, 0.1, 2.77365e+06, 125.278
22142, 30724, 127, 0, 0, 0.1, 2.77378e+06, 125.278
22143, 28682, 127, 1, 0, 0.1, 2.7739e+06, 125.278
22144, 28682, 117, 3, 0, 0.1, 2.77402e+06, 125.278
22145, 28682, 117, 2, 0, 0.1, 2.77414e+06, 125.277
22146, 30724, 127, 1, 0, 0.1, 2.77426e+06, 125.277
22147, 30725, 127, 3, 0, 0.1, 2.77439e+06, 125.277
22148, 30724, 127, 3, 0, 0.1, 2.77452e+06, 125.277
22149, 30725, 137, 1, 0, 0.1, 2.77466e+06, 125.278
22150, 30724, 127, 0, 0, 0.1, 2.77478e+06, 125.278
22151, 24586, 127, 0, 0, 0.1, 2.77491e+06, 125.278
22152, 16394, 127, 0, 0, 0.1, 2.77504e+06, 125.278
22153, 10, 127, 2, 0, 0.1, 2.77516e+06, 125.278
22154, 16394, 127, 2, 0, 0.1, 2.77529e+06, 125.278
22155, 24586, 127, 2, 0, 0.1, 2.77542e+06, 125.278
22156, 30724, 127, 3, 0, 0.1, 2.77554e+06, 125.278
22157, 30725, 127, 3, 0, 0.1, 2.77567e+06, 125.279
22158, 5, 137, 1, 0, 0.1, 2.77581e+06, 125.279
22159, 16389, 127, 3, 0, 0.1, 2.77594e+06, 125.279
22160, 5, 127, 3, 0, 0.1, 2.77606e+06, 125.279
22161, 16389, 127, 1, 0, 0.1, 2.77619e+06, 125.279
22162, 5, 127, 3, 0, 0.1, 2.77632e+06, 125.279
22163, 16389, 127, 2, 0, 0.1, 2.77644e+06, 125.279
22164, 16389, 117, 1, 0, 0.1, 2.77656e+06, 125.279
22165, 5, 127, 3, 0, 0.1, 2.77669e+06, 125.279
22166, 16389, 127, 3, 0, 0.1, 2.77682e+06, 125.279
22167, 24844, 127, 0, 0, 0.1, 2.77694e+06, 125.279
22168, 28954, 127, 0, 0, 0.1, 2.77707e+06, 125.279
22169, 31552, 77, 2, 0, 0.1, 2.77715e+06, 125.277
22170, 30472, 127, 1, 0, 0.1, 2.77727e+06, 125.277
22171, 28677, 137, 1, 0, 0.1, 2.77741e+06, 125.278
22172, 29954, 127, 2, 0, 0.1, 2.77754e+06, 125.278
22173, 29962, 137, 2, 0, 0.1, 2.77767e+06, 125.278
22174, 29448, 137, 2, 0, 0.1, 2.77781e+06, 125.279
22175, 24842, 127, 2, 0, 0.1, 2.77794e+06, 125.279
22176, 31492, 127, 1, 0, 0.1, 2.77806e+06, 125.279
22177, 31237, 127, 2, 0, 0.1, 2.77819e+06, 125.279
22178, 31237, 117, 3, 0, 0.1, 2.77831e+06, 125.279
22179, 31492, 127, 1, 0, 0.1, 2.77844e+06, 125.279
22180, 31237, 127, 1, 0, 0.1, 2.77856e+06, 125.279
22181, 31747, 137, 3, 0, 0.1, 2.7787e+06, 125.28
22182, 26629, 127, 3, 1, 0.1, 2.77883e+06, 125.28
22183, 26884, 127, 0, 1, 0.1, 2.77895e+06, 125.28
22184, 24842, 127, 2, 0, 0.1, 2.77908e+06, 125.28
22185, 26884, 127, 0, 0, 0.1, 2.77921e+06, 125.28
22186, 24842, 127, 0, 0, 0.1, 2.77934e+06, 125.28
22187, 29448, 127, 2, 0, 0.1, 2.77946e+06, 125.28
22188, 24842, 127, 2, 0, 0.1, 2.77959e+06, 125.28
22189, 26884, 127, 1, 0, 0.1, 2.77972e+06, 125.28
22190, 26629, 127, 0, 0, 0.1, 2.77984e+06, 125.28
22191, 26629, 117, 3, 0, 0.1, 2.77996e+06, 125.28
22192, 26884, 127, 1, 0, 0.1, 2.78009e+06, 125.28
22193, 26629, 127, 1, 0, 0.1, 2.78021e+06, 125.28
22194, 31747, 127, 3, 0, 0.1, 2.78034e+06, 125.28
22195, 26629, 127, 3, 0, 0.1, 2.78047e+06, 125.28
22196, 26884, 127, 3, 0, 0.1, 2.7806e+06, 125.28
22197, 30725, 127, 0, 1, 0.1, 2.78072e+06, 125.28
22198, 30725, 117, 1, 0, 0.1, 2.78084e+06, 125.28
22199, 26884, 127, 2, 1, 0.1, 2.78097e+06, 125.28
22200, 26884, 117, 3, 0, 0.1, 2.78108e+06, 125.28
22201, 30725, 127, 3, 0, 0.1, 2.78121e+06, 125.28
22202, 32000, 127, 2, 0, 0.1, 2.78134e+06, 125.28
22203, 29962, 137, 1, 0, 0.1, 2.78147e+06, 125.28
22204, 29962, 117, 2, 0, 0.1, 2.78159e+06, 125.28
22205, 29962, 127, 0, 0, 0.1, 2.78172e+06, 125.28
22206, 29962, 127, 3, 1, 0.1, 2.78184e+06, 125.28
22207, 29962, 117, 1, 1, 0.1, 2.78196e+06, 125.28
22208, 29962, 117, 2, 0, 0.1, 2.78208e+06, 125.279
22209, 29962, 127, 2, 0, 0.1, 2.78221e+06, 125.279
22210, 28940, 137, 3, 0, 0.1, 2.78234e+06, 125.28
22211, 28940, 117, 0, 0, 0.1, 2.78246e+06, 125.28
22212, 24842, 127, 2, 0, 0.1, 2.78259e+06, 125.28
22213, 28940, 127, 0, 0, 0.1, 2.78271e+06, 125.28
22214, 24858, 127, 0, 0, 0.1, 2.78284e+06, 125.28
22215, 24842, 127, 0, 0, 0.1, 2.78297e+06, 125.28
22216, 30976, 127, 2, 0, 0.1, 2.7831e+06, 125.28
22217, 24842, 127, 2, 0, 0.1, 2.78322e+06, 125.28
22218, 24858, 127, 2, 0, 0.1, 2.78335e+06, 125.28
22219, 28956, 127, 0, 0, 0.1, 2.78348e+06, 125.28
22220, 24858, 127, 0, 0, 0.1, 2.7836e+06, 125.28
22221, 24858, 127, 2, 0, 0.1, 2.78373e+06, 125.28
22222, 24858, 127, 3, 1, 0.1, 2.78386e+06, 125.28
22223, 24842, 117, 2, 0, 0.1, 2.78397e+06, 125.28
22224, 28940, 127, 1, 0, 0.1, 2.7841e+06, 125.28
22225, 28677, 127, 3, 0, 0.1, 2.78423e+06, 125.28
22226, 28940, 127, 0, 0, 0.1, 2.78436e+06, 125.28
22227, 24842, 127, 1, 1, 0.1, 2.78448e+06, 125.28
22228, 24842, 117, 2, 0, 0.1, 2.7846e+06, 125.28
22229, 28940, 127, 1, 0, 0.1, 2.78473e+06, 125.28
22230, 28677, 127, 3, 0, 0.1, 2.78485e+06, 125.28
22231, 28940, 127, 1, 0, 0.1, 2.78498e+06, 125.28
22232, 28677, 127, 1, 0, 0.1, 2.78511e+06, 125.28
22233, 57350, 137, 1, 0, 0.1, 2.78524e+06, 125.281
22234, 57350, 117, 0, 0, 0.1, 2.78536e+06, 125.28
22235, 61961, 127, 1, 0, 0.1, 2.78549e+06, 125.281
22236, 61957, 127, 2, 0, 0.1, 2.78562e+06, 125.281
22237, 61957, 117, 3, 0, 0.1, 2.78573e+06, 125.28
22238, 61961, 127, 2, 0, 0.1, 2.78586e+06, 125.28
22239, 57350, 127, 1, 0, 0.1, 2.78599e+06, 125.28
22240, 57350, 117, 3, 0, 0.1, 2.7861e+06, 125.28
22241, 49157, 127, 3, 0, 0.1, 2.78623e+06, 125.28
22242, 33036, 127, 3, 0, 0.1, 2.78636e+06, 125.28
22243, 33052, 117, 1, 0, 0.1, 2.78647e+06, 125.28
22244, 49157, 127, 2, 0, 0.1, 2.7866e+06, 125.28
22245, 49157, 117, 3, 1, 0.1, 2.78672e+06, 125.28
22246, 33036, 127, 1, 0, 0.1, 2.78684e+06, 125.28
22247, 49157, 127, 1, 0, 0.1, 2.78697e+06, 125.28
22248, 57350, 127, 2, 1, 0.1, 2.7871e+06, 125.28
22249, 57350, 117, 2, 0, 0.1, 2.78722e+06, 125.279
22250, 57350, 117, 3, 0, 0.1, 2.78733e+06, 125.279
22251, 49157, 127, 2, 0, 0.1, 2.78746e+06, 125.279
22252, 49157, 117, 3, 0, 0.1, 2.78758e+06, 125.279
22253, 33036, 127, 2, 0, 0.1, 2.7877e+06, 125.279
22254, 33036, 117, 2, 0, 0.1, 2.78782e+06, 125.278
22255, 33036, 117, 1, 0, 0.1, 2.78794e+06, 125.278
22256, 49157, 127, 3, 0, 0.1, 2.78806e+06, 125.278
22257, 33036, 127, 0, 0, 0.1, 2.78819e+06, 125.278
22258, 49418, 127, 0, 0, 0.1, 2.78832e+06, 125.278
22259, 57610, 127, 0, 0, 0.1, 2.78845e+06, 125.278
22260, 63744, 127, 3, 0, 0.1, 2.78857e+06, 125.278
22261, 63493, 127, 0, 0, 0.1, 2.7887e+06, 125.279
22262, 63493, 117, 3, 0, 0.1, 2.78882e+06, 125.278
22263, 63621, 137, 1, 0, 0.1, 2.78895e+06, 125.279
22264, 63493, 127, 1, 0, 0.1, 2.78908e+06, 125.279
22265, 63872, 127, 3, 0, 0.1, 2.78921e+06, 125.279
22266, 63493, 127, 0, 0, 0.1, 2.78934e+06, 125.279
22267, 63621, 117, 3, 0, 0.1, 2.78945e+06, 125.279
22268, 63493, 127, 2, 0, 0.1, 2.78958e+06, 125.279
22269, 63621, 117, 3, 0, 0.1, 2.7897e+06, 125.278
22270, 63621, 137, 3, 0, 0.1, 2.78983e+06, 125.279
22271, 64641, 127, 1, 0, 0.1, 2.78996e+06, 125.279
22272, 63493, 127, 1, 0, 0.1, 2.79009e+06, 125.279
22273, 59397, 127, 3, 0, 0.1, 2.79021e+06, 125.279
22274, 63493, 127, 0, 0, 0.1, 2.79034e+06, 125.279
22275, 63621, 117, 3, 0, 0.1, 2.79046e+06, 125.279
22276, 64641, 127, 1, 0, 0.1, 2.79058e+06, 125.279
22277, 63621, 127, 3, 0, 0.1, 2.79071e+06, 125.279
22278, 64513, 127, 2, 0, 0.1, 2.79084e+06, 125.279
22279, 62474, 127, 1, 0, 0.1, 2.79097e+06, 125.279
22280, 62474, 117, 0, 1, 0.1, 2.79108e+06, 125.279
22281, 64641, 127, 1, 0, 0.1, 2.79121e+06, 125.279
22282, 63493, 127, 2, 0, 0.1, 2.79134e+06, 125.279
22283, 63621, 117, 3, 0, 0.1, 2.79145e+06, 125.278
22284, 64513, 127, 1, 0, 0.1, 2.79158e+06, 125.279
22285, 63493, 127, 3, 0, 0.1, 2.79171e+06, 125.279
22286, 64513, 127, 1, 0, 0.1, 2.79184e+06, 125.279
22287, 63493, 127, 3, 0, 0.1, 2.79196e+06, 125.279
22288, 64513, 127, 2, 0, 0.1, 2.79209e+06, 125.279
22289, 62474, 127, 0, 0, 0.1, 2.79222e+06, 125.279
22290, 64513, 127, 2, 0, 0.1, 2.79234e+06, 125.279
22291, 62474, 127, 2, 0, 0.1, 2.79247e+06, 125.279
22292, 62474, 127, 2, 0, 0.1, 2.7926e+06, 125.279
22293, 62474, 137, 0, 0, 0.1, 2.79273e+06, 125.28
22294, 58378, 127, 1, 0, 0.1, 2.79286e+06, 125.28
22295, 58378, 117, 2, 0, 0.1, 2.79298e+06, 125.279
22296, 62474, 127, 0, 0, 0.1, 2.79310e+06, 125.279
22297, 58378, 127, 2, 0, 0.1, 2.79323e+06, 125.28
22298, 62474, 127, 2, 0, 0.1, 2.79336e+06, 125.28
22299, 62474, 127, 0, 0, 0.1, 2.79349e+06, 125.28
22300, 62474, 127, 0, 0, 0.1, 2.79361e+06, 125.28
22301, 58378, 127, 0, 0, 0.1, 2.79374e+06, 125.28
22302, 62474, 127, 2, 0, 0.1, 2.79387e+06, 125.28
22303, 58378, 127, 2, 0, 0.1, 2.79399e+06, 125.28
22304, 62474, 127, 2, 0, 0.1, 2.79412e+06, 125.28
22305, 62474, 127, 0, 0, 0.1, 2.79425e+06, 125.28
22306, 62474, 127, 0, 0, 0.1, 2.79438e+06, 125.28
22307, 58378, 127, 3, 0, 0.1, 2.7945e+06, 125.28
22308, 58378, 117, 0, 0, 0.1, 2.79462e+06, 125.28
22309, 62474, 127, 2, 0, 0.1, 2.79475e+06, 125.28
22310, 58378, 127, 2, 0, 0.1, 2.79487e+06, 125.28
22311, 62474, 127, 1, 1, 0.1, 2.795e+06, 125.28
22312, 62474, 117, 0, 1, 0.1, 2.79512e+06, 125.28
22313, 58378, 127, 3, 0, 0.1, 2.79524e+06, 125.28
22314, 58378, 117, 1, 0, 0.1, 2.79536e+06, 125.279
22315, 58378, 117, 2, 0, 0.1, 2.79548e+06, 125.279
22316, 62474, 127, 3, 0, 0.1, 2.79560e+06, 125.279
22317, 62474, 117, 3, 0, 0.1, 2.79572e+06, 125.279
22318, 62474, 117, 2, 0, 0.1, 2.79584e+06, 125.278
22319, 62474, 127, 2, 0, 0.1, 2.79597e+06, 125.279
22320, 62474, 137, 2, 1, 0.1, 2.7961e+06, 125.279
22321, 58378, 137, 1, 0, 0.1, 2.79624e+06, 125.28
22322, 58378, 117, 2, 0, 0.1, 2.79636e+06, 125.279
22323, 62474, 127, 2, 0, 0.1, 2.79648e+06, 125.279
22324, 62474, 127, 0, 0, 0.1, 2.79661e+06, 125.279
22325, 62474, 127, 2, 0, 0.1, 2.79674e+06, 125.279
22326, 62474, 127, 2, 0, 0.1, 2.79686e+06, 125.28
22327, 64004, 137, 3, 0, 0.1, 2.797e+06, 125.28
22328, 64005, 137, 3, 0, 0.1, 2.79714e+06, 125.281
22329, 64005, 127, 3, 0, 0.1, 2.79727e+06, 125.281
22330, 64005, 137, 1, 1, 0.1, 2.7974e+06, 125.281
22331, 59909, 127, 3, 0, 0.1, 2.79753e+06, 125.281
22332, 64005, 127, 1, 0, 0.1, 2.79766e+06, 125.281
22333, 27141, 127, 3, 0, 0.1, 2.79778e+06, 125.281
22334, 31237, 127, 3, 0, 0.1, 2.79791e+06, 125.281
22335, 31492, 127, 0, 0, 0.1, 2.79804e+06, 125.282
22336, 28938, 127, 2, 0, 0.1, 2.79816e+06, 125.282
22337, 31492, 127, 0, 0, 0.1, 2.79829e+06, 125.282
22338, 28938, 127, 0, 0, 0.1, 2.79842e+06, 125.282
22339, 28938, 137, 0, 0, 0.1, 2.79856e+06, 125.282
22340, 30723, 137, 1, 0, 0.1, 2.79869e+06, 125.283
22341, 30723, 117, 3, 1, 0.1, 2.79881e+06, 125.282
22342, 30725, 137, 1, 0, 0.1, 2.79895e+06, 125.283
22343, 30723, 127, 2, 0, 0.1, 2.79907e+06, 125.283
22344, 24586, 127, 2, 0, 0.1, 2.7992e+06, 125.283
22345, 28682, 127, 2, 0, 0.1, 2.79933e+06, 125.283
22346, 31268, 127, 1, 0, 0.1, 2.79946e+06, 125.283
22347, 31269, 127, 1, 0, 0.1, 2.79958e+06, 125.283
22348, 27173, 127, 0, 0, 0.1, 2.79971e+06, 125.283
22349, 27173, 117, 3, 0, 0.1, 2.79983e+06, 125.283
22350, 31269, 127, 1, 1, 0.1, 2.79995e+06, 125.283
22351, 27269, 77, 0, 0, 0.1, 2.80003e+06, 125.281
22352, 30472, 137, 0, 1, 0.1, 2.80017e+06, 125.282
22353, 29962, 127, 3, 1, 0.1, 2.80029e+06, 125.282
22354, 29962, 117, 2, 0, 0.1, 2.80041e+06, 125.281
22355, 30472, 127, 0, 1, 0.1, 2.80054e+06, 125.281
22356, 29962, 127, 0, 0, 0.1, 2.80066e+06, 125.281
22357, 32002, 127, 2, 0, 0.1, 2.80079e+06, 125.281
22358, 29962, 127, 2, 0, 0.1, 2.80092e+06, 125.282
22359, 30472, 127, 1, 0, 0.1, 2.80105e+06, 125.282
22360, 28677, 137, 1, 0, 0.1, 2.80118e+06, 125.282
22361, 29954, 127, 2, 0, 0.1, 2.80131e+06, 125.282
22362, 29962, 137, 0, 0, 0.1, 2.80145e+06, 125.283
22363, 29954, 127, 0, 0, 0.1, 2.80157e+06, 125.283
22364, 29962, 127, 2, 0, 0.1, 2.8017e+06, 125.283
22365, 29954, 127, 2, 0, 0.1, 2.80183e+06, 125.283
22366, 29962, 127, 2, 0, 0.1, 2.80196e+06, 125.283
22367, 29954, 137, 2, 0, 0.1, 2.80209e+06, 125.284
22368, 29962, 137, 1, 0, 0.1, 2.80223e+06, 125.284
22369, 29962, 117, 3, 0, 0.1, 2.80235e+06, 125.284
22370, 29962, 117, 2, 0, 0.1, 2.80246e+06, 125.283
22371, 30472, 127, 2, 0, 0.1, 2.80259e+06, 125.283
22372, 29962, 127, 0, 0, 0.1, 2.80272e+06, 125.283
22373, 30472, 127, 1, 0, 0.1, 2.80284e+06, 125.284
22374, 29189, 137, 3, 0, 0.1, 2.80298e+06, 125.284
22375, 30472, 127, 2, 0, 0.1, 2.80311e+06, 125.284
22376, 29962, 127, 0, 0, 0.1, 2.80324e+06, 125.284
22377, 30472, 127, 1, 0, 0.1, 2.80336e+06, 125.284
22378, 29189, 127, 1, 0, 0.1, 2.80349e+06, 125.284
22379, 28934, 137, 0, 0, 0.1, 2.80363e+06, 125.285
22380, 28682, 137, 0, 0, 0.1, 2.80376e+06, 125.285
22381, 29193, 127, 3, 0, 0.1, 2.80389e+06, 125.286
22382, 29193, 117, 1, 0, 0.1, 2.80401e+06, 125.285
22383, 29189, 137, 1, 0, 0.1, 2.80414e+06, 125.286
22384, 29954, 137, 3, 0, 0.1, 2.80428e+06, 125.286
22385, 28677, 127, 3, 0, 0.1, 2.80441e+06, 125.286
22386, 24585, 127, 2, 0, 0.1, 2.80454e+06, 125.286
22387, 16394, 127, 2, 0, 0.1, 2.80466e+06, 125.286
22388, 16390, 127, 3, 0, 0.1, 2.80479e+06, 125.287
22389, 24581, 127, 1, 0, 0.1, 2.80492e+06, 125.287
22390, 16390, 127, 0, 0, 0.1, 2.80504e+06, 125.287
22391, 16394, 127, 0, 0, 0.1, 2.80517e+06, 125.287
22392, 24585, 127, 1, 0, 0.1, 2.8053e+06, 125.287
22393, 28677, 127, 3, 0, 0.1, 2.80542e+06, 125.287
22394, 24585, 127, 2, 1, 0.1, 2.80555e+06, 125.287
22395, 16394, 127, 2, 0, 0.1, 2.80568e+06, 125.287
22396, 16390, 127, 2, 0, 0.1, 2.80580e+06, 125.287
22397, 16390, 117, 2, 0, 0.1, 2.80592e+06, 125.287
22398, 16390, 117, 0, 0, 0.1, 2.80604e+06, 125.286
22399, 16394, 127, 2, 0, 0.1, 2.80617e+06, 125.286
22400, 16390, 127, 3, 0, 0.1, 2.80629e+06, 125.287
22401, 24581, 127, 3, 0, 0.1, 2.80642e+06, 125.287
22402, 29960, 127, 0, 0, 0.1, 2.80655e+06, 125.287
22403, 25866, 127, 2, 0, 0.1, 2.80667e+06, 125.287
22404, 29960, 127, 2, 0, 0.1, 2.8068e+06, 125.287
22405, 29962, 127, 2, 0, 0.1, 2.80693e+06, 125.287
22406, 26884, 137, 3, 0, 0.1, 2.80706e+06, 125.287
22407, 18437, 127, 1, 0, 0.1, 2.80719e+06, 125.288
22408, 26884, 127, 3, 0, 0.1, 2.80732e+06, 125.288
22409, 18437, 127, 1, 0, 0.1, 2.80745e+06, 125.288
22410, 26884, 127, 1, 0, 0.1, 2.80757e+06, 125.288
22411, 30725, 127, 2, 1, 0.1, 2.8077e+06, 125.288
22412, 30725, 117, 3, 0, 0.1, 2.80782e+06, 125.287
22413, 26884, 127, 3, 0, 0.1, 2.80794e+06, 125.288
22414, 18565, 127, 2, 0, 0.1, 2.80807e+06, 125.288
22415, 18565, 117, 2, 1, 0.1, 2.80819e+06, 125.287
22416, 18565, 117, 1, 0, 0.1, 2.80830e+06, 125.287
22417, 27012, 127, 2, 0, 0.1, 2.80843e+06, 125.287
22418, 27012, 117, 3, 0, 0.1, 2.80855e+06, 125.287
22419, 18565, 127, 1, 0, 0.1, 2.80868e+06, 125.287
22420, 27012, 127, 3, 0, 0.1, 2.8088e+06, 125.287
22421, 18437, 127, 1, 0, 0.1, 2.80893e+06, 125.287
22422, 26884, 127, 1, 0, 0.1, 2.80906e+06, 125.287
22423, 30725, 127, 1, 0, 0.1, 2.80918e+06, 125.287
22424, 31747, 127, 2, 0, 0.1, 2.80931e+06, 125.287
22425, 29706, 137, 3, 0, 0.1, 2.80945e+06, 125.288
22426, 29706, 117, 2, 0, 0.1, 2.80956e+06, 125.287
22427, 31746, 137, 1, 0, 0.1, 2.8097e+06, 125.288
22428, 31746, 117, 3, 0, 0.1, 2.80982e+06, 125.287
22429, 30725, 137, 3, 0, 0.1, 2.80996e+06, 125.288
22430, 28681, 137, 2, 0, 0.1, 2.81009e+06, 125.288
22431, 63494, 137, 1, 0, 0.1, 2.81023e+06, 125.289
22432, 63494, 117, 3, 0, 0.1, 2.81035e+06, 125.289
22433, 63493, 137, 1, 0, 0.1, 2.81048e+06, 125.289
22434, 63494, 127, 1, 0, 0.1, 2.81061e+06, 125.289
22435, 63494, 117, 1, 0, 0.1, 2.81073e+06, 125.289
22436, 63494, 117, 1, 0, 0.1, 2.81084e+06, 125.288
22437, 63494, 117, 1, 0, 0.1, 2.81096e+06, 125.288
22438, 63494, 117, 3, 0, 0.1, 2.81108e+06, 125.288
22439, 63493, 127, 1, 0, 0.1, 2.81121e+06, 125.288
22440, 63494, 127, 0, 0, 0.1, 2.81133e+06, 125.288
22441, 57353, 127, 2, 0, 0.1, 2.81146e+06, 125.288
22442, 63494, 127, 3, 0, 0.1, 2.81159e+06, 125.288
22443, 63493, 127, 3, 0, 0.1, 2.81171e+06, 125.288
22444, 33036, 137, 1, 0, 0.1, 2.81185e+06, 125.289
22445, 32773, 127, 3, 1, 0.1, 2.81198e+06, 125.289
22446, 33052, 127, 0, 0, 0.1, 2.81210e+06, 125.289
22447, 33050, 127, 2, 0, 0.1, 2.81223e+06, 125.289
22448, 33052, 127, 2, 0, 0.1, 2.81236e+06, 125.289
22449, 33036, 117, 1, 0, 0.1, 2.81248e+06, 125.288
22450, 32773, 127, 1, 0, 0.1, 2.8126e+06, 125.289
22451, 49158, 127, 0, 0, 0.1, 2.81273e+06, 125.289
22452, 57353, 127, 3, 0, 0.1, 2.81286e+06, 125.289
22453, 57353, 117, 3, 0, 0.1, 2.81297e+06, 125.288
22454, 57353, 117, 2, 0, 0.1, 2.81309e+06, 125.288
22455, 49158, 127, 0, 0, 0.1, 2.81322e+06, 125.288
22456, 57353, 127, 0, 0, 0.1, 2.81334e+06, 125.288
22457, 57353, 117, 1, 0, 0.1, 2.81346e+06, 125.288
22458, 61445, 127, 3, 0, 0.1, 2.81359e+06, 125.288
22459, 57353, 127, 2, 0, 0.1, 2.81372e+06, 125.288
22460, 49158, 127, 2, 0, 0.1, 2.81384e+06, 125.288
22461, 49158, 117, 0, 0, 0.1, 2.81396e+06, 125.288
22462, 57353, 127, 1, 0, 0.1, 2.81409e+06, 125.288
22463, 61445, 127, 1, 0, 0.1, 2.81421e+06, 125.288
22464, 62466, 127, 1, 0, 0.1, 2.81434e+06, 125.288
22465, 62466, 117, 2, 0, 0.1, 2.81446e+06, 125.287
22466, 61964, 137, 1, 0, 0.1, 2.8146e+06, 125.288
22467, 61957, 137, 2, 1, 0.1, 2.81473e+06, 125.289
22468, 61957, 117, 1, 0, 0.1, 2.81485e+06, 125.288
22469, 61702, 137, 2, 0, 0.1, 2.81499e+06, 125.289
22470, 61702, 117, 0, 0, 0.1, 2.8151e+06, 125.288
22471, 61706, 127, 0, 0, 0.1, 2.81523e+06, 125.288
22472, 61706, 137, 0, 0, 0.1, 2.81537e+06, 125.289
22473, 61706, 137, 0, 0, 0.1, 2.8155e+06, 125.289
22474, 61706, 127, 0, 0, 0.1, 2.81563e+06, 125.29
22475, 61706, 137, 1, 0, 0.1, 2.81577e+06, 125.29
22476, 61706, 117, 2, 0, 0.1, 2.81588e+06, 125.29
22477, 61706, 127, 0, 0, 0.1, 2.81601e+06, 125.29
22478, 61706, 127, 1, 0, 0.1, 2.81614e+06, 125.29
22479, 61706, 117, 2, 0, 0.1, 2.81626e+06, 125.289
22480, 61706, 127, 0, 0, 0.1, 2.81638e+06, 125.29
22481, 61706, 127, 2, 0, 0.1, 2.81651e+06, 125.29
22482, 61706, 127, 1, 0, 0.1, 2.81664e+06, 125.29
22483, 61706, 117, 0, 0, 0.1, 2.81675e+06, 125.289
22484, 61706, 127, 1, 0, 0.1, 2.81688e+06, 125.289
22485, 61706, 117, 2, 0, 0.1, 2.817e+06, 125.289
22486, 61706, 127, 0, 0, 0.1, 2.81712e+06, 125.289
22487, 61706, 127, 1, 0, 0.1, 2.81725e+06, 125.289
22488, 61706, 117, 2, 0, 0.1, 2.81737e+06, 125.289
22489, 61706, 127, 2, 0, 0.1, 2.8175e+06, 125.289
22490, 57610, 127, 2, 1, 0.1, 2.81762e+06, 125.289
22491, 49418, 127, 0, 0, 0.1, 2.81775e+06, 125.289
22492, 57610, 127, 0, 0, 0.1, 2.81788e+06, 125.289
22493, 61706, 127, 2, 0, 0.1, 2.818e+06, 125.289
22494, 57610, 127, 3, 1, 0.1, 2.81813e+06, 125.289
22495, 57610, 117, 2, 0, 0.1, 2.81825e+06, 125.289
22496, 49418, 127, 0, 0, 0.1, 2.81838e+06, 125.289
22497, 57610, 127, 0, 0, 0.1, 2.8185e+06, 125.289
22498, 61706, 127, 0, 0, 0.1, 2.81863e+06, 125.289
22499, 61706, 127, 0, 0, 0.1, 2.81876e+06, 125.289
22500, 57610, 137, 1, 0, 0.1, 2.81889e+06, 125.29
22501, 57610, 117, 2, 0, 0.1, 2.81901e+06, 125.289
22502, 49418, 127, 0, 0, 0.1, 2.81914e+06, 125.289
22503, 57610, 127, 0, 0, 0.1, 2.81926e+06, 125.289
22504, 61698, 127, 0, 0, 0.1, 2.81939e+06, 125.29
22505, 61706, 127, 0, 0, 0.1, 2.81952e+06, 125.29
22506, 61698, 137, 0, 0, 0.1, 2.81966e+06, 125.29
22507, 61706, 137, 2, 0, 0.1, 2.81979e+06, 125.291
22508, 57602, 127, 0, 0, 0.1, 2.81992e+06, 125.291
22509, 61706, 127, 2, 0, 0.1, 2.82005e+06, 125.291
22510, 57602, 127, 2, 0, 0.1, 2.82017e+06, 125.291
22511, 49418, 127, 0, 0, 0.1, 2.8203e+06, 125.291
22512, 57602, 127, 1, 1, 0.1, 2.82043e+06, 125.291
22513, 57602, 117, 0, 0, 0.1, 2.82054e+06, 125.291
22514, 61706, 127, 2, 0, 0.1, 2.82067e+06, 125.291
22515, 57602, 127, 1, 1, 0.1, 2.8208e+06, 125.291
22516, 57602, 117, 0, 0, 0.1, 2.82092e+06, 125.29
22517, 61706, 127, 0, 0, 0.1, 2.82104e+06, 125.291
22518, 61706, 127, 2, 0, 0.1, 2.82117e+06, 125.291
22519, 61706, 127, 0, 0, 0.1, 2.8213e+06, 125.291
22520, 61706, 127, 0, 0, 0.1, 2.82142e+06, 125.291
22521, 61706, 137, 0, 0, 0.1, 2.82156e+06, 125.291
22522, 61706, 137, 1, 0, 0.1, 2.8217e+06, 125.292
22523, 61706, 117, 0, 0, 0.1, 2.82181e+06, 125.291
22524, 61706, 127, 2, 0, 0.1, 2.82194e+06, 125.292
22525, 61706, 127, 0, 0, 0.1, 2.82207e+06, 125.292
22526, 61706, 127, 2, 0, 0.1, 2.8222e+06, 125.292
22527, 61706, 127, 0, 0, 0.1, 2.82232e+06, 125.292
22528, 61706, 127, 0, 0, 0.1, 2.82245e+06, 125.292
22529, 32778, 137, 2, 0, 0.1, 2.82259e+06, 125.292
22530, 32778, 127, 0, 1, 0.1, 2.82271e+06, 125.292
22531, 10, 127, 2, 0, 0.1, 2.82284e+06, 125.292
22532, 10, 127, 2, 0, 0.1, 2.82297e+06, 125.293
22533, 10, 127, 0, 0, 0.1, 2.82309e+06, 125.293
22534, 10, 127, 0, 0, 0.1, 2.82322e+06, 125.293
22535, 10, 127, 0, 0, 0.1, 2.82335e+06, 125.293
22536, 16387, 127, 1, 0, 0.1, 2.82348e+06, 125.293
22537, 16387, 117, 2, 0, 0.1, 2.82359e+06, 125.293
22538, 10, 127, 0, 0, 0.1, 2.82372e+06, 125.293
22539, 16387, 127, 1, 0, 0.1, 2.82385e+06, 125.293
22540, 16387, 117, 3, 0, 0.1, 2.82396e+06, 125.292
22541, 24581, 127, 1, 0, 0.1, 2.82409e+06, 125.292
22542, 16387, 127, 3, 0, 0.1, 2.82422e+06, 125.292
22543, 24581, 127, 1, 0, 0.1, 2.82434e+06, 125.293
22544, 16387, 127, 1, 0, 0.1, 2.82447e+06, 125.293
22545, 16387, 117, 3, 0, 0.1, 2.82459e+06, 125.292
22546, 24581, 127, 1, 0, 0.1, 2.82472e+06, 125.292
22547, 16387, 127, 0, 1, 0.1, 2.82484e+06, 125.292
22548, 16387, 117, 3, 0, 0.1, 2.82496e+06, 125.292
22549, 24581, 127, 1, 0, 0.1, 2.82509e+06, 125.292
22550, 16387, 127, 1, 0, 0.1, 2.82521e+06, 125.292
22551, 16387, 117, 3, 0, 0.1, 2.82533e+06, 125.292
22552, 24581, 127, 2, 0, 0.1, 2.82546e+06, 125.292
22553, 24581, 117, 0, 0, 0.1, 2.82557e+06, 125.292
22554, 24581, 117, 0, 0, 0.1, 2.82569e+06, 125.291
22555, 24581, 117, 3, 0, 0.1, 2.82581e+06, 125.291
22556, 29705, 127, 2, 1, 0.1, 2.82594e+06, 125.291
22557, 31746, 127, 2, 0, 0.1, 2.82606e+06, 125.291
22558, 28682, 137, 0, 0, 0.1, 2.8262e+06, 125.291
22559, 30722, 127, 2, 0, 0.1, 2.82633e+06, 125.292
22560, 28682, 127, 1, 0, 0.1, 2.82645e+06, 125.292
22561, 28682, 117, 2, 0, 0.1, 2.82657e+06, 125.291
22562, 30854, 127, 1, 0, 0.1, 2.8267e+06, 125.291
22563, 30726, 117, 0, 1, 0.1, 2.82681e+06, 125.291
22564, 28682, 127, 2, 0, 0.1, 2.82694e+06, 125.291
22565, 30854, 127, 3, 0, 0.1, 2.82707e+06, 125.291
22566, 30853, 137, 3, 0, 0.1, 2.82720e+06, 125.292
22567, 31745, 137, 2, 0, 0.1, 2.82734e+06, 125.292
22568, 28682, 137, 3, 0, 0.1, 2.82748e+06, 125.293
22569, 28682, 117, 0, 0, 0.1, 2.8276e+06, 125.292
22570, 30849, 127, 1, 0, 0.1, 2.82772e+06, 125.292
22571, 26757, 127, 3, 0, 0.1, 2.82785e+06, 125.292
22572, 30753, 77, 3, 0, 0.1, 2.82793e+06, 125.29
22573, 29962, 117, 2, 0, 0.1, 2.82804e+06, 125.29
22574, 30472, 127, 1, 1, 0.1, 2.82817e+06, 125.29
22575, 29189, 127, 1, 0, 0.1, 2.8283e+06, 125.29
22576, 29954, 137, 3, 0, 0.1, 2.82844e+06, 125.291
22577, 28677, 127, 1, 0, 0.1, 2.82856e+06, 125.291
22578, 29954, 127, 2, 0, 0.1, 2.82869e+06, 125.291
22579, 29962, 137, 0, 0, 0.1, 2.82883e+06, 125.291
22580, 29954, 127, 3, 0, 0.1, 2.82895e+06, 125.291
22581, 28677, 127, 1, 0, 0.1, 2.82908e+06, 125.291
22582, 29954, 127, 2, 0, 0.1, 2.82921e+06, 125.291
22583, 29962, 127, 2, 1, 0.1, 2.82933e+06, 125.292
22584, 30472, 137, 1, 0, 0.1, 2.82947e+06, 125.292
22585, 29189, 127, 1, 0, 0.1, 2.8296e+06, 125.292
22586, 24582, 137, 0, 0, 0.1, 2.82974e+06, 125.293
22587, 28682, 127, 3, 0, 0.1, 2.82986e+06, 125.293
22588, 28682, 117, 2, 0, 0.1, 2.82998e+06, 125.292
22589, 24582, 127, 3, 0, 0.1, 2.83011e+06, 125.292
22590, 28677, 127, 1, 0, 0.1, 2.83023e+06, 125.293
22591, 24582, 127, 3, 1, 0.1, 2.83036e+06, 125.293
22592, 28677, 127, 3, 0, 0.1, 2.83049e+06, 125.293
22593, 29960, 127, 1, 1, 0.1, 2.83061e+06, 125.293
22594, 28677, 127, 3, 0, 0.1, 2.83074e+06, 125.293
22595, 29960, 127, 2, 0, 0.1, 2.83087e+06, 125.293
22596, 28938, 137, 0, 0, 0.1, 2.83100e+06, 125.293
22597, 24840, 127, 1, 0, 0.1, 2.83113e+06, 125.294
22598, 16389, 127, 1, 1, 0.1, 2.83126e+06, 125.294
22599, 24582, 127, 0, 0, 0.1, 2.83139e+06, 125.294
22600, 28682, 127, 0, 0, 0.1, 2.83151e+06, 125.294
22601, 29193, 127, 2, 1, 0.1, 2.83164e+06, 125.294
22602, 28682, 127, 0, 0, 0.1, 2.83177e+06, 125.294
22603, 29193, 127, 1, 0, 0.1, 2.83189e+06, 125.294
22604, 29189, 137, 3, 0, 0.1, 2.83203e+06, 125.294
22605, 29193, 127, 0, 1, 0.1, 2.83216e+06, 125.295
22606, 29193, 117, 2, 0, 0.1, 2.83228e+06, 125.294
22607, 24586, 127, 2, 0, 0.1, 2.8324e+06, 125.294
22608, 16390, 127, 0, 0, 0.1, 2.83253e+06, 125.294
22609, 24586, 127, 3, 0, 0.1, 2.83266e+06, 125.294
22610, 24586, 117, 2, 0, 0.1, 2.83277e+06, 125.294
22611, 16390, 127, 2, 0, 0.1, 2.8329e+06, 125.294
22612, 16390, 117, 2, 0, 0.1, 2.83302e+06, 125.294
22613, 16390, 117, 2, 0, 0.1, 2.83313e+06, 125.293
22614, 16390, 117, 1, 0, 0.1, 2.83325e+06, 125.293
22615, 16390, 117, 1, 1, 0.1, 2.83337e+06, 125.293
22616, 16390, 117, 2, 1, 0.1, 2.83348e+06, 125.292
22617, 16390, 117, 3, 0, 0.1, 2.8336e+06, 125.292
22618, 16389, 127, 1, 0, 0.1, 2.83373e+06, 125.292
22619, 16518, 127, 1, 1, 0.1, 2.83386e+06, 125.292
22620, 16518, 117, 1, 0, 0.1, 2.83397e+06, 125.292
22621, 16390, 67, 0, 1, 0.1, 2.83404e+06, 125.289
22622, 29960, 137, 1, 0, 0.1, 2.83418e+06, 125.29
22623, 28677, 127, 3, 0, 0.1, 2.8343e+06, 125.29
22624, 29960, 127, 2, 0, 0.1, 2.83443e+06, 125.29
22625, 29962, 127, 2, 0, 0.1, 2.83456e+06, 125.29
22626, 30472, 127, 2, 0, 0.1, 2.83468e+06, 125.29
22627, 29962, 137, 2, 0, 0.1, 2.83482e+06, 125.29
22628, 32002, 127, 3, 0, 0.1, 2.83495e+06, 125.291
22629, 30725, 137, 3, 0, 0.1, 2.83509e+06, 125.291
22630, 30980, 127, 0, 0, 0.1, 2.83521e+06, 125.291
22631, 28938, 137, 0, 0, 0.1, 2.83535e+06, 125.292
22632, 28938, 127, 2, 0, 0.1, 2.83548e+06, 125.292
22633, 28938, 127, 0, 0, 0.1, 2.8356e+06, 125.292
22634, 28938, 127, 2, 0, 0.1, 2.83573e+06, 125.292
22635, 28938, 127, 0, 0, 0.1, 2.83586e+06, 125.292
22636, 28938, 127, 0, 0, 0.1, 2.83598e+06, 125.292
22637, 16394, 137, 3, 0, 0.1, 2.83612e+06, 125.293
22638, 16394, 117, 2, 0, 0.1, 2.83624e+06, 125.292
22639, 16394, 127, 2, 0, 0.1, 2.83637e+06, 125.292
22640, 24586, 127, 2, 0, 0.1, 2.83649e+06, 125.292
22641, 30724, 127, 3, 0, 0.1, 2.83662e+06, 125.292
22642, 30725, 127, 3, 0, 0.1, 2.83675e+06, 125.292
22643, 24581, 137, 3, 0, 0.1, 2.83688e+06, 125.293
22644, 28677, 127, 3, 0, 0.1, 2.83701e+06, 125.293
22645, 28940, 127, 1, 0, 0.1, 2.83714e+06, 125.293
22646, 28677, 127, 1, 0, 0.1, 2.83726e+06, 125.293
22647, 24581, 127, 1, 0, 0.1, 2.83739e+06, 125.293
22648, 16389, 127, 3, 0, 0.1, 2.83752e+06, 125.293
22649, 24581, 127, 1, 0, 0.1, 2.83765e+06, 125.293
22650, 16389, 127, 3, 0, 0.1, 2.83777e+06, 125.294
22651, 24581, 127, 3, 0, 0.1, 2.8379e+06, 125.294
22652, 28677, 127, 1, 0, 0.1, 2.83803e+06, 125.294
22653, 24581, 127, 1, 0, 0.1, 2.83815e+06, 125.294
22654, 16389, 127, 1, 0, 0.1, 2.83828e+06, 125.294
22655, 16388, 127, 1, 0, 0.1, 2.83841e+06, 125.294
22656, 24581, 127, 3, 0, 0.1, 2.83854e+06, 125.294
22657, 16388, 127, 1, 0, 0.1, 2.83866e+06, 125.294
22658, 24581, 127, 3, 0, 0.1, 2.83879e+06, 125.294
22659, 16388, 127, 2, 0, 0.1, 2.83892e+06, 125.294
22660, 16388, 117, 0, 0, 0.1, 2.83903e+06, 125.294
22661, 10, 127, 3, 1, 0.1, 2.83916e+06, 125.294
22662, 10, 117, 2, 0, 0.1, 2.83928e+06, 125.294
22663, 16388, 127, 2, 0, 0.1, 2.8394e+06, 125.294
22664, 16388, 117, 3, 1, 0.1, 2.83952e+06, 125.293
22665, 16389, 127, 3, 0, 0.1, 2.83965e+06, 125.293
22666, 24581, 127, 1, 0, 0.1, 2.83978e+06, 125.293
22667, 16389, 127, 3, 0, 0.1, 2.8399e+06, 125.293
22668, 24581, 127, 3, 0, 0.1, 2.84003e+06, 125.294
22669, 28677, 127, 1, 0, 0.1, 2.84016e+06, 125.294
22670, 24581, 127, 3, 0, 0.1, 2.84028e+06, 125.294
22671, 28677, 127, 1, 0, 0.1, 2.84041e+06, 125.294
22672, 24581, 127, 1, 1, 0.1, 2.84054e+06, 125.294
22673, 16389, 127, 1, 0, 0.1, 2.84066e+06, 125.294
22674, 16388, 127, 0, 0, 0.1, 2.84079e+06, 125.294
22675, 10, 127, 2, 0, 0.1, 2.84092e+06, 125.294
22676, 16388, 127, 1, 0, 0.1, 2.84104e+06, 125.294
22677, 24581, 127, 1, 0, 0.1, 2.84117e+06, 125.294
22678, 29954, 127, 2, 0, 0.1, 2.8413e+06, 125.294
22679, 29962, 127, 0, 0, 0.1, 2.84143e+06, 125.294
22680, 29954, 127, 0, 0, 0.1, 2.84155e+06, 125.294
22681, 25866, 127, 2, 0, 0.1, 2.84168e+06, 125.295
22682, 29954, 127, 3, 0, 0.1, 2.84181e+06, 125.295
22683, 24581, 127, 3, 0, 0.1, 2.84193e+06, 125.295
22684, 16388, 127, 1, 0, 0.1, 2.84206e+06, 125.295
22685, 24581, 127, 3, 0, 0.1, 2.84219e+06, 125.295
22686, 16388, 127, 0, 0, 0.1, 2.84232e+06, 125.295
22687, 10, 127, 2, 0, 0.1, 2.84244e+06, 125.295
22688, 16388, 127, 1, 0, 0.1, 2.84257e+06, 125.295
22689, 24581, 127, 1, 0, 0.1, 2.8427e+06, 125.295
22690, 29954, 127, 3, 0, 0.1, 2.84282e+06, 125.295
22691, 24581, 127, 1, 0, 0.1, 2.84295e+06, 125.295
22692, 29954, 127, 0, 0, 0.1, 2.84308e+06, 125.295
22693, 25866, 127, 2, 0, 0.1, 2.8432e+06, 125.295
22694, 29954, 127, 3, 1, 0.1, 2.84333e+06, 125.296
22695, 24581, 127, 3, 0, 0.1, 2.84346e+06, 125.296
22696, 16388, 127, 1, 0, 0.1, 2.84358e+06, 125.296
22697, 24581, 127, 3, 0, 0.1, 2.84371e+06, 125.296
22698, 16388, 127, 0, 0, 0.1, 2.84384e+06, 125.296
22699, 10, 127, 0, 0, 0.1, 2.84397e+06, 125.296
22700, 10, 127, 2, 0, 0.1, 2.84409e+06, 125.296
22701, 10, 127, 2, 0, 0.1, 2.84422e+06, 125.296
22702, 16388, 127, 0, 0, 0.1, 2.84435e+06, 125.296
22703, 10, 127, 2, 0, 0.1, 2.84447e+06, 125.296
22704, 16388, 127, 1, 0, 0.1, 2.8446e+06, 125.296
22705, 24581, 127, 3, 0, 0.1, 2.84473e+06, 125.296
22706, 16388, 127, 2, 0, 0.1, 2.84486e+06, 125.296
22707, 16388, 117, 3, 0, 0.1, 2.84497e+06, 125.296
22708, 16389, 127, 1, 0, 0.1, 2.8451e+06, 125.296
22709, 16388, 127, 3, 0, 0.1, 2.84523e+06, 125.296
22710, 16389, 127, 2, 1, 0.1, 2.84535e+06, 125.296
22711, 16389, 117, 3, 0, 0.1, 2.84547e+06, 125.296
22712, 24581, 127, 1, 1, 0.1, 2.8456e+06, 125.296
22713, 16389, 127, 1, 0, 0.1, 2.84572e+06, 125.296
22714, 16388, 127, 1, 0, 0.1, 2.84585e+06, 125.296
22715, 24581, 127, 1, 0, 0.1, 2.84598e+06, 125.296
22716, 29970, 127, 0, 0, 0.1, 2.84610e+06, 125.296
22717, 25882, 127, 0, 0, 0.1, 2.84623e+06, 125.296
22718, 30488, 127, 1, 0, 0.1, 2.84636e+06, 125.296
22719, 29317, 127, 1, 0, 0.1, 2.84649e+06, 125.297
22720, 30082, 137, 2, 0, 0.1, 2.84662e+06, 125.297
22721, 29978, 127, 0, 0, 0.1, 2.84675e+06, 125.297
22722, 30018, 77, 2, 0, 0.1, 2.84683e+06, 125.295
22723, 30472, 127, 1, 0, 0.1, 2.84695e+06, 125.295
22724, 29189, 137, 1, 0, 0.1, 2.84709e+06, 125.296
22725, 29954, 137, 3, 0, 0.1, 2.84723e+06, 125.296
22726, 28677, 127, 3, 0, 0.1, 2.84736e+06, 125.296
22727, 29960, 127, 2, 0, 0.1, 2.84748e+06, 125.296
22728, 29962, 137, 3, 0, 0.1, 2.84762e+06, 125.297
22729, 29962, 117, 2, 0, 0.1, 2.84774e+06, 125.296
22730, 32002, 127, 3, 0, 0.1, 2.84786e+06, 125.296
22731, 30725, 137, 3, 0, 0.1, 2.848e+06, 125.297
22732, 30980, 137, 3, 0, 0.1, 2.84814e+06, 125.297
22733, 30725, 127, 3, 0, 0.1, 2.84826e+06, 125.298
22734, 30725, 127, 1, 0, 0.1, 2.84839e+06, 125.298
22735, 30725, 127, 3, 0, 0.1, 2.84852e+06, 125.298
22736, 30725, 127, 1, 0, 0.1, 2.84864e+06, 125.298
22737, 30725, 127, 1, 0, 0.1, 2.84877e+06, 125.298
22738, 30980, 127, 3, 0, 0.1, 2.8489e+06, 125.298
22739, 30725, 127, 1, 1, 0.1, 2.84903e+06, 125.298
22740, 30980, 127, 0, 0, 0.1, 2.84915e+06, 125.298
22741, 28938, 137, 1, 0, 0.1, 2.84929e+06, 125.299
22742, 28938, 117, 0, 0, 0.1, 2.84941e+06, 125.298
22743, 28938, 137, 2, 0, 0.1, 2.84954e+06, 125.299
22744, 28938, 127, 0, 0, 0.1, 2.84967e+06, 125.299
22745, 28938, 127, 0, 0, 0.1, 2.8498e+06, 125.299
22746, 28938, 137, 2, 0, 0.1, 2.84994e+06, 125.299
22747, 24842, 127, 0, 0, 0.1, 2.85006e+06, 125.299
22748, 28938, 127, 0, 1, 0.1, 2.85019e+06, 125.3
22749, 28938, 127, 0, 1, 0.1, 2.85032e+06, 125.3
22750, 28954, 137, 3, 1, 0.1, 2.85045e+06, 125.3
22751, 28938, 67, 3, 0, 0.1, 2.85052e+06, 125.298
22752, 29962, 117, 0, 0, 0.1, 2.85064e+06, 125.297
22753, 30472, 127, 0, 0, 0.1, 2.85076e+06, 125.297
22754, 29962, 127, 2, 0, 0.1, 2.85089e+06, 125.297
22755, 30472, 127, 1, 0, 0.1, 2.85102e+06, 125.297
22756, 29189, 137, 0, 0, 0.1, 2.85116e+06, 125.298
22757, 29189, 117, 1, 0, 0.1, 2.85127e+06, 125.298
22758, 29954, 137, 3, 0, 0.1, 2.85141e+06, 125.298
22759, 28677, 127, 3, 0, 0.1, 2.85154e+06, 125.298
22760, 29960, 127, 2, 0, 0.1, 2.85166e+06, 125.298
22761, 29962, 127, 0, 0, 0.1, 2.85179e+06, 125.298
22762, 29960, 127, 1, 0, 0.1, 2.85192e+06, 125.298
22763, 28677, 127, 1, 0, 0.1, 2.85204e+06, 125.298
22764, 29954, 127, 2, 0, 0.1, 2.85217e+06, 125.299
22765, 29962, 127, 2, 0, 0.1, 2.8523e+06, 125.299
22766, 32002, 137, 0, 0, 0.1, 2.85244e+06, 125.299
22767, 29962, 127, 0, 0, 0.1, 2.85256e+06, 125.299
22768, 29954, 127, 2, 0, 0.1, 2.85269e+06, 125.299
22769, 29962, 127, 2, 0, 0.1, 2.85282e+06, 125.299
22770, 32002, 127, 3, 0, 0.1, 2.85294e+06, 125.299
22771, 30725, 127, 3, 0, 0.1, 2.85307e+06, 125.3
22772, 29960, 137, 0, 0, 0.1, 2.85321e+06, 125.3
22773, 29962, 127, 2, 0, 0.1, 2.85333e+06, 125.3
22774, 29960, 127, 1, 0, 0.1, 2.85346e+06, 125.3
22775, 28677, 127, 0, 0, 0.1, 2.85359e+06, 125.3
22776, 28677, 117, 1, 0, 0.1, 2.85370e+06, 125.3
22777, 29954, 127, 2, 0, 0.1, 2.85383e+06, 125.3
22778, 29962, 137, 3, 0, 0.1, 2.85397e+06, 125.3
22779, 29962, 117, 0, 0, 0.1, 2.85409e+06, 125.3
22780, 29954, 127, 2, 0, 0.1, 2.85421e+06, 125.3
22781, 29962, 127, 0, 0, 0.1, 2.85434e+06, 125.3
22782, 29954, 127, 2, 0, 0.1, 2.85447e+06, 125.3
22783, 29962, 127, 2, 0, 0.1, 2.85459e+06, 125.3
22784, 29448, 137, 2, 0, 0.1, 2.85473e+06, 125.301
22785, 28938, 127, 2, 0, 0.1, 2.85486e+06, 125.301
22786, 31492, 127, 0, 0, 0.1, 2.85498e+06, 125.301
22787, 28938, 127, 0, 0, 0.1, 2.85511e+06, 125.301
22788, 29448, 127, 2, 0, 0.1, 2.85524e+06, 125.301
22789, 28938, 127, 2, 0, 0.1, 2.85537e+06, 125.301
22790, 31492, 127, 3, 0, 0.1, 2.85549e+06, 125.301
22791, 31237, 137, 3, 0, 0.1, 2.85563e+06, 125.302
22792, 28416, 137, 3, 0, 0.1, 2.85577e+06, 125.302
22793, 27141, 127, 1, 0, 0.1, 2.85589e+06, 125.302
22794, 28416, 127, 1, 0, 0.1, 2.85602e+06, 125.303
22795, 31237, 127, 0, 0, 0.1, 2.85615e+06, 125.303
22796, 31237, 117, 1, 0, 0.1, 2.85626e+06, 125.302
22797, 31492, 127, 3, 0, 0.1, 2.85639e+06, 125.302
22798, 31237, 127, 2, 0, 0.1, 2.85652e+06, 125.302
22799, 31237, 117, 1, 0, 0.1, 2.85664e+06, 125.302
22800, 31492, 127, 3, 1, 0.1, 2.85676e+06, 125.302
22801, 31237, 127, 1, 0, 0.1, 2.85689e+06, 125.302
22802, 31492, 127, 0, 0, 0.1, 2.85702e+06, 125.302
22803, 28938, 127, 2, 0, 0.1, 2.85714e+06, 125.302
22804, 31492, 127, 0, 0, 0.1, 2.85727e+06, 125.302
22805, 28938, 127, 0, 0, 0.1, 2.8574e+06, 125.302
22806, 29448, 127, 1, 0, 0.1, 2.85752e+06, 125.303
22807, 24581, 137, 1, 0, 0.1, 2.85766e+06, 125.303
22808, 28934, 127, 3, 0, 0.1, 2.85779e+06, 125.303
22809, 24581, 127, 3, 0, 0.1, 2.85792e+06, 125.303
22810, 24840, 127, 1, 0, 0.1, 2.85804e+06, 125.303
22811, 24581, 127, 1, 0, 0.1, 2.85817e+06, 125.303
22812, 28934, 127, 3, 0, 0.1, 2.8583e+06, 125.303
22813, 24581, 127, 3, 0, 0.1, 2.85842e+06, 125.304
22814, 24840, 127, 0, 0, 0.1, 2.85855e+06, 125.304
22815, 16650, 127, 2, 0, 0.1, 2.85868e+06, 125.304
22816, 24840, 127, 2, 0, 0.1, 2.85880e+06, 125.304
22817, 28938, 127, 2, 0, 0.1, 2.85893e+06, 125.304
22818, 31620, 127, 0, 0, 0.1, 2.85906e+06, 125.304
22819, 28938, 127, 0, 0, 0.1, 2.85919e+06, 125.304
22820, 24840, 127, 1, 0, 0.1, 2.85931e+06, 125.304
22821, 24581, 127, 1, 0, 0.1, 2.85944e+06, 125.304
22822, 28934, 127, 0, 0, 0.1, 2.85957e+06, 125.304
22823, 28938, 127, 0, 0, 0.1, 2.85969e+06, 125.304
22824, 29193, 137, 1, 0, 0.1, 2.85983e+06, 125.305
22825, 24581, 137, 1, 0, 0.1, 2.85997e+06, 125.305
22826, 29954, 127, 2, 0, 0.1, 2.8601e+06, 125.305
22827, 29962, 127, 2, 0, 0.1, 2.86022e+06, 125.305
22828, 25866, 137, 0, 0, 0.1, 2.86036e+06, 125.306
22829, 17674, 127, 2, 0, 0.1, 2.86049e+06, 125.306
22830, 25866, 127, 2, 0, 0.1, 2.86061e+06, 125.306
22831, 29962, 127, 2, 0, 0.1, 2.86074e+06, 125.306
22832, 29962, 127, 0, 0, 0.1, 2.86087e+06, 125.306
22833, 29962, 127, 2, 0, 0.1, 2.86099e+06, 125.306
22834, 29962, 127, 2, 0, 0.1, 2.86112e+06, 125.306
22835, 29962, 137, 1, 1, 0.1, 2.86126e+06, 125.307
22836, 29962, 117, 0, 0, 0.1, 2.86138e+06, 125.307
22837, 29962, 127, 2, 0, 0.1, 2.8615e+06, 125.307
22838, 29962, 127, 2, 0, 0.1, 2.86163e+06, 125.307
22839, 29962, 137, 0, 0, 0.1, 2.86177e+06, 125.307
22840, 29962, 127, 2, 0, 0.1, 2.86189e+06, 125.307
22841, 29962, 127, 2, 0, 0.1, 2.86202e+06, 125.307
22842, 30982, 137, 1, 0, 0.1, 2.86216e+06, 125.308
22843, 30982, 117, 0, 0, 0.1, 2.86227e+06, 125.308
22844, 28938, 127, 0, 0, 0.1, 2.8624e+06, 125.308
22845, 24842, 127, 0, 0, 0.1, 2.86253e+06, 125.308
22846, 16650, 127, 2, 0, 0.1, 2.86266e+06, 125.308
22847, 24842, 127, 0, 0, 0.1, 2.86278e+06, 125.308
22848, 16650, 127, 2, 0, 0.1, 2.86291e+06, 125.308
22849, 24842, 127, 0, 0, 0.1, 2.86304e+06, 125.308
22850, 16650, 127, 0, 0, 0.1, 2.86316e+06, 125.308
22851, 266, 127, 2, 0, 0.1, 2.86329e+06, 125.308
22852, 16650, 127, 2, 1, 0.1, 2.86342e+06, 125.308
22853, 24842, 127, 2, 0, 0.1, 2.86354e+06, 125.308
22854, 28938, 127, 2, 0, 0.1, 2.86367e+06, 125.308
22855, 30982, 127, 0, 0, 0.1, 2.8638e+06, 125.308
22856, 28938, 127, 0, 0, 0.1, 2.86392e+06, 125.308
22857, 24842, 127, 0, 0, 0.1, 2.86405e+06, 125.309
22858, 16650, 127, 0, 0, 0.1, 2.86418e+06, 125.309
22859, 266, 127, 0, 0, 0.1, 2.86431e+06, 125.309
22860, 266, 127, 0, 0, 0.1, 2.86443e+06, 125.309
22861, 16650, 127, 0, 0, 0.1, 2.86456e+06, 125.309
22862, 24834, 127, 2, 0, 0.1, 2.86469e+06, 125.309
22863, 16650, 127, 2, 0, 0.1, 2.86481e+06, 125.309
22864, 266, 127, 2, 0, 0.1, 2.86494e+06, 125.309
22865, 266, 127, 2, 0, 0.1, 2.86507e+06, 125.309
22866, 16650, 127, 1, 0, 0.1, 2.8652e+06, 125.309
22867, 16650, 117, 0, 0, 0.1, 2.86531e+06, 125.309
22868, 266, 127, 0, 1, 0.1, 2.86544e+06, 125.309
22869, 266, 127, 0, 0, 0.1, 2.86557e+06, 125.309
22870, 16650, 127, 2, 0, 0.1, 2.86569e+06, 125.309
22871, 266, 127, 0, 0, 0.1, 2.86582e+06, 125.309
22872, 16650, 127, 2, 0, 0.1, 2.86595e+06, 125.309
22873, 266, 127, 2, 0, 0.1, 2.86607e+06, 125.309
22874, 266, 127, 2, 0, 0.1, 2.8662e+06, 125.309
22875, 16650, 127, 2, 0, 0.1, 2.86633e+06, 125.309
22876, 24842, 127, 0, 0, 0.1, 2.86646e+06, 125.31
22877, 16650, 127, 2, 0, 0.1, 2.86658e+06, 125.31
22878, 24842, 127, 1, 0, 0.1, 2.86671e+06, 125.31
22879, 24842, 117, 2, 0, 0.1, 2.86683e+06, 125.309
22880, 28938, 127, 2, 0, 0.1, 2.86695e+06, 125.309
22881, 30982, 127, 3, 1, 0.1, 2.86708e+06, 125.309
22882, 28677, 137, 1, 0, 0.1, 2.86722e+06, 125.31
22883, 24838, 127, 2, 0, 0.1, 2.86734e+06, 125.31
22884, 24838, 117, 0, 0, 0.1, 2.86746e+06, 125.31
22885, 16650, 127, 2, 0, 0.1, 2.86759e+06, 125.31
22886, 24838, 127, 0, 0, 0.1, 2.86772e+06, 125.31
22887, 16650, 127, 3, 0, 0.1, 2.86784e+06, 125.31
22888, 16650, 117, 0, 0, 0.1, 2.86796e+06, 125.31
22889, 266, 127, 2, 0, 0.1, 2.86809e+06, 125.31
22890, 16650, 127, 0, 0, 0.1, 2.86821e+06, 125.31
22891, 266, 127, 2, 0, 0.1, 2.86834e+06, 125.31
22892, 16650, 127, 0, 0, 0.1, 2.86847e+06, 125.31
22893, 266, 127, 0, 0, 0.1, 2.86859e+06, 125.31
22894, 266, 127, 2, 0, 0.1, 2.86872e+06, 125.31
22895, 266, 127, 3, 1, 0.1, 2.86885e+06, 125.31
22896, 266, 117, 2, 0, 0.1, 2.86896e+06, 125.31
22897, 16650, 127, 2, 0, 0.1, 2.86909e+06, 125.31
22898, 24838, 127, 3, 0, 0.1, 2.86922e+06, 125.31
22899, 28677, 127, 3, 0, 0.1, 2.86935e+06, 125.31
22900, 28940, 127, 1, 0, 0.1, 2.86947e+06, 125.31
22901, 28677, 127, 3, 0, 0.1, 2.8696e+06, 125.31
22902, 28940, 127, 1, 0, 0.1, 2.86973e+06, 125.31
22903, 28677, 127, 3, 0, 0.1, 2.86985e+06, 125.31
22904, 28940, 127, 0, 0, 0.1, 2.86998e+06, 125.31
22905, 30978, 137, 3, 0, 0.1, 2.87012e+06, 125.311
22906, 30725, 127, 1, 0, 0.1, 2.87024e+06, 125.311
22907, 30978, 127, 3, 0, 0.1, 2.87037e+06, 125.311
22908, 30725, 127, 0, 0, 0.1, 2.8705e+06, 125.311
22909, 30725, 117, 1, 0, 0.1, 2.87062e+06, 125.311
22910, 30994, 127, 1, 0, 0.1, 2.87074e+06, 125.311
22911, 30994, 117, 0, 0, 0.1, 2.87086e+06, 125.31
22912, 29002, 77, 2, 0, 0.1, 2.87094e+06, 125.308
22913, 30472, 137, 1, 0, 0.1, 2.87107e+06, 125.309
22914, 29189, 127, 3, 0, 0.1, 2.8712e+06, 125.309
22915, 30472, 127, 1, 0, 0.1, 2.87133e+06, 125.309
22916, 29189, 127, 3, 0, 0.1, 2.87146e+06, 125.309
22917, 30472, 127, 1, 0, 0.1, 2.87158e+06, 125.309
22918, 29189, 127, 1, 0, 0.1, 2.87171e+06, 125.309
22919, 29954, 137, 3, 0, 0.1, 2.87185e+06, 125.31
22920, 28677, 127, 3, 0, 0.1, 2.87197e+06, 125.31
22921, 29960, 127, 0, 0, 0.1, 2.8721e+06, 125.31
22922, 29962, 127, 0, 0, 0.1, 2.87223e+06, 125.31
22923, 30472, 127, 0, 0, 0.1, 2.87235e+06, 125.31
22924, 29962, 137, 0, 1, 0.1, 2.87249e+06, 125.31
22925, 32002, 127, 2, 0, 0.1, 2.87262e+06, 125.311
22926, 29962, 127, 0, 0, 0.1, 2.87274e+06, 125.311
22927, 32002, 127, 2, 0, 0.1, 2.87287e+06, 125.311
22928, 29962, 127, 2, 0, 0.1, 2.873e+06, 125.311
22929, 30472, 127, 2, 0, 0.1, 2.87313e+06, 125.311
22930, 29962, 127, 2, 0, 0.1, 2.87325e+06, 125.311
22931, 29960, 127, 1, 0, 0.1, 2.87338e+06, 125.311
22932, 28677, 127, 1, 0, 0.1, 2.87351e+06, 125.311
22933, 29954, 127, 3, 0, 0.1, 2.87363e+06, 125.311
22934, 28677, 127, 2, 1, 0.1, 2.87376e+06, 125.311
22935, 28677, 117, 3, 0, 0.1, 2.87388e+06, 125.311
22936, 29960, 127, 2, 0, 0.1, 2.87400e+06, 125.311
22937, 29962, 137, 2, 0, 0.1, 2.87414e+06, 125.311
22938, 32002, 137, 0, 0, 0.1, 2.87428e+06, 125.312
22939, 29962, 127, 2, 0, 0.1, 2.87441e+06, 125.312
22940, 32002, 127, 3, 0, 0.1, 2.87453e+06, 125.312
22941, 30725, 127, 3, 0, 0.1, 2.87466e+06, 125.312
22942, 26884, 137, 0, 0, 0.1, 2.8748e+06, 125.313
22943, 16650, 127, 0, 0, 0.1, 2.87492e+06, 125.313
22944, 16650, 127, 0, 0, 0.1, 2.87505e+06, 125.313
22945, 24842, 127, 0, 0, 0.1, 2.87518e+06, 125.313
22946, 28938, 127, 0, 0, 0.1, 2.87530e+06, 125.313
22947, 28938, 127, 2, 0, 0.1, 2.87543e+06, 125.313
22948, 28938, 127, 2, 0, 0.1, 2.87556e+06, 125.313
22949, 24858, 127, 2, 0, 0.1, 2.87569e+06, 125.313
22950, 16666, 127, 2, 0, 0.1, 2.87581e+06, 125.313
22951, 16666, 127, 0, 0, 0.1, 2.87594e+06, 125.313
22952, 16666, 127, 0, 0, 0.1, 2.87607e+06, 125.313
22953, 24906, 77, 0, 0, 0.1, 2.87614e+06, 125.311
22954, 30472, 127, 1, 0, 0.1, 2.87627e+06, 125.311
22955, 29189, 127, 3, 1, 0.1, 2.8764e+06, 125.311
22956, 30472, 127, 1, 0, 0.1, 2.87652e+06, 125.311
22957, 29189, 127, 1, 0, 0.1, 2.87665e+06, 125.312
22958, 29954, 137, 3, 0, 0.1, 2.87679e+06, 125.312
22959, 28677, 127, 1, 0, 0.1, 2.87692e+06, 125.312
22960, 29954, 127, 2, 0, 0.1, 2.87704e+06, 125.312
22961, 29962, 127, 2, 0, 0.1, 2.87717e+06, 125.312
22962, 32002, 137, 2, 0, 0.1, 2.87731e+06, 125.313
22963, 29962, 127, 2, 0, 0.1, 2.87743e+06, 125.313
22964, 30472, 127, 2, 0, 0.1, 2.87756e+06, 125.313
22965, 28938, 137, 1, 0, 0.1, 2.8777e+06, 125.313
22966, 28938, 117, 2, 0, 0.1, 2.87782e+06, 125.313
22967, 31492, 127, 3, 0, 0.1, 2.87794e+06, 125.313
22968, 31237, 127, 3, 0, 0.1, 2.87807e+06, 125.313
22969, 32512, 137, 2, 0, 0.1, 2.87821e+06, 125.314
22970, 29962, 127, 2, 0, 0.1, 2.87833e+06, 125.314
22971, 24842, 137, 3, 0, 0.1, 2.87847e+06, 125.314
22972, 24842, 117, 0, 0, 0.1, 2.87859e+06, 125.314
22973, 28938, 127, 2, 0, 0.1, 2.87871e+06, 125.314
22974, 24842, 127, 0, 0, 0.1, 2.87884e+06, 125.314
22975, 28938, 127, 2, 0, 0.1, 2.87897e+06, 125.314
22976, 24842, 127, 2, 0, 0.1, 2.8791e+06, 125.314
22977, 28940, 127, 1, 0, 0.1, 2.87922e+06, 125.314
22978, 28677, 127, 3, 0, 0.1, 2.87935e+06, 125.314
22979, 28940, 127, 0, 0, 0.1, 2.87948e+06, 125.314
22980, 24842, 127, 3, 0, 0.1, 2.8796e+06, 125.315
22981, 24842, 117, 3, 0, 0.1, 2.87972e+06, 125.314
22982, 24842, 117, 2, 0, 0.1, 2.87984e+06, 125.314
22983, 28940, 127, 0, 0, 0.1, 2.87996e+06, 125.314
22984, 24842, 127, 2, 0, 0.1, 2.88009e+06, 125.314
22985, 28940, 127, 2, 0, 0.1, 2.88022e+06, 125.314
22986, 28940, 117, 2, 1, 0.1, 2.88034e+06, 125.314
22987, 28940, 117, 3, 1, 0.1, 2.88045e+06, 125.313
22988, 28940, 117, 0, 0, 0.1, 2.88057e+06, 125.313
22989, 24842, 127, 2, 0, 0.1, 2.8807e+06, 125.313
22990, 28940, 127, 1, 0, 0.1, 2.88082e+06, 125.313
22991, 28677, 127, 1, 0, 0.1, 2.88095e+06, 125.313
22992, 61702, 137, 2, 0, 0.1, 2.88109e+06, 125.314
22993, 61702, 117, 2, 0, 0.1, 2.8812e+06, 125.313
22994, 61702, 117, 1, 0, 0.1, 2.88132e+06, 125.313
22995, 61702, 117, 0, 0, 0.1, 2.88144e+06, 125.313
22996, 61961, 137, 1, 0, 0.1, 2.88158e+06, 125.313
22997, 57349, 137, 3, 0, 0.1, 2.88171e+06, 125.314
22998, 49161, 127, 1, 1, 0.1, 2.88184e+06, 125.314
22999, 57349, 127, 1, 0, 0.1, 2.88197e+06, 125.314
23000, 61698, 127, 1, 1, 0.1, 2.88209e+06, 125.314
23001, 61698, 117, 1, 0, 0.1, 2.88221e+06, 125.313
23002, 61698, 117, 2, 0, 0.1, 2.88233e+06, 125.313
23003, 62220, 127, 0, 0, 0.1, 2.88245e+06, 125.313
23004, 61698, 127, 3, 0, 0.1, 2.88258e+06, 125.313
23005, 57349, 127, 1, 0, 0.1, 2.88271e+06, 125.313
23006, 61698, 127, 0, 0, 0.1, 2.88284e+06, 125.313
23007, 61706, 127, 0, 0, 0.1, 2.88296e+06, 125.313
23008, 34819, 137, 2, 0, 0.1, 2.8831e+06, 125.314
23009, 49162, 127, 2, 0, 0.1, 2.88323e+06, 125.314
23010, 57346, 127, 0, 0, 0.1, 2.88335e+06, 125.314
23011, 49162, 127, 0, 0, 0.1, 2.88348e+06, 125.314
23012, 34819, 127, 0, 0, 0.1, 2.88361e+06, 125.314
23013, 34819, 117, 1, 0, 0.1, 2.88372e+06, 125.314
23014, 34819, 117, 2, 0, 0.1, 2.88384e+06, 125.314
23015, 49162, 127, 0, 0, 0.1, 2.88397e+06, 125.314
23016, 34819, 127, 2, 0, 0.1, 2.8841e+06, 125.314
23017, 49162, 127, 0, 0, 0.1, 2.88422e+06, 125.314
23018, 34819, 127, 2, 1, 0.1, 2.88435e+06, 125.314
23019, 49162, 127, 0, 0, 0.1, 2.88448e+06, 125.314
23020, 34819, 127, 2, 1, 0.1, 2.8846e+06, 125.314
23021, 49162, 127, 1, 0, 0.1, 2.88473e+06, 125.314
23022, 49162, 117, 0, 0, 0.1, 2.88485e+06, 125.314
23023, 34819, 127, 0, 0, 0.1, 2.88497e+06, 125.314
23024, 34819, 117, 1, 0, 0.1, 2.88509e+06, 125.313
23025, 34819, 117, 0, 0, 0.1, 2.88521e+06, 125.313
23026, 34819, 117, 1, 0, 0.1, 2.88532e+06, 125.313
23027, 34819, 117, 1, 0, 0.1, 2.88544e+06, 125.312
23028, 34819, 117, 2, 1, 0.1, 2.88556e+06, 125.312
23029, 49162, 127, 2, 0, 0.1, 2.88569e+06, 125.312
23030, 57346, 127, 0, 0, 0.1, 2.88581e+06, 125.312
23031, 49162, 127, 1, 0, 0.1, 2.88594e+06, 125.312
23032, 49162, 117, 2, 0, 0.1, 2.88606e+06, 125.312
23033, 57346, 127, 2, 0, 0.1, 2.88618e+06, 125.312
23034, 61964, 127, 3, 0, 0.1, 2.88631e+06, 125.312
23035, 61964, 117, 1, 0, 0.1, 2.88643e+06, 125.312
23036, 61957, 127, 2, 0, 0.1, 2.88656e+06, 125.312
23037, 61957, 117, 1, 0, 0.1, 2.88667e+06, 125.311
23038, 61702, 137, 2, 1, 0.1, 2.88681e+06, 125.312
23039, 61702, 117, 1, 1, 0.1, 2.88693e+06, 125.311
23040, 61702, 117, 0, 0, 0.1, 2.88704e+06, 125.311
23041, 61706, 127, 0, 0, 0.1, 2.88717e+06, 125.311
23042, 61706, 137, 1, 0, 0.1, 2.88731e+06, 125.312
23043, 61706, 117, 0, 0, 0.1, 2.88742e+06, 125.311
23044, 61706, 137, 1, 0, 0.1, 2.88756e+06, 125.312
23045, 61706, 117, 0, 0, 0.1, 2.88768e+06, 125.311
23046, 61706, 127, 1, 0, 0.1, 2.88780e+06, 125.312
23047, 61706, 117, 0, 0, 0.1, 2.88792e+06, 125.311
23048, 57610, 137, 0, 0, 0.1, 2.88806e+06, 125.312
23049, 61706, 127, 0, 0, 0.1, 2.88819e+06, 125.312
23050, 63746, 127, 0, 0, 0.1, 2.88831e+06, 125.312
23051, 61706, 137, 3, 0, 0.1, 2.88845e+06, 125.312
23052, 61706, 117, 3, 0, 0.1, 2.88857e+06, 125.312
23053, 61706, 117, 2, 0, 0.1, 2.88868e+06, 125.312
23054, 63746, 127, 1, 0, 0.1, 2.88881e+06, 125.312
23055, 63746, 117, 3, 0, 0.1, 2.88893e+06, 125.311
23056, 63493, 137, 3, 0, 0.1, 2.88906e+06, 125.312
23057, 62473, 137, 2, 0, 0.1, 2.8892e+06, 125.312
23058, 61450, 137, 2, 0, 0.1, 2.88934e+06, 125.313
23059, 63494, 127, 1, 0, 0.1, 2.88947e+06, 125.313
23060, 63494, 117, 3, 0, 0.1, 2.88958e+06, 125.313
23061, 49157, 137, 3, 0, 0.1, 2.88972e+06, 125.313
23062, 57624, 127, 1, 1, 0.1, 2.88985e+06, 125.313
23063, 49157, 127, 0, 0, 0.1, 2.88997e+06, 125.313
23064, 49157, 117, 1, 0, 0.1, 2.89009e+06, 125.313
23065, 32774, 127, 3, 0, 0.1, 2.89022e+06, 125.313
23066, 49157, 127, 0, 0, 0.1, 2.89034e+06, 125.313
23067, 49157, 117, 0, 0, 0.1, 2.89046e+06, 125.313
23068, 49157, 117, 2, 0, 0.1, 2.89058e+06, 125.312
23069, 49157, 117, 2, 0, 0.1, 2.8907e+06, 125.312
23070, 49157, 117, 2, 0, 0.1, 2.89081e+06, 125.312
23071, 49157, 117, 2, 0, 0.1, 2.89093e+06, 125.311
23072, 49157, 117, 3, 0, 0.1, 2.89105e+06, 125.311
23073, 57624, 127, 0, 0, 0.1, 2.89117e+06, 125.311
23074, 61722, 127, 2, 0, 0.1, 2.8913e+06, 125.311
23075, 57608, 127, 2, 0, 0.1, 2.89143e+06, 125.311
23076, 49434, 127, 0, 0, 0.1, 2.89156e+06, 125.311
23077, 57624, 127, 2, 0, 0.1, 2.89168e+06, 125.311
23078, 49434, 127, 0, 0, 0.1, 2.89181e+06, 125.311
23079, 57624, 127, 0, 0, 0.1, 2.89194e+06, 125.311
23080, 61722, 127, 0, 0, 0.1, 2.89206e+06, 125.311
23081, 63762, 127, 3, 0, 0.1, 2.89219e+06, 125.312
23082, 61445, 137, 1, 0, 0.1, 2.89233e+06, 125.312
23083, 57618, 127, 3, 0, 0.1, 2.89245e+06, 125.312
23084, 61445, 127, 3, 0, 0.1, 2.89258e+06, 125.312
23085, 62728, 127, 3, 0, 0.1, 2.89271e+06, 125.312
23086, 62728, 117, 0, 0, 0.1, 2.89282e+06, 125.312
23087, 62730, 127, 0, 0, 0.1, 2.89295e+06, 125.312
23088, 62728, 127, 3, 0, 0.1, 2.89308e+06, 125.312
23089, 62728, 117, 1, 0, 0.1, 2.8932e+06, 125.312
23090, 61445, 127, 2, 0, 0.1, 2.89332e+06, 125.312
23091, 61445, 117, 3, 0, 0.1, 2.89344e+06, 125.311
23092, 29960, 127, 0, 0, 0.1, 2.89357e+06, 125.311
23093, 29962, 137, 2, 0, 0.1, 2.8937e+06, 125.312
23094, 29960, 127, 1, 0, 0.1, 2.89383e+06, 125.312
23095, 28677, 127, 3, 0, 0.1, 2.89396e+06, 125.312
23096, 29992, 127, 2, 0, 0.1, 2.89408e+06, 125.312
23097, 29962, 127, 2, 0, 0.1, 2.89421e+06, 125.312
23098, 29976, 127, 0, 0, 0.1, 2.89434e+06, 125.312
23099, 29962, 77, 2, 0, 0.1, 2.89442e+06, 125.31
23100, 30472, 137, 2, 0, 0.1, 2.89455e+06, 125.311
23101, 29962, 127, 2, 0, 0.1, 2.89468e+06, 125.311
23102, 32002, 127, 2, 0, 0.1, 2.89481e+06, 125.311
23103, 29962, 127, 0, 0, 0.1, 2.89493e+06, 125.311
23104, 32002, 127, 3, 0, 0.1, 2.89506e+06, 125.311
23105, 30725, 137, 3, 0, 0.1, 2.8952e+06, 125.312
23106, 30980, 137, 0, 0, 0.1, 2.89534e+06, 125.312
23107, 28938, 127, 0, 0, 0.1, 2.89546e+06, 125.312
23108, 28938, 137, 1, 1, 0.1, 2.8956e+06, 125.313
23109, 28938, 117, 2, 0, 0.1, 2.89572e+06, 125.312
23110, 24842, 127, 2, 0, 0.1, 2.89584e+06, 125.312
23111, 30980, 127, 3, 0, 0.1, 2.89597e+06, 125.312
23112, 30725, 127, 1, 0, 0.1, 2.8961e+06, 125.312
23113, 30980, 127, 3, 1, 0.1, 2.89622e+06, 125.313
23114, 30725, 127, 3, 0, 0.1, 2.89635e+06, 125.313
23115, 30725, 137, 3, 0, 0.1, 2.89649e+06, 125.313
23116, 30725, 127, 3, 0, 0.1, 2.89662e+06, 125.313
23117, 28940, 137, 0, 0, 0.1, 2.89675e+06, 125.314
23118, 28954, 137, 0, 0, 0.1, 2.89689e+06, 125.314
23119, 31552, 77, 2, 0, 0.1, 2.89697e+06, 125.312
23120, 30472, 137, 1, 1, 0.1, 2.8971e+06, 125.313
23121, 28677, 137, 1, 0, 0.1, 2.89724e+06, 125.313
23122, 25858, 127, 2, 0, 0.1, 2.89737e+06, 125.313
23123, 29962, 127, 0, 0, 0.1, 2.89749e+06, 125.313
23124, 25858, 127, 3, 0, 0.1, 2.89762e+06, 125.313
23125, 28677, 127, 1, 0, 0.1, 2.89775e+06, 125.313
23126, 25858, 127, 3, 0, 0.1, 2.89788e+06, 125.314
23127, 28677, 127, 3, 0, 0.1, 2.898e+06, 125.314
23128, 29960, 127, 1, 0, 0.1, 2.89813e+06, 125.314
23129, 28677, 127, 3, 0, 0.1, 2.89826e+06, 125.314
23130, 29960, 127, 2, 0, 0.1, 2.89838e+06, 125.314
23131, 29962, 137, 2, 1, 0.1, 2.89852e+06, 125.314
23132, 32002, 137, 2, 0, 0.1, 2.89866e+06, 125.315
23133, 29962, 137, 0, 0, 0.1, 2.89879e+06, 125.315
23134, 27906, 127, 0, 0, 0.1, 2.89892e+06, 125.315
23135, 25866, 127, 2, 0, 0.1, 2.89905e+06, 125.315
23136, 27906, 127, 2, 0, 0.1, 2.89918e+06, 125.316
23137, 29962, 127, 0, 0, 0.1, 2.8993e+06, 125.316
23138, 27906, 127, 2, 0, 0.1, 2.89943e+06, 125.316
23139, 29962, 127, 2, 0, 0.1, 2.89956e+06, 125.316
23140, 32512, 127, 2, 0, 0.1, 2.89968e+06, 125.316
23141, 29962, 137, 0, 0, 0.1, 2.89982e+06, 125.316
23142, 32512, 127, 2, 0, 0.1, 2.89995e+06, 125.316
23143, 29962, 127, 2, 0, 0.1, 2.90007e+06, 125.316
23144, 29962, 137, 2, 0, 0.1, 2.90021e+06, 125.317
23145, 28940, 137, 2, 0, 0.1, 2.90035e+06, 125.317
23146, 28940, 117, 1, 0, 0.1, 2.90046e+06, 125.317
23147, 28677, 127, 3, 0, 0.1, 2.90059e+06, 125.317
23148, 28940, 127, 2, 0, 0.1, 2.90072e+06, 125.317
23149, 28940, 117, 0, 0, 0.1, 2.90084e+06, 125.317
23150, 24842, 127, 2, 0, 0.1, 2.90096e+06, 125.317
23151, 28940, 127, 1, 0, 0.1, 2.90109e+06, 125.317
23152, 28677, 127, 3, 0, 0.1, 2.90122e+06, 125.317
23153, 28940, 127, 0, 0, 0.1, 2.90134e+06, 125.317
23154, 24842, 127, 0, 0, 0.1, 2.90147e+06, 125.317
23155, 28938, 127, 0, 0, 0.1, 2.9016e+06, 125.317
23156, 31488, 127, 2, 0, 0.1, 2.90172e+06, 125.317
23157, 28938, 127, 2, 0, 0.1, 2.90185e+06, 125.317
23158, 24858, 127, 2, 0, 0.1, 2.90198e+06, 125.318
23159, 28956, 127, 3, 1, 0.1, 2.90211e+06, 125.318
23160, 28956, 117, 0, 0, 0.1, 2.90222e+06, 125.317
23161, 24858, 127, 2, 0, 0.1, 2.90235e+06, 125.317
23162, 28956, 127, 2, 0, 0.1, 2.90248e+06, 125.317
23163, 28940, 67, 3, 0, 0.1, 2.90254e+06, 125.315
23164, 29962, 117, 2, 0, 0.1, 2.90266e+06, 125.315
23165, 30472, 137, 2, 0, 0.1, 2.9028e+06, 125.315
23166, 29962, 137, 2, 0, 0.1, 2.90294e+06, 125.316
23167, 32002, 137, 3, 0, 0.1, 2.90307e+06, 125.316
23168, 30725, 137, 3, 0, 0.1, 2.90321e+06, 125.317
23169, 30980, 127, 3, 0, 0.1, 2.90334e+06, 125.317
23170, 30725, 127, 3, 0, 0.1, 2.90346e+06, 125.317
23171, 30725, 137, 3, 1, 0.1, 2.9036e+06, 125.317
23172, 30725, 127, 3, 1, 0.1, 2.90373e+06, 125.317
23173, 28940, 137, 2, 0, 0.1, 2.90386e+06, 125.318
23174, 28956, 117, 1, 0, 0.1, 2.90398e+06, 125.317
23175, 28677, 127, 1, 0, 0.1, 2.90411e+06, 125.318
23176, 24709, 127, 0, 0, 0.1, 2.90424e+06, 125.318
23177, 24709, 117, 3, 0, 0.1, 2.90435e+06, 125.317
23178, 28709, 77, 2, 1, 0.1, 2.90443e+06, 125.315
23179, 30472, 127, 2, 0, 0.1, 2.90456e+06, 125.315
23180, 29962, 137, 2, 0, 0.1, 2.90469e+06, 125.316
23181, 32002, 127, 0, 0, 0.1, 2.90482e+06, 125.316
23182, 29962, 127, 0, 0, 0.1, 2.90495e+06, 125.316
23183, 30472, 127, 1, 0, 0.1, 2.90507e+06, 125.316
23184, 29189, 127, 3, 0, 0.1, 2.9052e+06, 125.316
23185, 30472, 127, 1, 0, 0.1, 2.90533e+06, 125.316
23186, 29189, 127, 3, 1, 0.1, 2.90546e+06, 125.316
23187, 30472, 127, 0, 0, 0.1, 2.90558e+06, 125.316
23188, 29962, 127, 2, 0, 0.1, 2.90571e+06, 125.316
23189, 30472, 127, 1, 0, 0.1, 2.90584e+06, 125.316
23190, 29189, 127, 1, 0, 0.1, 2.90596e+06, 125.316
23191, 29954, 137, 2, 0, 0.1, 2.9061e+06, 125.317
23192, 29962, 127, 0, 0, 0.1, 2.90623e+06, 125.317
23193, 29954, 127, 3, 0, 0.1, 2.90635e+06, 125.317
23194, 24581, 127, 1, 0, 0.1, 2.90648e+06, 125.317
23195, 29954, 127, 2, 0, 0.1, 2.90661e+06, 125.317
23196, 29962, 127, 2, 0, 0.1, 2.90674e+06, 125.317
23197, 30472, 127, 1, 0, 0.1, 2.90686e+06, 125.317
23198, 29189, 127, 0, 1, 0.1, 2.90699e+06, 125.317
23199, 29189, 117, 2, 0, 0.1, 2.90711e+06, 125.317
23200, 29189, 117, 1, 0, 0.1, 2.90722e+06, 125.317
23201, 28934, 137, 3, 0, 0.1, 2.90736e+06, 125.317
23202, 28677, 127, 3, 0, 0.1, 2.90749e+06, 125.317
23203, 29960, 127, 2, 0, 0.1, 2.90761e+06, 125.317
23204, 29962, 137, 3, 0, 0.1, 2.90775e+06, 125.318
23205, 29962, 117, 2, 0, 0.1, 2.90787e+06, 125.318
23206, 31492, 137, 3, 0, 0.1, 2.90800e+06, 125.318
23207, 31237, 127, 3, 0, 0.1, 2.90813e+06, 125.318
23208, 32512, 137, 1, 0, 0.1, 2.90827e+06, 125.319
23209, 31237, 127, 1, 0, 0.1, 2.9084e+06, 125.319
23210, 31492, 127, 1, 0, 0.1, 2.90852e+06, 125.319
23211, 30725, 137, 1, 0, 0.1, 2.90866e+06, 125.319
23212, 31747, 127, 3, 0, 0.1, 2.90879e+06, 125.319
23213, 30725, 127, 3, 0, 0.1, 2.90891e+06, 125.319
23214, 26884, 127, 0, 0, 0.1, 2.90904e+06, 125.319
23215, 16650, 127, 2, 0, 0.1, 2.90917e+06, 125.32
23216, 26884, 127, 0, 0, 0.1, 2.9093e+06, 125.32
23217, 16650, 127, 2, 0, 0.1, 2.90942e+06, 125.32
23218, 26884, 127, 1, 0, 0.1, 2.90955e+06, 125.32
23219, 30725, 127, 3, 0, 0.1, 2.90968e+06, 125.32
23220, 26884, 127, 0, 0, 0.1, 2.9098e+06, 125.32
23221, 16650, 127, 0, 0, 0.1, 2.90993e+06, 125.32
23222, 24840, 127, 0, 1, 0.1, 2.91006e+06, 125.32
23223, 24842, 127, 2, 0, 0.1, 2.91018e+06, 125.32
23224, 24840, 127, 1, 0, 0.1, 2.91031e+06, 125.32
23225, 28677, 127, 1, 0, 0.1, 2.91044e+06, 125.32
23226, 28934, 127, 3, 0, 0.1, 2.91056e+06, 125.32
23227, 28677, 127, 3, 0, 0.1, 2.91069e+06, 125.32
23228, 24840, 127, 2, 0, 0.1, 2.91082e+06, 125.32
23229, 16650, 127, 2, 0, 0.1, 2.91095e+06, 125.321
23230, 26884, 127, 3, 0, 0.1, 2.91107e+06, 125.321
23231, 30725, 127, 1, 0, 0.1, 2.9112e+06, 125.321
23232, 26884, 127, 1, 0, 0.1, 2.91133e+06, 125.321
23233, 30725, 127, 3, 0, 0.1, 2.91145e+06, 125.321
23234, 26884, 127, 3, 0, 0.1, 2.91158e+06, 125.321
23235, 30725, 127, 1, 0, 0.1, 2.91171e+06, 125.321
23236, 26884, 127, 0, 0, 0.1, 2.91184e+06, 125.321
23237, 16650, 127, 3, 0, 0.1, 2.91196e+06, 125.321
23238, 16650, 117, 1, 0, 0.1, 2.91208e+06, 125.321
23239, 16650, 117, 1, 0, 0.1, 2.9122e+06, 125.32
23240, 16650, 117, 0, 0, 0.1, 2.91231e+06, 125.32
23241, 24840, 127, 0, 0, 0.1, 2.91244e+06, 125.32
23242, 24842, 127, 2, 0, 0.1, 2.91257e+06, 125.32
23243, 24840, 127, 0, 0, 0.1, 2.91269e+06, 125.32
23244, 24842, 127, 0, 0, 0.1, 2.91282e+06, 125.32
23245, 28930, 127, 0, 0, 0.1, 2.91295e+06, 125.32
23246, 28954, 127, 0, 1, 0.1, 2.91308e+06, 125.32
23247, 28994, 87, 3, 0, 0.1, 2.91316e+06, 125.319
23248, 29962, 117, 2, 0, 0.1, 2.91328e+06, 125.318
23249, 30472, 137, 2, 0, 0.1, 2.91342e+06, 125.319
23250, 29962, 137, 2, 0, 0.1, 2.91355e+06, 125.319
23251, 32002, 137, 3, 0, 0.1, 2.91369e+06, 125.32
23252, 30725, 137, 3, 0, 0.1, 2.91383e+06, 125.321
23253, 30980, 137, 3, 0, 0.1, 2.91396e+06, 125.321
23254, 30725, 137, 3, 0, 0.1, 2.9141e+06, 125.322
23255, 30725, 127, 3, 0, 0.1, 2.91423e+06, 125.322
23256, 30725, 137, 1, 1, 0.1, 2.91436e+06, 125.322
23257, 30725, 127, 3, 0, 0.1, 2.91449e+06, 125.322
23258, 30725, 127, 3, 0, 0.1, 2.91462e+06, 125.322
23259, 28940, 137, 3, 0, 0.1, 2.91476e+06, 125.323
23260, 28956, 117, 0, 0, 0.1, 2.91487e+06, 125.322
23261, 28954, 77, 1, 1, 0.1, 2.91495e+06, 125.32
23262, 29962, 117, 1, 0, 0.1, 2.91507e+06, 125.32
23263, 29962, 117, 2, 0, 0.1, 2.91518e+06, 125.32
23264, 30472, 127, 1, 0, 0.1, 2.91531e+06, 125.32
23265, 29189, 127, 0, 1, 0.1, 2.91544e+06, 125.32
23266, 29189, 117, 3, 0, 0.1, 2.91556e+06, 125.319
23267, 30472, 127, 1, 0, 0.1, 2.91568e+06, 125.319
23268, 29189, 127, 1, 0, 0.1, 2.91581e+06, 125.32
23269, 29954, 137, 2, 0, 0.1, 2.91595e+06, 125.32
23270, 29962, 127, 2, 0, 0.1, 2.91607e+06, 125.32
23271, 30472, 137, 2, 0, 0.1, 2.91621e+06, 125.321
23272, 28938, 137, 0, 0, 0.1, 2.91635e+06, 125.321
23273, 29448, 127, 1, 0, 0.1, 2.91647e+06, 125.321
23274, 29189, 137, 1, 0, 0.1, 2.91661e+06, 125.322
23275, 28934, 137, 0, 0, 0.1, 2.91675e+06, 125.322
23276, 24586, 137, 0, 0, 0.1, 2.91688e+06, 125.323
23277, 29193, 127, 1, 0, 0.1, 2.91701e+06, 125.323
23278, 29189, 127, 3, 0, 0.1, 2.91714e+06, 125.323
23279, 29193, 127, 2, 0, 0.1, 2.91727e+06, 125.323
23280, 24586, 127, 0, 0, 0.1, 2.91739e+06, 125.323
23281, 29193, 127, 1, 0, 0.1, 2.91752e+06, 125.323
23282, 29189, 127, 3, 0, 0.1, 2.91765e+06, 125.323
23283, 29193, 127, 3, 0, 0.1, 2.91777e+06, 125.323
23284, 29193, 117, 2, 0, 0.1, 2.91789e+06, 125.323
23285, 24586, 127, 0, 0, 0.1, 2.91802e+06, 125.323
23286, 29193, 127, 1, 0, 0.1, 2.91814e+06, 125.323
23287, 29189, 127, 3, 0, 0.1, 2.91827e+06, 125.323
23288, 29193, 127, 1, 0, 0.1, 2.9184e+06, 125.323
23289, 29189, 127, 1, 0, 0.1, 2.91853e+06, 125.323
23290, 29954, 137, 2, 1, 0.1, 2.91866e+06, 125.324
23291, 29962, 137, 3, 1, 0.1, 2.9188e+06, 125.324
23292, 29962, 117, 0, 0, 0.1, 2.91892e+06, 125.324
23293, 29954, 127, 0, 1, 0.1, 2.91904e+06, 125.324
23294, 29962, 137, 0, 1, 0.1, 2.91918e+06, 125.324
23295, 32002, 127, 0, 0, 0.1, 2.91931e+06, 125.324
23296, 29962, 137, 0, 0, 0.1, 2.91944e+06, 125.325
23297, 17674, 137, 3, 0, 0.1, 2.91958e+06, 125.325
23298, 17674, 117, 2, 0, 0.1, 2.9197e+06, 125.325
23299, 25866, 127, 2, 0, 0.1, 2.91983e+06, 125.325
23300, 32002, 127, 3, 1, 0.1, 2.91995e+06, 125.325
23301, 30725, 127, 3, 0, 0.1, 2.92008e+06, 125.325
23302, 28940, 137, 0, 1, 0.1, 2.92022e+06, 125.326
23303, 28938, 127, 0, 0, 0.1, 2.92034e+06, 125.326
23304, 30723, 137, 2, 0, 0.1, 2.92048e+06, 125.326
23305, 28682, 127, 2, 0, 0.1, 2.92061e+06, 125.326
23306, 24588, 127, 3, 0, 0.1, 2.92074e+06, 125.327
23307, 24588, 117, 0, 0, 0.1, 2.92085e+06, 125.326
23308, 28682, 127, 2, 0, 0.1, 2.92098e+06, 125.326
23309, 24588, 127, 2, 1, 0.1, 2.92111e+06, 125.326
23310, 24588, 117, 2, 0, 0.1, 2.92122e+06, 125.326
23311, 24588, 117, 2, 0, 0.1, 2.92134e+06, 125.326
23312, 24588, 117, 0, 0, 0.1, 2.92146e+06, 125.325
23313, 28682, 127, 2, 0, 0.1, 2.92158e+06, 125.325
23314, 24588, 127, 3, 0, 0.1, 2.92171e+06, 125.325
23315, 24588, 117, 0, 0, 0.1, 2.92183e+06, 125.325
23316, 28682, 127, 2, 0, 0.1, 2.92196e+06, 125.325
23317, 24588, 127, 0, 0, 0.1, 2.92208e+06, 125.325
23318, 28682, 127, 2, 0, 0.1, 2.92221e+06, 125.325
23319, 24588, 127, 0, 0, 0.1, 2.92234e+06, 125.325
23320, 28682, 127, 0, 0, 0.1, 2.92246e+06, 125.325
23321, 30723, 127, 0, 0, 0.1, 2.92259e+06, 125.325
23322, 30723, 117, 3, 0, 0.1, 2.92271e+06, 125.325
23323, 28677, 137, 3, 0, 0.1, 2.92284e+06, 125.326
23324, 29960, 127, 2, 0, 0.1, 2.92297e+06, 125.326
23325, 29978, 127, 3, 0, 0.1, 2.9231e+06, 125.326
23326, 29978, 117, 0, 0, 0.1, 2.92322e+06, 125.325
23327, 29960, 77, 2, 0, 0.1, 2.92329e+06, 125.323
23328, 30472, 137, 1, 0, 0.1, 2.92343e+06, 125.324
23329, 28677, 137, 1, 0, 0.1, 2.92357e+06, 125.324
23330, 29954, 127, 2, 0, 0.1, 2.92369e+06, 125.324
23331, 16650, 137, 1, 0, 0.1, 2.92383e+06, 125.325
23332, 16650, 117, 0, 0, 0.1, 2.92395e+06, 125.325
23333, 24834, 127, 0, 0, 0.1, 2.92407e+06, 125.325
23334, 28938, 127, 3, 1, 0.1, 2.9242e+06, 125.325
23335, 28938, 117, 0, 0, 0.1, 2.92432e+06, 125.324
23336, 30978, 127, 1, 1, 0.1, 2.92444e+06, 125.324
23337, 30978, 117, 3, 0, 0.1, 2.92456e+06, 125.324
23338, 30725, 127, 3, 0, 0.1, 2.92469e+06, 125.324
23339, 29960, 137, 2, 0, 0.1, 2.92483e+06, 125.325
23340, 29962, 127, 2, 0, 0.1, 2.92495e+06, 125.325
23341, 29960, 127, 2, 0, 0.1, 2.92508e+06, 125.325
23342, 29962, 127, 3, 1, 0.1, 2.92521e+06, 125.325
23343, 29962, 117, 2, 0, 0.1, 2.92532e+06, 125.324
23344, 32002, 137, 1, 1, 0.1, 2.92546e+06, 125.325
23345, 32002, 117, 0, 1, 0.1, 2.92558e+06, 125.325
23346, 29962, 127, 2, 0, 0.1, 2.92570e+06, 125.325
23347, 32002, 127, 2, 0, 0.1, 2.92583e+06, 125.325
23348, 29962, 137, 2, 0, 0.1, 2.92597e+06, 125.325
23349, 32512, 127, 2, 0, 0.1, 2.9261e+06, 125.325
23350, 29962, 127, 2, 0, 0.1, 2.92622e+06, 125.325
23351, 29962, 137, 0, 0, 0.1, 2.92636e+06, 125.326
23352, 29962, 127, 2, 0, 0.1, 2.92649e+06, 125.326
23353, 29962, 127, 0, 0, 0.1, 2.92661e+06, 125.326
23354, 29962, 127, 2, 0, 0.1, 2.92674e+06, 125.326
23355, 29962, 127, 0, 0, 0.1, 2.92687e+06, 125.326
23356, 29962, 127, 0, 0, 0.1, 2.927e+06, 125.326
23357, 32512, 127, 1, 0, 0.1, 2.92712e+06, 125.326
23358, 31237, 137, 2, 1, 0.1, 2.92726e+06, 125.327
23359, 31237, 117, 3, 0, 0.1, 2.92738e+06, 125.326
23360, 32512, 127, 2, 0, 0.1, 2.9275e+06, 125.327
23361, 29962, 127, 2, 0, 0.1, 2.92763e+06, 125.327
23362, 29962, 127, 2, 0, 0.1, 2.92776e+06, 125.327
23363, 28940, 137, 0, 0, 0.1, 2.92789e+06, 125.327
23364, 24842, 127, 0, 0, 0.1, 2.92802e+06, 125.327
23365, 28954, 127, 0, 0, 0.1, 2.92815e+06, 125.327
23366, 31504, 127, 0, 0, 0.1, 2.92828e+06, 125.327
23367, 28954, 127, 2, 0, 0.1, 2.9284e+06, 125.327
23368, 31504, 127, 2, 0, 0.1, 2.92853e+06, 125.328
23369, 28954, 127, 0, 0, 0.1, 2.92866e+06, 125.328
23370, 31488, 127, 0, 0, 0.1, 2.92878e+06, 125.328
23371, 28954, 127, 0, 0, 0.1, 2.92891e+06, 125.328
23372, 30994, 127, 1, 1, 0.1, 2.92904e+06, 125.328
23373, 30994, 117, 3, 0, 0.1, 2.92915e+06, 125.327
23374, 30725, 137, 3, 0, 0.1, 2.92929e+06, 125.328
23375, 30980, 137, 0, 0, 0.1, 2.92943e+06, 125.328
23376, 28938, 127, 0, 0, 0.1, 2.92956e+06, 125.329
23377, 24842, 127, 0, 0, 0.1, 2.92968e+06, 125.329
23378, 28938, 127, 2, 0, 0.1, 2.92981e+06, 125.329
23379, 24842, 127, 2, 0, 0.1, 2.92994e+06, 125.329
23380, 28938, 127, 2, 0, 0.1, 2.93006e+06, 125.329
23381, 30980, 127, 1, 1, 0.1, 2.93019e+06, 125.329
23382, 30725, 127, 3, 0, 0.1, 2.93032e+06, 125.329
23383, 30980, 127, 3, 0, 0.1, 2.93044e+06, 125.329
23384, 30725, 137, 2, 0, 0.1, 2.93058e+06, 125.33
23385, 30725, 117, 1, 0, 0.1, 2.9307e+06, 125.329
23386, 30980, 127, 1, 0, 0.1, 2.93082e+06, 125.329
23387, 26629, 127, 3, 0, 0.1, 2.93095e+06, 125.329
23388, 30980, 127, 3, 0, 0.1, 2.93108e+06, 125.329
23389, 30725, 127, 3, 0, 0.1, 2.93121e+06, 125.329
23390, 5, 137, 1, 0, 0.1, 2.93134e+06, 125.33
23391, 5, 127, 1, 0, 0.1, 2.93147e+06, 125.33
23392, 260, 127, 1, 0, 0.1, 2.9316e+06, 125.33
23393, 16389, 127, 3, 0, 0.1, 2.93172e+06, 125.33
23394, 260, 127, 1, 0, 0.1, 2.93185e+06, 125.33
23395, 16389, 127, 3, 0, 0.1, 2.93198e+06, 125.33
23396, 260, 127, 1, 0, 0.1, 2.93210e+06, 125.33
23397, 16389, 127, 3, 1, 0.1, 2.93223e+06, 125.33
23398, 260, 127, 0, 0, 0.1, 2.93236e+06, 125.331
23399, 16650, 127, 2, 0, 0.1, 2.93249e+06, 125.331
23400, 260, 127, 2, 0, 0.1, 2.93261e+06, 125.331
23401, 260, 117, 0, 0, 0.1, 2.93273e+06, 125.33
23402, 16650, 127, 0, 0, 0.1, 2.93286e+06, 125.33
23403, 24842, 127, 0, 0, 0.1, 2.93298e+06, 125.33
23404, 28938, 127, 2, 0, 0.1, 2.93311e+06, 125.331
23405, 24842, 127, 0, 0, 0.1, 2.93324e+06, 125.331
23406, 28938, 127, 0, 0, 0.1, 2.93336e+06, 125.331
23407, 28938, 127, 2, 0, 0.1, 2.93349e+06, 125.331
23408, 28938, 127, 2, 0, 0.1, 2.93362e+06, 125.331
23409, 24842, 127, 0, 0, 0.1, 2.93375e+06, 125.331
23410, 28938, 127, 0, 0, 0.1, 2.93387e+06, 125.331
23411, 28938, 127, 1, 1, 0.1, 2.934e+06, 125.331
23412, 28938, 117, 0, 0, 0.1, 2.93412e+06, 125.331
23413, 28682, 137, 2, 1, 0.1, 2.93425e+06, 125.331
23414, 24586, 127, 0, 0, 0.1, 2.93438e+06, 125.331
23415, 28682, 127, 2, 0, 0.1, 2.93451e+06, 125.331
23416, 24586, 127, 2, 0, 0.1, 2.93464e+06, 125.331
23417, 16394, 127, 0, 1, 0.1, 2.93476e+06, 125.331
23418, 24586, 127, 1, 1, 0.1, 2.93489e+06, 125.332
23419, 24586, 117, 0, 0, 0.1, 2.93501e+06, 125.331
23420, 28682, 127, 0, 0, 0.1, 2.93513e+06, 125.331
23421, 31233, 127, 2, 0, 0.1, 2.93526e+06, 125.331
23422, 28682, 127, 0, 0, 0.1, 2.93539e+06, 125.331
23423, 31233, 127, 3, 0, 0.1, 2.93551e+06, 125.331
23424, 31237, 127, 3, 0, 0.1, 2.93564e+06, 125.332
23425, 31237, 127, 1, 0, 0.1, 2.93577e+06, 125.332
23426, 31237, 127, 0, 1, 0.1, 2.9359e+06, 125.332
23427, 31237, 117, 3, 0, 0.1, 2.93601e+06, 125.331
23428, 31237, 127, 1, 0, 0.1, 2.93614e+06, 125.331
23429, 31237, 127, 1, 0, 0.1, 2.93627e+06, 125.331
23430, 31233, 127, 1, 0, 0.1, 2.93639e+06, 125.332
23431, 31237, 137, 1, 0, 0.1, 2.93653e+06, 125.332
23432, 32002, 137, 3, 0, 0.1, 2.93667e+06, 125.333
23433, 30725, 127, 3, 0, 0.1, 2.93679e+06, 125.333
23434, 26625, 127, 1, 0, 0.1, 2.93692e+06, 125.333
23435, 30757, 127, 1, 0, 0.1, 2.93705e+06, 125.333
23436, 32130, 77, 2, 0, 0.1, 2.93712e+06, 125.331
23437, 30472, 137, 2, 0, 0.1, 2.93726e+06, 125.331
23438, 29962, 137, 2, 0, 0.1, 2.9374e+06, 125.332
23439, 32002, 127, 2, 0, 0.1, 2.93753e+06, 125.332
23440, 29962, 127, 0, 0, 0.1, 2.93765e+06, 125.332
23441, 32002, 127, 1, 1, 0.1, 2.93778e+06, 125.332
23442, 32002, 117, 3, 0, 0.1, 2.9379e+06, 125.332
23443, 30725, 137, 3, 0, 0.1, 2.93803e+06, 125.332
23444, 30980, 137, 3, 0, 0.1, 2.93817e+06, 125.333
23445, 30725, 127, 3, 0, 0.1, 2.9383e+06, 125.333
23446, 30725, 137, 3, 0, 0.1, 2.93844e+06, 125.333
23447, 30725, 137, 3, 0, 0.1, 2.93857e+06, 125.334
23448, 28940, 137, 0, 0, 0.1, 2.93871e+06, 125.334
23449, 28954, 137, 2, 1, 0.1, 2.93885e+06, 125.335
23450, 24860, 127, 2, 0, 0.1, 2.93897e+06, 125.335
23451, 24860, 117, 2, 0, 0.1, 2.93909e+06, 125.334
23452, 24860, 67, 3, 0, 0.1, 2.93916e+06, 125.332
23453, 29962, 117, 2, 0, 0.1, 2.93927e+06, 125.331
23454, 29960, 127, 2, 0, 0.1, 2.9394e+06, 125.332
23455, 25866, 127, 0, 1, 0.1, 2.93953e+06, 125.332
23456, 29960, 127, 1, 0, 0.1, 2.93966e+06, 125.332
23457, 28677, 127, 3, 0, 0.1, 2.93978e+06, 125.332
23458, 29960, 127, 1, 0, 0.1, 2.93991e+06, 125.332
23459, 28677, 127, 1, 0, 0.1, 2.94004e+06, 125.332
23460, 29954, 127, 0, 0, 0.1, 2.94016e+06, 125.332
23461, 29962, 137, 1, 0, 0.1, 2.9403e+06, 125.332
23462, 29962, 117, 0, 1, 0.1, 2.94042e+06, 125.332
23463, 32002, 127, 3, 0, 0.1, 2.94054e+06, 125.332
23464, 30725, 127, 3, 0, 0.1, 2.94067e+06, 125.332
23465, 25864, 137, 2, 0, 0.1, 2.94081e+06, 125.333
23466, 17674, 127, 2, 0, 0.1, 2.94094e+06, 125.333
23467, 25864, 127, 1, 0, 0.1, 2.94106e+06, 125.333
23468, 28677, 127, 1, 0, 0.1, 2.94119e+06, 125.333
23469, 29954, 127, 0, 0, 0.1, 2.94132e+06, 125.333
23470, 29962, 127, 1, 0, 0.1, 2.94144e+06, 125.333
23471, 29962, 117, 0, 0, 0.1, 2.94156e+06, 125.333
23472, 29954, 127, 3, 0, 0.1, 2.94169e+06, 125.333
23473, 28677, 127, 1, 0, 0.1, 2.94181e+06, 125.333
23474, 29954, 127, 2, 1, 0.1, 2.94194e+06, 125.333
23475, 29962, 127, 2, 0, 0.1, 2.94207e+06, 125.333
23476, 29954, 127, 2, 0, 0.1, 2.9422e+06, 125.333
23477, 29962, 137, 2, 0, 0.1, 2.94233e+06, 125.334
23478, 30472, 137, 1, 0, 0.1, 2.94247e+06, 125.334
23479, 29189, 127, 1, 0, 0.1, 2.9426e+06, 125.334
23480, 24582, 137, 3, 0, 0.1, 2.94273e+06, 125.335
23481, 28677, 127, 1, 0, 0.1, 2.94286e+06, 125.335
23482, 24582, 127, 0, 0, 0.1, 2.94299e+06, 125.335
23483, 28682, 127, 0, 0, 0.1, 2.94311e+06, 125.335
23484, 29193, 127, 0, 0, 0.1, 2.94324e+06, 125.335
23485, 29193, 117, 1, 0, 0.1, 2.94336e+06, 125.335
23486, 29189, 137, 3, 0, 0.1, 2.9435e+06, 125.335
23487, 29193, 127, 1, 0, 0.1, 2.94362e+06, 125.335
23488, 29189, 127, 1, 0, 0.1, 2.94375e+06, 125.335
23489, 29954, 137, 2, 1, 0.1, 2.94389e+06, 125.336
23490, 29962, 137, 0, 0, 0.1, 2.94402e+06, 125.336
23491, 29954, 127, 0, 0, 0.1, 2.94415e+06, 125.336
23492, 29962, 137, 0, 0, 0.1, 2.94429e+06, 125.337
23493, 32002, 127, 3, 0, 0.1, 2.94441e+06, 125.337
23494, 30725, 127, 0, 1, 0.1, 2.94454e+06, 125.337
23495, 30725, 117, 2, 0, 0.1, 2.94466e+06, 125.337
23496, 30725, 117, 3, 0, 0.1, 2.94478e+06, 125.336
23497, 28940, 137, 2, 0, 0.1, 2.94491e+06, 125.337
23498, 28940, 117, 0, 0, 0.1, 2.94503e+06, 125.336
23499, 28938, 127, 0, 0, 0.1, 2.94516e+06, 125.336
23500, 30723, 137, 1, 0, 0.1, 2.94529e+06, 125.337
23501, 30723, 117, 2, 0, 0.1, 2.94541e+06, 125.337
23502, 28682, 127, 0, 0, 0.1, 2.94554e+06, 125.337
23503, 30723, 127, 2, 0, 0.1, 2.94566e+06, 125.337
23504, 28682, 127, 0, 0, 0.1, 2.94579e+06, 125.337
23505, 30723, 127, 0, 0, 0.1, 2.94592e+06, 125.337
23506, 30723, 117, 2, 0, 0.1, 2.94604e+06, 125.337
23507, 28682, 127, 2, 0, 0.1, 2.94616e+06, 125.337
23508, 24588, 127, 0, 0, 0.1, 2.94629e+06, 125.337
23509, 28682, 127, 2, 0, 0.1, 2.94642e+06, 125.337
23510, 24588, 127, 0, 0, 0.1, 2.94654e+06, 125.337
23511, 28682, 127, 1, 0, 0.1, 2.94667e+06, 125.337
23512, 28682, 117, 0, 0, 0.1, 2.94679e+06, 125.337
23513, 30723, 127, 1, 0, 0.1, 2.94691e+06, 125.337
23514, 30723, 117, 3, 0, 0.1, 2.94703e+06, 125.336
23515, 30725, 137, 1, 0, 0.1, 2.94717e+06, 125.337
23516, 30723, 127, 3, 0, 0.1, 2.9473e+06, 125.337
23517, 30725, 127, 1, 0, 0.1, 2.94742e+06, 125.337
23518, 30723, 127, 3, 0, 0.1, 2.94755e+06, 125.337
23519, 30725, 127, 1, 1, 0.1, 2.94768e+06, 125.337
23520, 30723, 127, 1, 0, 0.1, 2.9478e+06, 125.337
23521, 30723, 117, 0, 0, 0.1, 2.94792e+06, 125.337
23522, 30723, 117, 1, 0, 0.1, 2.94804e+06, 125.336
23523, 30723, 117, 3, 0, 0.1, 2.94815e+06, 125.336
23524, 30725, 127, 1, 0, 0.1, 2.94828e+06, 125.336
23525, 30723, 127, 2, 0, 0.1, 2.94841e+06, 125.336
23526, 24586, 127, 2, 0, 0.1, 2.94854e+06, 125.336
23527, 24588, 127, 3, 0, 0.1, 2.94866e+06, 125.336
23528, 24588, 117, 1, 0, 0.1, 2.94878e+06, 125.336
23529, 28677, 127, 1, 0, 0.1, 2.94891e+06, 125.336
23530, 29954, 127, 2, 0, 0.1, 2.94903e+06, 125.336
23531, 29962, 127, 1, 1, 0.1, 2.94916e+06, 125.336
23532, 29962, 117, 0, 0, 0.1, 2.94928e+06, 125.336
23533, 29954, 127, 0, 0, 0.1, 2.9494e+06, 125.336
23534, 25866, 137, 2, 0, 0.1, 2.94954e+06, 125.336
23535, 17666, 127, 0, 0, 0.1, 2.94967e+06, 125.336
23536, 25866, 127, 1, 0, 0.1, 2.9498e+06, 125.337
23537, 25866, 117, 0, 0, 0.1, 2.94991e+06, 125.336
23538, 29962, 127, 2, 0, 0.1, 2.95004e+06, 125.336
23539, 25866, 127, 2, 0, 0.1, 2.95017e+06, 125.336
23540, 17666, 127, 1, 0, 0.1, 2.95029e+06, 125.336
23541, 17666, 117, 2, 0, 0.1, 2.95041e+06, 125.336
23542, 1290, 127, 2, 0, 0.1, 2.95054e+06, 125.336
23543, 17666, 127, 0, 0, 0.1, 2.95066e+06, 125.336
23544, 1290, 127, 0, 0, 0.1, 2.95079e+06, 125.336
23545, 17666, 127, 1, 0, 0.1, 2.95092e+06, 125.336
23546, 17666, 117, 2, 0, 0.1, 2.95104e+06, 125.336
23547, 1290, 127, 2, 0, 0.1, 2.95116e+06, 125.336
23548, 17666, 127, 2, 0, 0.1, 2.95129e+06, 125.336
23549, 25866, 127, 2, 0, 0.1, 2.95142e+06, 125.336
23550, 29962, 127, 2, 0, 0.1, 2.95154e+06, 125.336
23551, 29962, 127, 2, 1, 0.1, 2.95167e+06, 125.336
23552, 25866, 137, 2, 0, 0.1, 2.95181e+06, 125.337
23553, 29962, 127, 2, 0, 0.1, 2.95193e+06, 125.337
23554, 29962, 127, 3, 0, 0.1, 2.95206e+06, 125.337
23555, 29962, 117, 2, 0, 0.1, 2.95218e+06, 125.337
23556, 30982, 137, 0, 0, 0.1, 2.95232e+06, 125.337
23557, 28938, 127, 0, 0, 0.1, 2.95244e+06, 125.337
23558, 24842, 127, 0, 0, 0.1, 2.95257e+06, 125.337
23559, 16650, 127, 2, 0, 0.1, 2.9527e+06, 125.337
23560, 24842, 127, 2, 0, 0.1, 2.95282e+06, 125.337
23561, 28938, 127, 0, 0, 0.1, 2.95295e+06, 125.337
23562, 24842, 127, 0, 0, 0.1, 2.95308e+06, 125.338
23563, 16650, 127, 2, 0, 0.1, 2.9532e+06, 125.338
23564, 24842, 127, 2, 0, 0.1, 2.95333e+06, 125.338
23565, 28938, 127, 0, 0, 0.1, 2.95346e+06, 125.338
23566, 24842, 127, 0, 0, 0.1, 2.95358e+06, 125.338
23567, 16650, 127, 2, 0, 0.1, 2.95371e+06, 125.338
23568, 24842, 127, 0, 0, 0.1, 2.95384e+06, 125.338
23569, 16650, 127, 2, 0, 0.1, 2.95397e+06, 125.338
23570, 24842, 127, 2, 1, 0.1, 2.95409e+06, 125.338
23571, 28938, 127, 0, 0, 0.1, 2.95422e+06, 125.338
23572, 24842, 127, 0, 0, 0.1, 2.95435e+06, 125.338
23573, 16650, 127, 2, 0, 0.1, 2.95447e+06, 125.338
23574, 24842, 127, 2, 0, 0.1, 2.9546e+06, 125.338
23575, 28938, 127, 2, 0, 0.1, 2.95473e+06, 125.338
23576, 30982, 127, 3, 0, 0.1, 2.95486e+06, 125.338
23577, 30725, 137, 1, 0, 0.1, 2.95499e+06, 125.339
23578, 30982, 127, 3, 0, 0.1, 2.95512e+06, 125.339
23579, 30725, 127, 1, 0, 0.1, 2.95525e+06, 125.339
23580, 30982, 127, 3, 0, 0.1, 2.95537e+06, 125.339
23581, 30725, 127, 3, 0, 0.1, 2.9555e+06, 125.339
23582, 28684, 137, 1, 0, 0.1, 2.95564e+06, 125.34
23583, 24581, 127, 1, 0, 0.1, 2.95576e+06, 125.34
23584, 16646, 127, 3, 0, 0.1, 2.95589e+06, 125.34
23585, 24581, 127, 1, 0, 0.1, 2.95602e+06, 125.34
23586, 16646, 127, 0, 0, 0.1, 2.95614e+06, 125.34
23587, 266, 127, 0, 0, 0.1, 2.95627e+06, 125.34
23588, 266, 127, 2, 0, 0.1, 2.9564e+06, 125.34
23589, 266, 127, 2, 0, 0.1, 2.95653e+06, 125.34
23590, 16646, 127, 1, 1, 0.1, 2.95665e+06, 125.34
23591, 16646, 117, 0, 0, 0.1, 2.95677e+06, 125.34
23592, 266, 127, 2, 0, 0.1, 2.9569e+06, 125.34
23593, 16646, 127, 0, 0, 0.1, 2.95702e+06, 125.34
23594, 266, 127, 0, 0, 0.1, 2.95715e+06, 125.34
23595, 266, 127, 2, 0, 0.1, 2.95728e+06, 125.34
23596, 266, 127, 0, 1, 0.1, 2.95740e+06, 125.34
23597, 266, 127, 2, 0, 0.1, 2.95753e+06, 125.34
23598, 266, 127, 2, 0, 0.1, 2.95766e+06, 125.34
23599, 16646, 127, 3, 0, 0.1, 2.95779e+06, 125.341
23600, 24581, 127, 3, 0, 0.1, 2.95791e+06, 125.341
23601, 28684, 127, 1, 0, 0.1, 2.95804e+06, 125.341
23602, 24581, 127, 1, 0, 0.1, 2.95817e+06, 125.341
23603, 16646, 127, 0, 0, 0.1, 2.95829e+06, 125.341
23604, 266, 127, 0, 0, 0.1, 2.95842e+06, 125.341
23605, 266, 127, 2, 0, 0.1, 2.95855e+06, 125.341
23606, 266, 127, 2, 0, 0.1, 2.95868e+06, 125.341
23607, 16646, 127, 0, 0, 0.1, 2.9588e+06, 125.341
23608, 266, 127, 0, 0, 0.1, 2.95893e+06, 125.341
23609, 266, 127, 0, 0, 0.1, 2.95906e+06, 125.341
23610, 266, 127, 0, 0, 0.1, 2.95918e+06, 125.341
23611, 266, 127, 2, 0, 0.1, 2.95931e+06, 125.341
23612, 266, 127, 0, 0, 0.1, 2.95944e+06, 125.341
23613, 266, 127, 0, 0, 0.1, 2.95956e+06, 125.342
23614, 266, 127, 0, 0, 0.1, 2.95969e+06, 125.342
23615, 266, 127, 2, 0, 0.1, 2.95982e+06, 125.342
23616, 266, 127, 2, 0, 0.1, 2.95994e+06, 125.342
23617, 266, 127, 2, 0, 0.1, 2.96007e+06, 125.342
23618, 266, 127, 2, 0, 0.1, 2.9602e+06, 125.342
23619, 266, 127, 0, 0, 0.1, 2.96033e+06, 125.342
23620, 266, 127, 0, 0, 0.1, 2.96045e+06, 125.342
23621, 266, 127, 2, 0, 0.1, 2.96058e+06, 125.342
23622, 282, 127, 0, 0, 0.1, 2.96071e+06, 125.342
23623, 282, 127, 3, 1, 0.1, 2.96083e+06, 125.342
23624, 282, 117, 0, 0, 0.1, 2.96095e+06, 125.342
23625, 282, 127, 1, 0, 0.1, 2.96108e+06, 125.342
23626, 282, 117, 0, 0, 0.1, 2.9612e+06, 125.342
23627, 282, 127, 0, 0, 0.1, 2.96132e+06, 125.342
23628, 274, 127, 2, 1, 0.1, 2.96145e+06, 125.342
23629, 282, 127, 0, 0, 0.1, 2.96158e+06, 125.342
23630, 274, 127, 0, 0, 0.1, 2.9617e+06, 125.342
23631, 282, 127, 0, 0, 0.1, 2.96183e+06, 125.342
23632, 16658, 127, 1, 0, 0.1, 2.96196e+06, 125.342
23633, 16658, 117, 0, 0, 0.1, 2.96207e+06, 125.342
23634, 24858, 127, 2, 0, 0.1, 2.9622e+06, 125.342
23635, 16658, 127, 3, 1, 0.1, 2.96233e+06, 125.342
23636, 5, 127, 3, 0, 0.1, 2.96246e+06, 125.342
23637, 16428, 127, 0, 1, 0.1, 2.96258e+06, 125.342
23638, 24586, 127, 0, 0, 0.1, 2.96271e+06, 125.342
23639, 30787, 127, 0, 0, 0.1, 2.96284e+06, 125.342
23640, 30787, 117, 3, 0, 0.1, 2.96295e+06, 125.342
23641, 30757, 127, 1, 0, 0.1, 2.96308e+06, 125.342
23642, 30851, 77, 2, 0, 0.1, 2.96316e+06, 125.34
23643, 30472, 127, 1, 0, 0.1, 2.96328e+06, 125.34
23644, 29189, 127, 2, 1, 0.1, 2.96341e+06, 125.34
23645, 29189, 117, 1, 0, 0.1, 2.96353e+06, 125.34
23646, 29954, 137, 2, 0, 0.1, 2.96366e+06, 125.34
23647, 29962, 137, 3, 0, 0.1, 2.9638e+06, 125.341
23648, 29962, 117, 2, 0, 0.1, 2.96392e+06, 125.34
23649, 30472, 127, 2, 0, 0.1, 2.96405e+06, 125.34
23650, 29962, 137, 2, 0, 0.1, 2.96418e+06, 125.341
23651, 31492, 137, 0, 0, 0.1, 2.96432e+06, 125.341
23652, 28938, 127, 2, 0, 0.1, 2.96445e+06, 125.341
23653, 31492, 127, 1, 1, 0.1, 2.96457e+06, 125.341
23654, 31237, 137, 0, 0, 0.1, 2.96471e+06, 125.342
23655, 31237, 117, 1, 0, 0.1, 2.96483e+06, 125.342
23656, 31747, 137, 2, 0, 0.1, 2.96496e+06, 125.342
23657, 29706, 137, 2, 0, 0.1, 2.9651e+06, 125.342
23658, 31746, 127, 3, 0, 0.1, 2.96523e+06, 125.343
23659, 30725, 127, 0, 1, 0.1, 2.96536e+06, 125.343
23660, 30725, 117, 3, 0, 0.1, 2.96547e+06, 125.342
23661, 28681, 137, 1, 0, 0.1, 2.96561e+06, 125.343
23662, 28677, 127, 2, 1, 0.1, 2.96574e+06, 125.343
23663, 28677, 117, 0, 0, 0.1, 2.96585e+06, 125.342
23664, 28677, 117, 3, 0, 0.1, 2.96597e+06, 125.342
23665, 28681, 127, 1, 0, 0.1, 2.9661e+06, 125.342
23666, 28677, 127, 3, 0, 0.1, 2.96622e+06, 125.342
23667, 28681, 127, 1, 0, 0.1, 2.96635e+06, 125.342
23668, 28677, 127, 3, 0, 0.1, 2.96648e+06, 125.342
23669, 28681, 127, 0, 0, 0.1, 2.96661e+06, 125.342
23670, 28681, 117, 2, 0, 0.1, 2.96672e+06, 125.342
23671, 49158, 137, 1, 0, 0.1, 2.96686e+06, 125.343
23672, 49158, 117, 2, 0, 0.1, 2.96698e+06, 125.342
23673, 49158, 117, 0, 0, 0.1, 2.96709e+06, 125.342
23674, 57353, 127, 2, 1, 0.1, 2.96722e+06, 125.342
23675, 49158, 127, 0, 0, 0.1, 2.96735e+06, 125.342
23676, 57353, 127, 0, 0, 0.1, 2.96748e+06, 125.342
23677, 57353, 117, 2, 0, 0.1, 2.96759e+06, 125.342
23678, 49158, 127, 2, 0, 0.1, 2.96772e+06, 125.342
23679, 49158, 117, 3, 0, 0.1, 2.96784e+06, 125.341
23680, 49157, 127, 2, 1, 0.1, 2.96796e+06, 125.342
23681, 49157, 117, 3, 0, 0.1, 2.96808e+06, 125.341
23682, 57612, 127, 0, 0, 0.1, 2.96821e+06, 125.341
23683, 61706, 127, 1, 1, 0.1, 2.96833e+06, 125.341
23684, 61706, 117, 1, 0, 0.1, 2.96845e+06, 125.341
23685, 61706, 117, 3, 0, 0.1, 2.96857e+06, 125.341
23686, 61706, 117, 0, 0, 0.1, 2.96868e+06, 125.34
23687, 61706, 127, 0, 0, 0.1, 2.96881e+06, 125.34
23688, 64256, 137, 0, 0, 0.1, 2.96895e+06, 125.341
23689, 61706, 137, 2, 0, 0.1, 2.96909e+06, 125.341
23690, 64256, 127, 1, 0, 0.1, 2.96921e+06, 125.341
23691, 59397, 137, 1, 0, 0.1, 2.96935e+06, 125.342
23692, 51460, 127, 0, 0, 0.1, 2.96948e+06, 125.342
23693, 57610, 127, 1, 0, 0.1, 2.9696e+06, 125.342
23694, 57610, 117, 2, 0, 0.1, 2.96972e+06, 125.342
23695, 51460, 127, 3, 0, 0.1, 2.96985e+06, 125.342
23696, 59397, 127, 1, 0, 0.1, 2.96998e+06, 125.342
23697, 51460, 127, 2, 0, 0.1, 2.9701e+06, 125.342
23698, 51460, 117, 1, 1, 0.1, 2.97022e+06, 125.342
23699, 51205, 127, 3, 0, 0.1, 2.97035e+06, 125.342
23700, 51460, 127, 3, 0, 0.1, 2.97047e+06, 125.342
23701, 59397, 127, 1, 0, 0.1, 2.9706e+06, 125.342
23702, 51460, 127, 1, 0, 0.1, 2.97073e+06, 125.342
23703, 51205, 127, 0, 1, 0.1, 2.97085e+06, 125.342
23704, 51205, 117, 1, 0, 0.1, 2.97097e+06, 125.342
23705, 60419, 127, 1, 0, 0.1, 2.9711e+06, 125.342
23706, 60419, 117, 3, 0, 0.1, 2.97122e+06, 125.341
23707, 51205, 127, 0, 0, 0.1, 2.97134e+06, 125.341
23708, 51205, 117, 3, 0, 0.1, 2.97146e+06, 125.341
23709, 51460, 127, 0, 0, 0.1, 2.97159e+06, 125.341
23710, 57610, 127, 2, 0, 0.1, 2.97171e+06, 125.341
23711, 51460, 127, 0, 0, 0.1, 2.97184e+06, 125.341
23712, 57610, 127, 0, 0, 0.1, 2.97197e+06, 125.341
23713, 62216, 127, 2, 0, 0.1, 2.97209e+06, 125.341
23714, 57610, 127, 2, 0, 0.1, 2.97222e+06, 125.341
23715, 51460, 127, 3, 0, 0.1, 2.97235e+06, 125.341
23716, 59397, 127, 2, 1, 0.1, 2.97248e+06, 125.342
23717, 59397, 117, 1, 0, 0.1, 2.97259e+06, 125.341
23718, 51460, 127, 1, 0, 0.1, 2.97272e+06, 125.341
23719, 51205, 127, 3, 0, 0.1, 2.97285e+06, 125.341
23720, 51476, 127, 0, 0, 0.1, 2.97297e+06, 125.341
23721, 57626, 127, 2, 0, 0.1, 2.9731e+06, 125.341
23722, 51476, 127, 2, 1, 0.1, 2.97323e+06, 125.342
23723, 51476, 117, 3, 0, 0.1, 2.97334e+06, 125.341
23724, 59397, 127, 1, 0, 0.1, 2.97347e+06, 125.341
23725, 51476, 127, 3, 0, 0.1, 2.9736e+06, 125.341
23726, 59397, 127, 3, 0, 0.1, 2.97372e+06, 125.341
23727, 63744, 127, 0, 0, 0.1, 2.97385e+06, 125.341
23728, 61706, 127, 2, 0, 0.1, 2.97398e+06, 125.342
23729, 63744, 127, 1, 0, 0.1, 2.97411e+06, 125.342
23730, 59397, 127, 1, 0, 0.1, 2.97423e+06, 125.342
23731, 51476, 127, 3, 0, 0.1, 2.97436e+06, 125.342
23732, 59397, 127, 2, 0, 0.1, 2.97449e+06, 125.342
23733, 59397, 117, 3, 0, 0.1, 2.9746e+06, 125.341
23734, 63760, 127, 3, 0, 0.1, 2.97473e+06, 125.342
23735, 63493, 127, 3, 0, 0.1, 2.97486e+06, 125.342
23736, 63493, 137, 3, 0, 0.1, 2.975e+06, 125.342
23737, 63493, 137, 1, 0, 0.1, 2.97513e+06, 125.343
23738, 59397, 127, 1, 0, 0.1, 2.97526e+06, 125.343
23739, 59397, 127, 1, 0, 0.1, 2.97539e+06, 125.343
23740, 63760, 127, 3, 0, 0.1, 2.97551e+06, 125.343
23741, 59397, 127, 3, 0, 0.1, 2.97564e+06, 125.343
23742, 59397, 127, 3, 0, 0.1, 2.97577e+06, 125.343
23743, 63493, 127, 3, 0, 0.1, 2.97589e+06, 125.343
23744, 64513, 127, 1, 0, 0.1, 2.97602e+06, 125.343
23745, 63493, 127, 0, 0, 0.1, 2.97615e+06, 125.343
23746, 63493, 117, 1, 0, 0.1, 2.97626e+06, 125.343
23747, 59397, 127, 1, 0, 0.1, 2.97639e+06, 125.343
23748, 59397, 127, 1, 0, 0.1, 2.97652e+06, 125.343
23749, 63760, 127, 0, 0, 0.1, 2.97665e+06, 125.343
23750, 61722, 127, 0, 0, 0.1, 2.97677e+06, 125.343
23751, 63762, 137, 3, 0, 0.1, 2.97691e+06, 125.344
23752, 63493, 127, 3, 0, 0.1, 2.97704e+06, 125.344
23753, 59396, 137, 0, 0, 0.1, 2.97717e+06, 125.344
23754, 49162, 127, 1, 0, 0.1, 2.9773e+06, 125.344
23755, 49162, 117, 1, 0, 0.1, 2.97742e+06, 125.344
23756, 49162, 117, 1, 0, 0.1, 2.97754e+06, 125.344
23757, 49162, 117, 2, 0, 0.1, 2.97765e+06, 125.343
23758, 59396, 127, 1, 0, 0.1, 2.97778e+06, 125.343
23759, 51205, 127, 1, 0, 0.1, 2.97791e+06, 125.343
23760, 51474, 127, 1, 0, 0.1, 2.97803e+06, 125.343
23761, 51458, 117, 3, 0, 0.1, 2.97815e+06, 125.343
23762, 51205, 127, 0, 1, 0.1, 2.97828e+06, 125.343
23763, 51205, 117, 1, 0, 0.1, 2.97839e+06, 125.343
23764, 51474, 127, 3, 1, 0.1, 2.97852e+06, 125.343
23765, 51205, 127, 3, 0, 0.1, 2.97865e+06, 125.343
23766, 59396, 127, 3, 0, 0.1, 2.97878e+06, 125.343
23767, 63493, 127, 1, 0, 0.1, 2.9789e+06, 125.343
23768, 59396, 127, 1, 0, 0.1, 2.97903e+06, 125.343
23769, 51205, 127, 1, 0, 0.1, 2.97916e+06, 125.343
23770, 51474, 127, 3, 0, 0.1, 2.97928e+06, 125.343
23771, 18437, 127, 1, 0, 0.1, 2.97941e+06, 125.343
23772, 18706, 127, 0, 0, 0.1, 2.97954e+06, 125.343
23773, 24858, 127, 1, 1, 0.1, 2.97966e+06, 125.343
23774, 24858, 117, 0, 0, 0.1, 2.97978e+06, 125.343
23775, 28952, 127, 1, 0, 0.1, 2.97991e+06, 125.343
23776, 24709, 127, 0, 1, 0.1, 2.98004e+06, 125.343
23777, 24581, 67, 2, 0, 0.1, 2.9801e+06, 125.341
23778, 29960, 137, 2, 0, 0.1, 2.98024e+06, 125.341
23779, 29962, 137, 0, 0, 0.1, 2.98038e+06, 125.342
23780, 29960, 127, 0, 0, 0.1, 2.9805e+06, 125.342
23781, 29962, 127, 0, 0, 0.1, 2.98063e+06, 125.342
23782, 30472, 127, 1, 0, 0.1, 2.98076e+06, 125.342
23783, 29189, 127, 1, 0, 0.1, 2.98088e+06, 125.342
23784, 25602, 137, 2, 0, 0.1, 2.98102e+06, 125.343
23785, 29706, 127, 2, 0, 0.1, 2.98115e+06, 125.343
23786, 29698, 127, 0, 1, 0.1, 2.98128e+06, 125.343
23787, 29706, 127, 2, 0, 0.1, 2.9814e+06, 125.343
23788, 29698, 127, 0, 0, 0.1, 2.98153e+06, 125.343
23789, 29706, 127, 1, 0, 0.1, 2.98166e+06, 125.343
23790, 29706, 117, 2, 0, 0.1, 2.98177e+06, 125.343
23791, 29698, 127, 0, 0, 0.1, 2.9819e+06, 125.343
23792, 29706, 127, 2, 0, 0.1, 2.98203e+06, 125.343
23793, 29698, 127, 2, 0, 0.1, 2.98215e+06, 125.343
23794, 29706, 137, 3, 1, 0.1, 2.98229e+06, 125.343
23795, 29706, 117, 2, 0, 0.1, 2.98241e+06, 125.343
23796, 29704, 127, 0, 0, 0.1, 2.98254e+06, 125.343
23797, 29706, 127, 0, 0, 0.1, 2.98266e+06, 125.343
23798, 25602, 127, 2, 0, 0.1, 2.98279e+06, 125.343
23799, 29706, 127, 2, 0, 0.1, 2.98292e+06, 125.343
23800, 29704, 127, 0, 0, 0.1, 2.98304e+06, 125.343
23801, 29706, 127, 2, 0, 0.1, 2.98317e+06, 125.343
23802, 29704, 127, 3, 0, 0.1, 2.9833e+06, 125.343
23803, 29704, 117, 1, 0, 0.1, 2.98341e+06, 125.343
23804, 28677, 127, 3, 0, 0.1, 2.98354e+06, 125.343
23805, 29704, 127, 3, 1, 0.1, 2.98367e+06, 125.343
23806, 29704, 117, 1, 0, 0.1, 2.98378e+06, 125.343
23807, 28677, 127, 3, 0, 0.1, 2.98391e+06, 125.343
23808, 29704, 127, 1, 0, 0.1, 2.98404e+06, 125.343
23809, 28677, 127, 3, 0, 0.1, 2.98417e+06, 125.343
23810, 29704, 127, 2, 0, 0.1, 2.98429e+06, 125.343
23811, 24586, 137, 3, 1, 0.1, 2.98443e+06, 125.344
23812, 24586, 117, 2, 0, 0.1, 2.98455e+06, 125.343
23813, 31236, 127, 3, 0, 0.1, 2.98467e+06, 125.343
23814, 31237, 127, 0, 0, 0.1, 2.9848e+06, 125.343
23815, 31365, 117, 3, 0, 0.1, 2.98492e+06, 125.343
23816, 32544, 87, 3, 0, 0.1, 2.98500e+06, 125.341
23817, 29962, 117, 2, 0, 0.1, 2.98512e+06, 125.341
23818, 30472, 137, 2, 0, 0.1, 2.98526e+06, 125.342
23819, 29962, 127, 3, 0, 0.1, 2.98539e+06, 125.342
23820, 29962, 117, 0, 1, 0.1, 2.9855e+06, 125.341
23821, 30472, 127, 1, 0, 0.1, 2.98563e+06, 125.341
23822, 29189, 137, 1, 0, 0.1, 2.98577e+06, 125.342
23823, 29954, 137, 3, 0, 0.1, 2.9859e+06, 125.342
23824, 28677, 127, 3, 0, 0.1, 2.98603e+06, 125.342
23825, 29960, 127, 2, 0, 0.1, 2.98616e+06, 125.342
23826, 25866, 127, 2, 0, 0.1, 2.98628e+06, 125.342
23827, 32002, 127, 2, 0, 0.1, 2.98641e+06, 125.343
23828, 29962, 127, 3, 1, 0.1, 2.98654e+06, 125.343
23829, 29962, 117, 2, 0, 0.1, 2.98666e+06, 125.342
23830, 32512, 137, 3, 0, 0.1, 2.98679e+06, 125.343
23831, 27141, 127, 0, 0, 0.1, 2.98692e+06, 125.343
23832, 27141, 117, 1, 0, 0.1, 2.98704e+06, 125.342
23833, 32512, 127, 2, 0, 0.1, 2.98716e+06, 125.343
23834, 29962, 127, 0, 1, 0.1, 2.98729e+06, 125.343
23835, 32512, 127, 2, 0, 0.1, 2.98742e+06, 125.343
23836, 29962, 127, 2, 0, 0.1, 2.98754e+06, 125.343
23837, 29962, 137, 0, 0, 0.1, 2.98768e+06, 125.343
23838, 29962, 127, 3, 1, 0.1, 2.98781e+06, 125.343
23839, 29962, 117, 0, 0, 0.1, 2.98793e+06, 125.343
23840, 32512, 127, 1, 0, 0.1, 2.98805e+06, 125.343
23841, 31237, 127, 3, 0, 0.1, 2.98818e+06, 125.343
23842, 32512, 127, 2, 0, 0.1, 2.98831e+06, 125.343
23843, 29962, 127, 2, 0, 0.1, 2.98843e+06, 125.343
23844, 29962, 127, 2, 0, 0.1, 2.98856e+06, 125.343
23845, 28940, 137, 0, 0, 0.1, 2.9887e+06, 125.344
23846, 24842, 127, 0, 0, 0.1, 2.98882e+06, 125.344
23847, 24842, 127, 0, 0, 0.1, 2.98895e+06, 125.344
23848, 31488, 127, 2, 0, 0.1, 2.98908e+06, 125.344
23849, 24842, 127, 0, 0, 0.1, 2.98921e+06, 125.344
23850, 31488, 127, 0, 0, 0.1, 2.98933e+06, 125.344
23851, 24842, 127, 2, 0, 0.1, 2.98946e+06, 125.344
23852, 31488, 127, 1, 0, 0.1, 2.98959e+06, 125.344
23853, 31237, 127, 1, 0, 0.1, 2.98971e+06, 125.344
23854, 30980, 137, 3, 0, 0.1, 2.98985e+06, 125.345
23855, 26629, 127, 1, 0, 0.1, 2.98998e+06, 125.345
23856, 30980, 127, 0, 0, 0.1, 2.99010e+06, 125.345
23857, 28938, 127, 2, 0, 0.1, 2.99023e+06, 125.345
23858, 30980, 127, 0, 0, 0.1, 2.99036e+06, 125.345
23859, 28938, 127, 1, 1, 0.1, 2.99049e+06, 125.345
23860, 28938, 117, 2, 0, 0.1, 2.9906e+06, 125.345
23861, 30980, 127, 3, 0, 0.1, 2.99073e+06, 125.345
23862, 26629, 127, 3, 0, 0.1, 2.99086e+06, 125.345
23863, 18688, 127, 3, 0, 0.1, 2.99098e+06, 125.345
23864, 26629, 127, 3, 0, 0.1, 2.99111e+06, 125.345
23865, 30725, 127, 2, 1, 0.1, 2.99124e+06, 125.345
23866, 30725, 117, 0, 0, 0.1, 2.99136e+06, 125.345
23867, 30725, 117, 3, 0, 0.1, 2.99147e+06, 125.345
23868, 30725, 127, 1, 0, 0.1, 2.9916e+06, 125.345
23869, 30853, 127, 3, 0, 0.1, 2.99173e+06, 125.345
23870, 30853, 127, 1, 0, 0.1, 2.99185e+06, 125.345
23871, 30853, 127, 1, 1, 0.1, 2.99198e+06, 125.345
23872, 26629, 127, 3, 0, 0.1, 2.99211e+06, 125.345
23873, 30725, 127, 3, 0, 0.1, 2.99223e+06, 125.345
23874, 30725, 127, 3, 0, 0.1, 2.99236e+06, 125.345
23875, 31745, 137, 0, 0, 0.1, 2.9925e+06, 125.345
23876, 31745, 117, 3, 0, 0.1, 2.99262e+06, 125.345
23877, 30853, 137, 3, 0, 0.1, 2.99275e+06, 125.346
23878, 30853, 137, 1, 0, 0.1, 2.99289e+06, 125.346
23879, 30853, 127, 3, 0, 0.1, 2.99302e+06, 125.346
23880, 30757, 77, 0, 1, 0.1, 2.99309e+06, 125.344
23881, 30472, 127, 0, 0, 0.1, 2.99322e+06, 125.344
23882, 29962, 137, 3, 1, 0.1, 2.99336e+06, 125.345
23883, 29962, 117, 2, 0, 0.1, 2.99347e+06, 125.344
23884, 30472, 127, 1, 0, 0.1, 2.9936e+06, 125.344
23885, 28677, 137, 1, 0, 0.1, 2.99374e+06, 125.345
23886, 29954, 127, 0, 0, 0.1, 2.99386e+06, 125.345
23887, 29962, 127, 2, 0, 0.1, 2.99399e+06, 125.345
23888, 29954, 127, 2, 0, 0.1, 2.99412e+06, 125.345
23889, 29962, 137, 3, 0, 0.1, 2.99426e+06, 125.346
23890, 29962, 117, 2, 0, 0.1, 2.99437e+06, 125.345
23891, 32002, 127, 2, 0, 0.1, 2.9945e+06, 125.345
23892, 29962, 137, 2, 0, 0.1, 2.99464e+06, 125.346
23893, 29448, 137, 1, 1, 0.1, 2.99477e+06, 125.346
23894, 29189, 127, 1, 0, 0.1, 2.9949e+06, 125.346
23895, 24582, 137, 1, 0, 0.1, 2.99504e+06, 125.347
23896, 24582, 117, 3, 0, 0.1, 2.99516e+06, 125.347
23897, 16389, 127, 3, 0, 0.1, 2.99528e+06, 125.347
23898, 24840, 127, 1, 0, 0.1, 2.99541e+06, 125.347
23899, 16389, 127, 3, 0, 0.1, 2.99554e+06, 125.347
23900, 24840, 127, 1, 0, 0.1, 2.99566e+06, 125.347
23901, 16389, 127, 3, 0, 0.1, 2.99579e+06, 125.347
23902, 24840, 127, 1, 0, 0.1, 2.99592e+06, 125.347
23903, 16389, 127, 3, 0, 0.1, 2.99604e+06, 125.347
23904, 24840, 127, 1, 0, 0.1, 2.99617e+06, 125.347
23905, 16389, 127, 1, 0, 0.1, 2.9963e+06, 125.347
23906, 24582, 127, 0, 0, 0.1, 2.99642e+06, 125.347
23907, 28682, 127, 0, 0, 0.1, 2.99655e+06, 125.347
23908, 29193, 127, 3, 1, 0.1, 2.99668e+06, 125.347
23909, 29193, 117, 1, 0, 0.1, 2.9968e+06, 125.347
23910, 29189, 137, 1, 0, 0.1, 2.99693e+06, 125.347
23911, 29954, 137, 2, 0, 0.1, 2.99707e+06, 125.348
23912, 17674, 137, 2, 0, 0.1, 2.99721e+06, 125.348
23913, 1290, 127, 3, 0, 0.1, 2.99733e+06, 125.349
23914, 1290, 117, 2, 0, 0.1, 2.99745e+06, 125.348
23915, 17674, 127, 2, 0, 0.1, 2.99758e+06, 125.348
23916, 25866, 127, 0, 0, 0.1, 2.99770e+06, 125.348
23917, 17674, 127, 2, 0, 0.1, 2.99783e+06, 125.348
23918, 25866, 127, 0, 0, 0.1, 2.99796e+06, 125.348
23919, 17674, 127, 2, 0, 0.1, 2.99809e+06, 125.349
23920, 25866, 127, 2, 0, 0.1, 2.99821e+06, 125.349
23921, 29962, 127, 0, 0, 0.1, 2.99834e+06, 125.349
23922, 25866, 127, 2, 0, 0.1, 2.99847e+06, 125.349
23923, 29962, 127, 2, 0, 0.1, 2.99859e+06, 125.349
23924, 29962, 127, 0, 0, 0.1, 2.99872e+06, 125.349
23925, 29962, 127, 0, 0, 0.1, 2.99885e+06, 125.349
23926, 25866, 127, 2, 0, 0.1, 2.99898e+06, 125.349
23927, 29962, 127, 2, 0, 0.1, 2.9991e+06, 125.349
23928, 29962, 127, 2, 0, 0.1, 2.99923e+06, 125.349
23929, 30982, 137, 3, 0, 0.1, 2.99937e+06, 125.35
23930, 28677, 137, 3, 0, 0.1, 2.9995e+06, 125.35
23931, 28940, 127, 1, 0, 0.1, 2.99963e+06, 125.35
23932, 28677, 127, 3, 0, 0.1, 2.99976e+06, 125.35
23933, 28940, 127, 1, 0, 0.1, 2.99988e+06, 125.35
23934, 28677, 127, 3, 0, 0.1, 3.00001e+06, 125.35
23935, 28940, 127, 1, 0, 0.1, 3.00014e+06, 125.35
23936, 28677, 127, 3, 0, 0.1, 3.00026e+06, 125.351
23937, 28940, 127, 2, 1, 0.1, 3.00039e+06, 125.351
23938, 28940, 117, 1, 0, 0.1, 3.00051e+06, 125.35
23939, 28677, 127, 1, 0, 0.1, 3.00064e+06, 125.35
23940, 24838, 127, 3, 0, 0.1, 3.00076e+06, 125.35
23941, 28677, 127, 3, 1, 0.1, 3.00089e+06, 125.35
23942, 28940, 127, 0, 0, 0.1, 3.00102e+06, 125.351
23943, 24578, 137, 0, 0, 0.1, 3.00115e+06, 125.351
23944, 16394, 127, 0, 0, 0.1, 3.00128e+06, 125.351
23945, 26627, 127, 3, 0, 0.1, 3.00141e+06, 125.351
23946, 30725, 127, 1, 0, 0.1, 3.00154e+06, 125.351
23947, 26627, 127, 3, 0, 0.1, 3.00166e+06, 125.351
23948, 30725, 127, 3, 0, 0.1, 3.00179e+06, 125.351
23949, 30980, 127, 0, 0, 0.1, 3.00192e+06, 125.351
23950, 28938, 127, 0, 0, 0.1, 3.00204e+06, 125.351
23951, 24840, 127, 1, 0, 0.1, 3.00217e+06, 125.352
23952, 16389, 127, 0, 1, 0.1, 3.0023e+06, 125.352
23953, 16389, 117, 1, 0, 0.1, 3.00241e+06, 125.351
23954, 6, 127, 0, 0, 0.1, 3.00254e+06, 125.351
23955, 10, 127, 1, 0, 0.1, 3.00267e+06, 125.351
23956, 10, 117, 2, 0, 0.1, 3.00278e+06, 125.351
23957, 6, 127, 3, 0, 0.1, 3.00291e+06, 125.351
23958, 16389, 127, 3, 0, 0.1, 3.00304e+06, 125.351
23959, 24840, 127, 1, 0, 0.1, 3.00317e+06, 125.351
23960, 16389, 127, 1, 0, 0.1, 3.00329e+06, 125.351
23961, 6, 127, 0, 0, 0.1, 3.00342e+06, 125.351
23962, 10, 127, 2, 0, 0.1, 3.00355e+06, 125.351
23963, 6, 127, 0, 0, 0.1, 3.00367e+06, 125.352
23964, 10, 127, 2, 0, 0.1, 3.0038e+06, 125.352
23965, 6, 127, 3, 0, 0.1, 3.00393e+06, 125.352
23966, 16389, 127, 1, 0, 0.1, 3.00406e+06, 125.352
23967, 6, 127, 3, 0, 0.1, 3.00418e+06, 125.352
23968, 16389, 127, 3, 1, 0.1, 3.00431e+06, 125.352
23969, 24840, 127, 2, 0, 0.1, 3.00444e+06, 125.352
23970, 28938, 127, 0, 0, 0.1, 3.00456e+06, 125.352
23971, 24840, 127, 0, 1, 0.1, 3.00469e+06, 125.352
23972, 28938, 127, 3, 1, 0.1, 3.00482e+06, 125.352
23973, 28938, 117, 2, 0, 0.1, 3.00493e+06, 125.352
23974, 24840, 127, 2, 0, 0.1, 3.00506e+06, 125.352
23975, 28938, 127, 0, 0, 0.1, 3.00519e+06, 125.352
23976, 24840, 127, 2, 1, 0.1, 3.00532e+06, 125.352
23977, 28938, 127, 2, 0, 0.1, 3.00544e+06, 125.352
23978, 30980, 127, 0, 0, 0.1, 3.00557e+06, 125.352
23979, 28938, 127, 0, 0, 0.1, 3.0057e+06, 125.352
23980, 24840, 127, 0, 0, 0.1, 3.00582e+06, 125.352
23981, 28938, 127, 0, 0, 0.1, 3.00595e+06, 125.352
23982, 30978, 127, 3, 0, 0.1, 3.00608e+06, 125.352
23983, 28677, 137, 1, 0, 0.1, 3.00621e+06, 125.353
23984, 24834, 127, 2, 0, 0.1, 3.00634e+06, 125.353
23985, 16650, 127, 0, 0, 0.1, 3.00647e+06, 125.353
23986, 24834, 127, 3, 0, 0.1, 3.0066e+06, 125.353
23987, 28677, 127, 1, 0, 0.1, 3.00672e+06, 125.353
23988, 24834, 127, 3, 0, 0.1, 3.00685e+06, 125.353
23989, 28677, 127, 3, 0, 0.1, 3.00698e+06, 125.353
23990, 29960, 127, 2, 0, 0.1, 3.0071e+06, 125.353
23991, 29962, 137, 0, 0, 0.1, 3.00724e+06, 125.354
23992, 29960, 127, 2, 0, 0.1, 3.00737e+06, 125.354
23993, 29962, 127, 3, 1, 0.1, 3.00749e+06, 125.354
23994, 29962, 117, 1, 1, 0.1, 3.00761e+06, 125.354
23995, 29962, 117, 2, 0, 0.1, 3.00773e+06, 125.353
23996, 32002, 137, 3, 0, 0.1, 3.00786e+06, 125.354
23997, 30725, 137, 1, 0, 0.1, 3.008e+06, 125.354
23998, 32002, 127, 3, 0, 0.1, 3.00813e+06, 125.354
23999, 30725, 127, 3, 0, 0.1, 3.00826e+06, 125.354
24000, 28932, 137, 0, 0, 0.1, 3.00839e+06, 125.355
24001, 28938, 137, 2, 0, 0.1, 3.00853e+06, 125.355
24002, 28932, 127, 0, 0, 0.1, 3.00866e+06, 125.355
24003, 28938, 127, 0, 0, 0.1, 3.00878e+06, 125.356
24004, 28954, 137, 2, 0, 0.1, 3.00892e+06, 125.356
24005, 24858, 127, 2, 0, 0.1, 3.00905e+06, 125.356
24006, 24852, 127, 0, 0, 0.1, 3.00918e+06, 125.356
24007, 24858, 127, 0, 0, 0.1, 3.0093e+06, 125.356
24008, 28938, 77, 2, 0, 0.1, 3.00938e+06, 125.354
24009, 29960, 137, 2, 0, 0.1, 3.00952e+06, 125.355
24010, 29962, 127, 2, 0, 0.1, 3.00964e+06, 125.355
24011, 32002, 137, 3, 0, 0.1, 3.00978e+06, 125.355
24012, 30725, 137, 0, 0, 0.1, 3.00992e+06, 125.356
24013, 30725, 117, 1, 0, 0.1, 3.01003e+06, 125.355
24014, 32002, 127, 2, 0, 0.1, 3.01016e+06, 125.355
24015, 29962, 137, 2, 0, 0.1, 3.0103e+06, 125.356
24016, 32512, 127, 2, 0, 0.1, 3.01042e+06, 125.356
24017, 29962, 137, 2, 0, 0.1, 3.01056e+06, 125.357
24018, 29962, 127, 2, 0, 0.1, 3.01069e+06, 125.357
24019, 29452, 137, 1, 0, 0.1, 3.01083e+06, 125.357
24020, 28677, 137, 1, 1, 0.1, 3.01096e+06, 125.358
24021, 61446, 137, 1, 0, 0.1, 3.0111e+06, 125.358
24022, 61446, 117, 3, 0, 0.1, 3.01122e+06, 125.358
24023, 57349, 127, 1, 0, 0.1, 3.01134e+06, 125.358
24024, 61446, 127, 1, 0, 0.1, 3.01147e+06, 125.358
24025, 61446, 117, 2, 0, 0.1, 3.01159e+06, 125.357
24026, 61446, 117, 1, 0, 0.1, 3.01170e+06, 125.357
24027, 61446, 117, 3, 0, 0.1, 3.01182e+06, 125.357
24028, 57349, 127, 3, 0, 0.1, 3.01195e+06, 125.357
24029, 49420, 127, 3, 0, 0.1, 3.01208e+06, 125.357
24030, 49420, 117, 1, 0, 0.1, 3.01219e+06, 125.357
24031, 57349, 127, 1, 0, 0.1, 3.01232e+06, 125.357
24032, 61446, 127, 1, 0, 0.1, 3.01245e+06, 125.357
24033, 61446, 117, 1, 0, 0.1, 3.01256e+06, 125.356
24034, 61446, 117, 1, 0, 0.1, 3.01268e+06, 125.356
24035, 61446, 117, 3, 0, 0.1, 3.0128e+06, 125.356
24036, 57349, 127, 3, 0, 0.1, 3.01292e+06, 125.356
24037, 49420, 127, 0, 0, 0.1, 3.01305e+06, 125.356
24038, 33034, 127, 1, 0, 0.1, 3.01318e+06, 125.356
24039, 33034, 117, 2, 0, 0.1, 3.0133e+06, 125.356
24040, 49420, 127, 0, 0, 0.1, 3.01342e+06, 125.356
24041, 33034, 127, 0, 0, 0.1, 3.01355e+06, 125.356
24042, 49418, 127, 0, 0, 0.1, 3.01368e+06, 125.356
24043, 60160, 127, 0, 0, 0.1, 3.0138e+06, 125.356
24044, 49418, 127, 1, 0, 0.1, 3.01393e+06, 125.356
24045, 49418, 117, 1, 1, 0.1, 3.01405e+06, 125.356
24046, 49418, 117, 1, 0, 0.1, 3.01416e+06, 125.355
24047, 49418, 117, 0, 0, 0.1, 3.01428e+06, 125.355
24048, 59650, 127, 0, 0, 0.1, 3.01441e+06, 125.355
24049, 49418, 127, 0, 1, 0.1, 3.01454e+06, 125.355
24050, 57608, 127, 0, 0, 0.1, 3.01466e+06, 125.355
24051, 61706, 127, 3, 1, 0.1, 3.01479e+06, 125.355
24052, 61706, 117, 0, 0, 0.1, 3.01491e+06, 125.355
24053, 61704, 127, 0, 0, 0.1, 3.01503e+06, 125.355
24054, 61706, 137, 2, 0, 0.1, 3.01517e+06, 125.355
24055, 57608, 127, 0, 0, 0.1, 3.0153e+06, 125.355
24056, 61706, 127, 2, 0, 0.1, 3.01542e+06, 125.355
24057, 57608, 127, 0, 0, 0.1, 3.01555e+06, 125.356
24058, 61706, 127, 0, 0, 0.1, 3.01568e+06, 125.356
24059, 63874, 127, 3, 1, 0.1, 3.01581e+06, 125.356
24060, 63621, 137, 1, 0, 0.1, 3.01594e+06, 125.356
24061, 63746, 127, 3, 0, 0.1, 3.01607e+06, 125.356
24062, 63493, 127, 3, 0, 0.1, 3.0162e+06, 125.356
24063, 64513, 137, 1, 0, 0.1, 3.01633e+06, 125.357
24064, 59397, 127, 1, 0, 0.1, 3.01646e+06, 125.357
24065, 59650, 127, 2, 0, 0.1, 3.01659e+06, 125.357
24066, 49418, 127, 1, 0, 0.1, 3.01672e+06, 125.357
24067, 49418, 117, 3, 1, 0.1, 3.01683e+06, 125.357
24068, 49418, 117, 0, 1, 0.1, 3.01695e+06, 125.356
24069, 59650, 127, 3, 0, 0.1, 3.01708e+06, 125.356
24070, 59397, 127, 3, 0, 0.1, 3.0172e+06, 125.356
24071, 64513, 127, 2, 0, 0.1, 3.01733e+06, 125.356
24072, 62474, 127, 0, 0, 0.1, 3.01746e+06, 125.357
24073, 64513, 127, 0, 1, 0.1, 3.01758e+06, 125.357
24074, 64513, 117, 3, 0, 0.1, 3.0177e+06, 125.356
24075, 63493, 127, 0, 0, 0.1, 3.01783e+06, 125.356
24076, 63493, 117, 1, 0, 0.1, 3.01794e+06, 125.356
24077, 64513, 127, 3, 0, 0.1, 3.01807e+06, 125.356
24078, 63493, 127, 1, 0, 0.1, 3.0182e+06, 125.356
24079, 64513, 127, 1, 0, 0.1, 3.01833e+06, 125.356
24080, 59525, 127, 3, 0, 0.1, 3.01845e+06, 125.356
24081, 64513, 127, 3, 0, 0.1, 3.01858e+06, 125.356
24082, 63493, 127, 1, 0, 0.1, 3.01871e+06, 125.356
24083, 64513, 127, 2, 0, 0.1, 3.01883e+06, 125.356
24084, 62474, 127, 2, 0, 0.1, 3.01896e+06, 125.357
24085, 58378, 137, 3, 0, 0.1, 3.0191e+06, 125.357
24086, 58378, 117, 0, 0, 0.1, 3.01922e+06, 125.357
24087, 58378, 127, 2, 0, 0.1, 3.01934e+06, 125.357
24088, 58378, 127, 0, 0, 0.1, 3.01947e+06, 125.357
24089, 58378, 127, 0, 0, 0.1, 3.0196e+06, 125.357
24090, 64513, 127, 1, 0, 0.1, 3.01972e+06, 125.357
24091, 59397, 127, 3, 0, 0.1, 3.01985e+06, 125.357
24092, 64513, 127, 2, 0, 0.1, 3.01998e+06, 125.357
24093, 58378, 127, 2, 0, 0.1, 3.0201e+06, 125.357
24094, 58378, 127, 0, 0, 0.1, 3.02023e+06, 125.357
24095, 58378, 127, 0, 0, 0.1, 3.02036e+06, 125.357
24096, 64513, 127, 1, 0, 0.1, 3.02048e+06, 125.357
24097, 59397, 127, 3, 0, 0.1, 3.02061e+06, 125.357
24098, 64513, 127, 3, 0, 0.1, 3.02074e+06, 125.357
24099, 63493, 127, 0, 0, 0.1, 3.02087e+06, 125.358
24100, 63493, 117, 0, 1, 0.1, 3.02098e+06, 125.357
24101, 63493, 117, 1, 0, 0.1, 3.0211e+06, 125.357
24102, 64513, 127, 3, 0, 0.1, 3.02123e+06, 125.357
24103, 63493, 127, 1, 0, 0.1, 3.02135e+06, 125.357
24104, 64513, 127, 1, 0, 0.1, 3.02148e+06, 125.357
24105, 59397, 127, 3, 0, 0.1, 3.02161e+06, 125.357
24106, 64513, 127, 1, 0, 0.1, 3.02174e+06, 125.357
24107, 59397, 127, 0, 0, 0.1, 3.02186e+06, 125.357
24108, 59397, 117, 3, 0, 0.1, 3.02198e+06, 125.357
24109, 64513, 127, 1, 0, 0.1, 3.02211e+06, 125.357
24110, 59397, 127, 3, 0, 0.1, 3.02223e+06, 125.357
24111, 64513, 127, 2, 0, 0.1, 3.02236e+06, 125.357
24112, 58378, 127, 2, 0, 0.1, 3.02249e+06, 125.357
24113, 58378, 127, 2, 0, 0.1, 3.02261e+06, 125.357
24114, 62474, 127, 2, 0, 0.1, 3.02274e+06, 125.357
24115, 62474, 127, 2, 0, 0.1, 3.02287e+06, 125.357
24116, 57354, 137, 0, 0, 0.1, 3.02300e+06, 125.358
24117, 49162, 127, 2, 0, 0.1, 3.02313e+06, 125.358
24118, 57354, 127, 2, 0, 0.1, 3.02326e+06, 125.358
24119, 63492, 127, 0, 1, 0.1, 3.02339e+06, 125.358
24120, 57354, 127, 0, 0, 0.1, 3.02351e+06, 125.358
24121, 16394, 127, 2, 1, 0.1, 3.02364e+06, 125.358
24122, 24586, 127, 2, 0, 0.1, 3.02377e+06, 125.358
24123, 30724, 127, 3, 0, 0.1, 3.02389e+06, 125.358
24124, 30725, 127, 3, 0, 0.1, 3.02402e+06, 125.358
24125, 30725, 137, 0, 0, 0.1, 3.02416e+06, 125.359
24126, 30725, 117, 3, 0, 0.1, 3.02428e+06, 125.359
24127, 30725, 127, 2, 1, 0.1, 3.0244e+06, 125.359
24128, 30725, 117, 1, 0, 0.1, 3.02452e+06, 125.358
24129, 30725, 127, 1, 0, 0.1, 3.02465e+06, 125.358
24130, 26629, 127, 1, 0, 0.1, 3.02477e+06, 125.358
24131, 18436, 127, 2, 0, 0.1, 3.0249e+06, 125.358
24132, 18436, 117, 3, 0, 0.1, 3.02502e+06, 125.358
24133, 26629, 127, 3, 0, 0.1, 3.02514e+06, 125.358
24134, 30725, 127, 3, 0, 0.1, 3.02527e+06, 125.358
24135, 30725, 127, 3, 0, 0.1, 3.0254e+06, 125.358
24136, 28940, 137, 0, 0, 0.1, 3.02554e+06, 125.359
24137, 28954, 137, 3, 0, 0.1, 3.02567e+06, 125.359
24138, 28954, 67, 3, 0, 0.1, 3.02574e+06, 125.357
24139, 29962, 117, 2, 0, 0.1, 3.02586e+06, 125.357
24140, 30472, 137, 2, 0, 0.1, 3.02599e+06, 125.357
24141, 29962, 127, 2, 0, 0.1, 3.02612e+06, 125.357
24142, 32002, 127, 2, 0, 0.1, 3.02625e+06, 125.357
24143, 29962, 137, 3, 0, 0.1, 3.02638e+06, 125.358
24144, 29962, 117, 2, 1, 0.1, 3.0265e+06, 125.357
24145, 32512, 127, 1, 0, 0.1, 3.02663e+06, 125.357
24146, 31237, 137, 1, 0, 0.1, 3.02676e+06, 125.358
24147, 31492, 137, 0, 0, 0.1, 3.0269e+06, 125.358
24148, 28938, 137, 0, 0, 0.1, 3.02704e+06, 125.359
24149, 29448, 137, 1, 0, 0.1, 3.02718e+06, 125.359
24150, 28677, 137, 1, 0, 0.1, 3.02731e+06, 125.36
24151, 28934, 127, 3, 0, 0.1, 3.02744e+06, 125.36
24152, 28677, 127, 1, 0, 0.1, 3.02757e+06, 125.36
24153, 28934, 127, 0, 0, 0.1, 3.02769e+06, 125.36
24154, 28938, 127, 2, 0, 0.1, 3.02782e+06, 125.36
24155, 28934, 127, 3, 0, 0.1, 3.02795e+06, 125.36
24156, 28677, 127, 2, 1, 0.1, 3.02808e+06, 125.36
24157, 28677, 117, 2, 1, 0.1, 3.02819e+06, 125.36
24158, 28677, 117, 3, 0, 0.1, 3.02831e+06, 125.359
24159, 28936, 127, 0, 0, 0.1, 3.02844e+06, 125.36
24160, 28938, 137, 2, 0, 0.1, 3.02857e+06, 125.36
24161, 28936, 127, 3, 0, 0.1, 3.0287e+06, 125.36
24162, 28936, 117, 1, 0, 0.1, 3.02882e+06, 125.36
24163, 24581, 127, 1, 0, 0.1, 3.02894e+06, 125.36
24164, 28934, 127, 0, 0, 0.1, 3.02907e+06, 125.36
24165, 28938, 127, 0, 0, 0.1, 3.0292e+06, 125.36
24166, 29193, 137, 0, 1, 0.1, 3.02934e+06, 125.36
24167, 29193, 117, 3, 0, 0.1, 3.02945e+06, 125.36
24168, 29193, 117, 1, 1, 0.1, 3.02957e+06, 125.36
24169, 29189, 127, 1, 0, 0.1, 3.0297e+06, 125.36
24170, 29954, 137, 0, 1, 0.1, 3.02983e+06, 125.36
24171, 29962, 137, 2, 0, 0.1, 3.02997e+06, 125.361
24172, 25858, 127, 1, 1, 0.1, 3.0301e+06, 125.361
24173, 25858, 117, 2, 0, 0.1, 3.03021e+06, 125.36
24174, 17674, 127, 1, 0, 0.1, 3.03034e+06, 125.361
24175, 17674, 117, 0, 0, 0.1, 3.03046e+06, 125.36
24176, 25858, 127, 2, 0, 0.1, 3.03058e+06, 125.36
24177, 17674, 127, 2, 0, 0.1, 3.03071e+06, 125.36
24178, 17674, 127, 2, 0, 0.1, 3.03084e+06, 125.36
24179, 25866, 127, 0, 0, 0.1, 3.03097e+06, 125.36
24180, 17674, 127, 0, 0, 0.1, 3.03109e+06, 125.361
24181, 17674, 127, 0, 0, 0.1, 3.03122e+06, 125.361
24182, 25858, 127, 0, 0, 0.1, 3.03135e+06, 125.361
24183, 29962, 127, 1, 1, 0.1, 3.03147e+06, 125.361
24184, 29962, 117, 2, 0, 0.1, 3.03159e+06, 125.36
24185, 25858, 127, 0, 0, 0.1, 3.03172e+06, 125.36
24186, 29962, 127, 2, 0, 0.1, 3.03184e+06, 125.361
24187, 25858, 127, 3, 0, 0.1, 3.03197e+06, 125.361
24188, 16389, 127, 1, 0, 0.1, 3.0321e+06, 125.361
24189, 25858, 127, 0, 0, 0.1, 3.03223e+06, 125.361
24190, 29962, 127, 2, 0, 0.1, 3.03235e+06, 125.361
24191, 25858, 127, 0, 0, 0.1, 3.03248e+06, 125.361
24192, 29962, 127, 2, 0, 0.1, 3.03261e+06, 125.361
24193, 25858, 127, 3, 0, 0.1, 3.03273e+06, 125.361
24194, 16389, 127, 3, 0, 0.1, 3.03286e+06, 125.361
24195, 9, 127, 2, 0, 0.1, 3.03299e+06, 125.361
24196, 10, 127, 2, 0, 0.1, 3.03312e+06, 125.361
24197, 16390, 127, 3, 0, 0.1, 3.03324e+06, 125.361
24198, 24581, 127, 1, 0, 0.1, 3.03337e+06, 125.361
24199, 16390, 127, 1, 0, 0.1, 3.0335e+06, 125.361
24200, 16390, 117, 3, 0, 0.1, 3.03361e+06, 125.361
24201, 24581, 127, 3, 0, 0.1, 3.03374e+06, 125.361
24202, 28936, 127, 0, 0, 0.1, 3.03387e+06, 125.361
24203, 28938, 127, 2, 0, 0.1, 3.03399e+06, 125.361
24204, 28936, 127, 0, 0, 0.1, 3.03412e+06, 125.361
24205, 28938, 127, 2, 0, 0.1, 3.03425e+06, 125.361
24206, 28936, 127, 2, 0, 0.1, 3.03438e+06, 125.361
24207, 28938, 127, 2, 0, 0.1, 3.0345e+06, 125.362
24208, 31492, 127, 0, 0, 0.1, 3.03463e+06, 125.362
24209, 28938, 127, 0, 0, 0.1, 3.03476e+06, 125.362
24210, 28936, 127, 1, 1, 0.1, 3.03488e+06, 125.362
24211, 24581, 127, 3, 0, 0.1, 3.03501e+06, 125.362
24212, 28936, 127, 0, 0, 0.1, 3.03514e+06, 125.362
24213, 28938, 127, 0, 0, 0.1, 3.03526e+06, 125.362
24214, 28930, 137, 3, 0, 0.1, 3.0354e+06, 125.362
24215, 28677, 127, 3, 0, 0.1, 3.03553e+06, 125.363
24216, 29960, 127, 2, 0, 0.1, 3.03566e+06, 125.363
24217, 29962, 127, 2, 0, 0.1, 3.03578e+06, 125.363
24218, 32002, 127, 3, 0, 0.1, 3.03591e+06, 125.363
24219, 30853, 137, 1, 0, 0.1, 3.03605e+06, 125.363
24220, 32130, 127, 2, 0, 0.1, 3.03617e+06, 125.363
24221, 25882, 127, 2, 0, 0.1, 3.0363e+06, 125.363
24222, 28432, 127, 1, 0, 0.1, 3.03643e+06, 125.363
24223, 31365, 127, 2, 0, 0.1, 3.03655e+06, 125.363
24224, 31237, 67, 3, 0, 0.1, 3.03662e+06, 125.361
24225, 29962, 117, 2, 0, 0.1, 3.03674e+06, 125.361
24226, 30472, 137, 1, 0, 0.1, 3.03688e+06, 125.361
24227, 29189, 137, 1, 0, 0.1, 3.03701e+06, 125.362
24228, 29954, 137, 2, 0, 0.1, 3.03715e+06, 125.362
24229, 29962, 127, 2, 0, 0.1, 3.03728e+06, 125.362
24230, 30472, 137, 2, 0, 0.1, 3.03741e+06, 125.363
24231, 29962, 127, 0, 1, 0.1, 3.03754e+06, 125.363
24232, 30472, 127, 2, 0, 0.1, 3.03767e+06, 125.363
24233, 29962, 127, 2, 0, 0.1, 3.03779e+06, 125.363
24234, 31492, 137, 0, 0, 0.1, 3.03793e+06, 125.363
24235, 28938, 127, 0, 0, 0.1, 3.03806e+06, 125.363
24236, 29448, 127, 1, 0, 0.1, 3.03818e+06, 125.364
24237, 29189, 137, 1, 0, 0.1, 3.03832e+06, 125.364
24238, 6, 137, 3, 0, 0.1, 3.03846e+06, 125.364
24239, 16389, 127, 3, 0, 0.1, 3.03859e+06, 125.365
24240, 24840, 127, 1, 1, 0.1, 3.03871e+06, 125.365
24241, 16389, 127, 3, 0, 0.1, 3.03884e+06, 125.365
24242, 24840, 127, 0, 0, 0.1, 3.03897e+06, 125.365
24243, 28938, 127, 0, 0, 0.1, 3.03909e+06, 125.365
24244, 28930, 127, 3, 0, 0.1, 3.03922e+06, 125.365
24245, 28677, 127, 1, 0, 0.1, 3.03935e+06, 125.365
24246, 28930, 127, 1, 0, 0.1, 3.03948e+06, 125.365
24247, 28930, 117, 0, 0, 0.1, 3.03959e+06, 125.365
24248, 28938, 137, 2, 0, 0.1, 3.03973e+06, 125.365
24249, 28930, 127, 3, 0, 0.1, 3.03986e+06, 125.365
24250, 24581, 127, 1, 0, 0.1, 3.03998e+06, 125.365
24251, 28930, 127, 3, 0, 0.1, 3.04011e+06, 125.365
24252, 24581, 127, 3, 0, 0.1, 3.04024e+06, 125.365
24253, 29960, 127, 1, 0, 0.1, 3.04036e+06, 125.365
24254, 24581, 127, 1, 0, 0.1, 3.04049e+06, 125.366
24255, 28930, 127, 2, 0, 0.1, 3.04062e+06, 125.366
24256, 24842, 127, 0, 0, 0.1, 3.04074e+06, 125.366
24257, 28930, 127, 0, 0, 0.1, 3.04087e+06, 125.366
24258, 28938, 127, 2, 0, 0.1, 3.041e+06, 125.366
24259, 28930, 127, 0, 0, 0.1, 3.04113e+06, 125.366
24260, 28938, 127, 0, 0, 0.1, 3.04125e+06, 125.366
24261, 30978, 137, 2, 0, 0.1, 3.04139e+06, 125.366
24262, 28938, 127, 3, 0, 0.1, 3.04152e+06, 125.367
24263, 28938, 117, 1, 0, 0.1, 3.04163e+06, 125.366
24264, 28938, 117, 0, 0, 0.1, 3.04175e+06, 125.366
24265, 30978, 77, 2, 0, 0.1, 3.04183e+06, 125.364
24266, 30472, 137, 2, 0, 0.1, 3.04196e+06, 125.364
24267, 29962, 137, 2, 0, 0.1, 3.0421e+06, 125.365
24268, 32002, 137, 3, 0, 0.1, 3.04224e+06, 125.365
24269, 30725, 127, 1, 1, 0.1, 3.04237e+06, 125.365
24270, 32002, 127, 0, 0, 0.1, 3.04249e+06, 125.365
24271, 25866, 127, 2, 0, 0.1, 3.04262e+06, 125.365
24272, 32002, 127, 2, 0, 0.1, 3.04275e+06, 125.366
24273, 29962, 127, 2, 0, 0.1, 3.04287e+06, 125.366
24274, 32512, 137, 2, 0, 0.1, 3.04301e+06, 125.366
24275, 29962, 127, 2, 0, 0.1, 3.04314e+06, 125.366
24276, 29962, 137, 3, 0, 0.1, 3.04328e+06, 125.367
24277, 29962, 117, 2, 0, 0.1, 3.04339e+06, 125.366
24278, 28940, 137, 0, 0, 0.1, 3.04353e+06, 125.367
24279, 24842, 127, 1, 0, 0.1, 3.04366e+06, 125.367
24280, 24842, 117, 2, 0, 0.1, 3.04377e+06, 125.366
24281, 28940, 127, 1, 0, 0.1, 3.0439e+06, 125.367
24282, 28677, 127, 3, 0, 0.1, 3.04403e+06, 125.367
24283, 28940, 127, 1, 0, 0.1, 3.04415e+06, 125.367
24284, 28677, 127, 1, 0, 0.1, 3.04428e+06, 125.367
24285, 61702, 137, 0, 1, 0.1, 3.04442e+06, 125.367
24286, 61961, 137, 2, 0, 0.1, 3.04456e+06, 125.368
24287, 61446, 127, 2, 0, 0.1, 3.04468e+06, 125.368
24288, 61446, 117, 0, 0, 0.1, 3.0448e+06, 125.367
24289, 61961, 127, 3, 1, 0.1, 3.04493e+06, 125.368
24290, 61961, 117, 0, 0, 0.1, 3.04504e+06, 125.367
24291, 61961, 117, 1, 0, 0.1, 3.04516e+06, 125.367
24292, 61957, 137, 1, 0, 0.1, 3.0453e+06, 125.367
24293, 61442, 137, 1, 1, 0.1, 3.04543e+06, 125.368
24294, 61442, 117, 0, 0, 0.1, 3.04555e+06, 125.367
24295, 61450, 127, 3, 0, 0.1, 3.04568e+06, 125.367
24296, 61450, 117, 1, 0, 0.1, 3.0458e+06, 125.367
24297, 61450, 117, 1, 0, 0.1, 3.04591e+06, 125.367
24298, 61450, 117, 3, 0, 0.1, 3.04603e+06, 125.366
24299, 61450, 117, 3, 0, 0.1, 3.04615e+06, 125.366
24300, 61450, 117, 2, 0, 0.1, 3.04626e+06, 125.366
24301, 61442, 127, 1, 0, 0.1, 3.04639e+06, 125.366
24302, 61442, 117, 0, 0, 0.1, 3.04651e+06, 125.365
24303, 61450, 127, 3, 0, 0.1, 3.04663e+06, 125.366
24304, 61450, 117, 3, 0, 0.1, 3.04675e+06, 125.365
24305, 61450, 117, 2, 0, 0.1, 3.04687e+06, 125.365
24306, 61442, 127, 3, 0, 0.1, 3.047e+06, 125.365
24307, 57349, 127, 1, 0, 0.1, 3.04712e+06, 125.365
24308, 61442, 127, 0, 0, 0.1, 3.04725e+06, 125.365
24309, 61450, 127, 0, 1, 0.1, 3.04738e+06, 125.365
24310, 63491, 127, 2, 1, 0.1, 3.0475e+06, 125.365
24311, 61450, 127, 0, 0, 0.1, 3.04763e+06, 125.365
24312, 63491, 127, 0, 0, 0.1, 3.04776e+06, 125.365
24313, 63491, 117, 3, 0, 0.1, 3.04787e+06, 125.365
24314, 59397, 137, 0, 0, 0.1, 3.04801e+06, 125.365
24315, 59397, 117, 3, 0, 0.1, 3.04813e+06, 125.365
24316, 63748, 127, 1, 0, 0.1, 3.04826e+06, 125.365
24317, 59397, 127, 1, 0, 0.1, 3.04838e+06, 125.365
24318, 51203, 127, 1, 0, 0.1, 3.04851e+06, 125.365
24319, 51203, 117, 0, 0, 0.1, 3.04863e+06, 125.365
24320, 51203, 117, 2, 0, 0.1, 3.04874e+06, 125.365
24321, 57354, 127, 2, 0, 0.1, 3.04887e+06, 125.365
24322, 61442, 127, 2, 0, 0.1, 3.049e+06, 125.365
24323, 61964, 127, 1, 0, 0.1, 3.04912e+06, 125.365
24324, 61957, 137, 0, 0, 0.1, 3.04926e+06, 125.365
24325, 61957, 117, 1, 0, 0.1, 3.04938e+06, 125.365
24326, 61702, 137, 1, 0, 0.1, 3.04952e+06, 125.365
24327, 61702, 117, 0, 0, 0.1, 3.04963e+06, 125.365
24328, 61706, 137, 0, 0, 0.1, 3.04977e+06, 125.366
24329, 61706, 137, 0, 0, 0.1, 3.04991e+06, 125.366
24330, 61706, 127, 2, 0, 0.1, 3.05003e+06, 125.366
24331, 61706, 127, 2, 0, 0.1, 3.05016e+06, 125.366
24332, 57610, 127, 0, 1, 0.1, 3.05029e+06, 125.366
24333, 61706, 127, 0, 0, 0.1, 3.05041e+06, 125.366
24334, 61706, 127, 1, 0, 0.1, 3.05054e+06, 125.366
24335, 61706, 117, 2, 0, 0.1, 3.05066e+06, 125.366
24336, 61706, 127, 3, 0, 0.1, 3.05078e+06, 125.366
24337, 61706, 117, 2, 0, 0.1, 3.0509e+06, 125.366
24338, 57610, 127, 2, 0, 0.1, 3.05103e+06, 125.366
24339, 49414, 127, 2, 0, 0.1, 3.05116e+06, 125.366
24340, 49414, 117, 3, 1, 0.1, 3.05127e+06, 125.366
24341, 32773, 127, 1, 0, 0.1, 3.0514e+06, 125.366
24342, 49414, 127, 0, 0, 0.1, 3.05153e+06, 125.366
24343, 57610, 127, 0, 0, 0.1, 3.05165e+06, 125.366
24344, 61706, 127, 0, 0, 0.1, 3.05178e+06, 125.366
24345, 61706, 127, 0, 0, 0.1, 3.05191e+06, 125.366
24346, 61706, 137, 1, 1, 0.1, 3.05204e+06, 125.366
24347, 61706, 117, 1, 1, 0.1, 3.05216e+06, 125.366
24348, 61706, 117, 2, 0, 0.1, 3.05228e+06, 125.366
24349, 61706, 127, 0, 0, 0.1, 3.05241e+06, 125.366
24350, 61706, 127, 0, 0, 0.1, 3.05253e+06, 125.366
24351, 61706, 137, 1, 0, 0.1, 3.05267e+06, 125.366
24352, 61706, 117, 2, 0, 0.1, 3.05279e+06, 125.366
24353, 57610, 127, 0, 0, 0.1, 3.05291e+06, 125.366
24354, 61706, 127, 2, 0, 0.1, 3.05304e+06, 125.366
24355, 57610, 127, 3, 1, 0.1, 3.05317e+06, 125.366
24356, 57610, 117, 1, 0, 0.1, 3.05328e+06, 125.366
24357, 57610, 117, 0, 0, 0.1, 3.0534e+06, 125.365
24358, 61706, 127, 2, 0, 0.1, 3.05353e+06, 125.366
24359, 57610, 127, 3, 1, 0.1, 3.05366e+06, 125.366
24360, 57610, 117, 2, 0, 0.1, 3.05377e+06, 125.365
24361, 49418, 127, 1, 1, 0.1, 3.0539e+06, 125.365
24362, 49418, 117, 2, 0, 0.1, 3.05402e+06, 125.365
24363, 33034, 127, 3, 0, 0.1, 3.05414e+06, 125.365
24364, 33034, 117, 2, 0, 0.1, 3.05426e+06, 125.365
24365, 33034, 127, 0, 0, 0.1, 3.05439e+06, 125.365
24366, 33034, 127, 2, 0, 0.1, 3.05452e+06, 125.365
24367, 33034, 127, 0, 0, 0.1, 3.05464e+06, 125.365
24368, 33034, 127, 2, 0, 0.1, 3.05477e+06, 125.365
24369, 33034, 127, 0, 0, 0.1, 3.0549e+06, 125.365
24370, 33034, 127, 2, 0, 0.1, 3.05502e+06, 125.365
24371, 33034, 127, 0, 0, 0.1, 3.05515e+06, 125.365
24372, 33034, 127, 0, 0, 0.1, 3.05528e+06, 125.365
24373, 49418, 127, 0, 0, 0.1, 3.0554e+06, 125.365
24374, 57610, 127, 0, 0, 0.1, 3.05553e+06, 125.365
24375, 61706, 127, 0, 0, 0.1, 3.05566e+06, 125.365
24376, 61706, 127, 2, 0, 0.1, 3.05578e+06, 125.366
24377, 61706, 127, 2, 0, 0.1, 3.05591e+06, 125.366
24378, 57610, 127, 0, 0, 0.1, 3.05604e+06, 125.366
24379, 61706, 127, 0, 0, 0.1, 3.05617e+06, 125.366
24380, 61706, 127, 2, 0, 0.1, 3.05629e+06, 125.366
24381, 61706, 127, 0, 0, 0.1, 3.05642e+06, 125.366
24382, 61706, 127, 2, 0, 0.1, 3.05655e+06, 125.366
24383, 61706, 127, 0, 0, 0.1, 3.05667e+06, 125.366
24384, 61706, 127, 0, 0, 0.1, 3.0568e+06, 125.366
24385, 30978, 137, 0, 0, 0.1, 3.05694e+06, 125.367
24386, 28938, 127, 0, 0, 0.1, 3.05706e+06, 125.367
24387, 30978, 137, 3, 0, 0.1, 3.0572e+06, 125.367
24388, 30725, 137, 1, 0, 0.1, 3.05734e+06, 125.368
24389, 30978, 127, 0, 0, 0.1, 3.05747e+06, 125.368
24390, 28938, 137, 2, 0, 0.1, 3.0576e+06, 125.368
24391, 30978, 127, 0, 0, 0.1, 3.05773e+06, 125.368
24392, 28938, 127, 2, 0, 0.1, 3.05786e+06, 125.368
24393, 30978, 127, 3, 0, 0.1, 3.05798e+06, 125.368
24394, 30725, 127, 1, 0, 0.1, 3.05811e+06, 125.368
24395, 31106, 127, 1, 0, 0.1, 3.05824e+06, 125.368
24396, 31106, 117, 0, 0, 0.1, 3.05836e+06, 125.368
24397, 29002, 127, 0, 0, 0.1, 3.05848e+06, 125.368
24398, 29002, 137, 1, 0, 0.1, 3.05862e+06, 125.369
24399, 28938, 67, 0, 1, 0.1, 3.05869e+06, 125.366
24400, 30472, 137, 1, 0, 0.1, 3.05882e+06, 125.367
24401, 28677, 137, 1, 0, 0.1, 3.05896e+06, 125.367
24402, 29954, 127, 2, 0, 0.1, 3.05909e+06, 125.367
24403, 29962, 137, 2, 0, 0.1, 3.05922e+06, 125.368
24404, 32002, 137, 0, 0, 0.1, 3.05936e+06, 125.368
24405, 29962, 127, 2, 0, 0.1, 3.05949e+06, 125.368
24406, 32002, 127, 3, 0, 0.1, 3.05962e+06, 125.368
24407, 30725, 127, 2, 1, 0.1, 3.05974e+06, 125.368
24408, 30725, 117, 1, 0, 0.1, 3.05986e+06, 125.368
24409, 32002, 127, 3, 0, 0.1, 3.05999e+06, 125.368
24410, 30725, 127, 3, 0, 0.1, 3.06011e+06, 125.368
24411, 25864, 137, 0, 0, 0.1, 3.06025e+06, 125.369
24412, 29962, 127, 3, 1, 0.1, 3.06038e+06, 125.369
24413, 29962, 117, 1, 0, 0.1, 3.06049e+06, 125.368
24414, 29962, 117, 0, 1, 0.1, 3.06061e+06, 125.368
24415, 29960, 127, 0, 0, 0.1, 3.06074e+06, 125.368
24416, 29962, 137, 0, 1, 0.1, 3.06088e+06, 125.369
24417, 32002, 137, 3, 1, 0.1, 3.06101e+06, 125.369
24418, 30725, 127, 1, 1, 0.1, 3.06114e+06, 125.369
24419, 32002, 127, 3, 0, 0.1, 3.06127e+06, 125.369
24420, 30725, 127, 3, 0, 0.1, 3.06139e+06, 125.369
24421, 27649, 127, 2, 0, 0.1, 3.06152e+06, 125.369
24422, 29706, 127, 2, 0, 0.1, 3.06165e+06, 125.369
24423, 29706, 127, 2, 0, 0.1, 3.06177e+06, 125.37
24424, 25610, 137, 2, 0, 0.1, 3.06191e+06, 125.37
24425, 29706, 127, 2, 0, 0.1, 3.06204e+06, 125.37
24426, 29706, 127, 0, 0, 0.1, 3.06216e+06, 125.37
24427, 29706, 127, 2, 0, 0.1, 3.06229e+06, 125.37
24428, 29706, 127, 2, 0, 0.1, 3.06242e+06, 125.37
24429, 31236, 137, 3, 0, 0.1, 3.06256e+06, 125.371
24430, 31237, 137, 1, 0, 0.1, 3.06269e+06, 125.371
24431, 31236, 127, 0, 0, 0.1, 3.06282e+06, 125.371
24432, 28682, 127, 2, 0, 0.1, 3.06295e+06, 125.371
24433, 31236, 127, 0, 0, 0.1, 3.06307e+06, 125.371
24434, 28682, 127, 2, 0, 0.1, 3.0632e+06, 125.371
24435, 31236, 127, 0, 0, 0.1, 3.06333e+06, 125.372
24436, 28682, 127, 0, 0, 0.1, 3.06346e+06, 125.372
24437, 24586, 127, 2, 1, 0.1, 3.06358e+06, 125.372
24438, 28682, 127, 0, 0, 0.1, 3.06371e+06, 125.372
24439, 24586, 127, 0, 0, 0.1, 3.06384e+06, 125.372
24440, 16394, 127, 2, 0, 0.1, 3.06396e+06, 125.372
24441, 24586, 127, 2, 0, 0.1, 3.06409e+06, 125.372
24442, 28682, 127, 2, 0, 0.1, 3.06422e+06, 125.372
24443, 31236, 127, 0, 0, 0.1, 3.06434e+06, 125.372
24444, 28682, 127, 0, 0, 0.1, 3.06447e+06, 125.372
24445, 24586, 127, 2, 0, 0.1, 3.0646e+06, 125.372
24446, 28682, 127, 2, 0, 0.1, 3.06472e+06, 125.372
24447, 31236, 127, 3, 0, 0.1, 3.06485e+06, 125.372
24448, 31237, 127, 3, 0, 0.1, 3.06498e+06, 125.372
24449, 25093, 137, 2, 1, 0.1, 3.06512e+06, 125.373
24450, 25093, 117, 1, 0, 0.1, 3.06523e+06, 125.373
24451, 29189, 127, 1, 0, 0.1, 3.06536e+06, 125.373
24452, 29188, 127, 0, 0, 0.1, 3.06549e+06, 125.373
24453, 28682, 127, 3, 0, 0.1, 3.06561e+06, 125.373
24454, 28682, 117, 0, 0, 0.1, 3.06573e+06, 125.372
24455, 24586, 127, 2, 0, 0.1, 3.06586e+06, 125.372
24456, 28682, 127, 2, 0, 0.1, 3.06598e+06, 125.373
24457, 29188, 127, 3, 0, 0.1, 3.06611e+06, 125.373
24458, 29189, 127, 0, 1, 0.1, 3.06624e+06, 125.373
24459, 29189, 117, 1, 0, 0.1, 3.06636e+06, 125.372
24460, 29188, 127, 0, 0, 0.1, 3.06648e+06, 125.372
24461, 28682, 127, 0, 0, 0.1, 3.06661e+06, 125.372
24462, 24586, 127, 2, 0, 0.1, 3.06674e+06, 125.373
24463, 28682, 127, 2, 0, 0.1, 3.06686e+06, 125.373
24464, 29188, 127, 3, 0, 0.1, 3.06699e+06, 125.373
24465, 29189, 127, 3, 1, 0.1, 3.06712e+06, 125.373
24466, 25093, 127, 3, 1, 0.1, 3.06724e+06, 125.373
24467, 29189, 127, 1, 0, 0.1, 3.06737e+06, 125.373
24468, 25093, 127, 0, 0, 0.1, 3.0675e+06, 125.373
24469, 25093, 117, 1, 0, 0.1, 3.06762e+06, 125.373
24470, 29189, 127, 3, 0, 0.1, 3.06774e+06, 125.373
24471, 25093, 127, 3, 1, 0.1, 3.06787e+06, 125.373
24472, 29189, 127, 0, 1, 0.1, 3.068e+06, 125.373
24473, 29189, 117, 1, 0, 0.1, 3.06811e+06, 125.372
24474, 25093, 127, 3, 0, 0.1, 3.06824e+06, 125.372
24475, 29189, 127, 1, 0, 0.1, 3.06837e+06, 125.373
24476, 25093, 127, 1, 0, 0.1, 3.0685e+06, 125.373
24477, 29189, 127, 3, 0, 0.1, 3.06862e+06, 125.373
24478, 25093, 127, 1, 0, 0.1, 3.06875e+06, 125.373
24479, 29189, 127, 1, 0, 0.1, 3.06888e+06, 125.373
24480, 29188, 127, 1, 0, 0.1, 3.069e+06, 125.373
24481, 24581, 137, 0, 0, 0.1, 3.06914e+06, 125.373
24482, 24581, 117, 1, 0, 0.1, 3.06926e+06, 125.373
24483, 29954, 127, 2, 0, 0.1, 3.06938e+06, 125.373
24484, 29962, 127, 0, 0, 0.1, 3.06951e+06, 125.373
24485, 29954, 127, 0, 0, 0.1, 3.06964e+06, 125.373
24486, 25866, 127, 2, 0, 0.1, 3.06976e+06, 125.373
24487, 29954, 127, 2, 0, 0.1, 3.06989e+06, 125.373
24488, 29962, 127, 2, 0, 0.1, 3.07002e+06, 125.373
24489, 32512, 137, 3, 0, 0.1, 3.07016e+06, 125.374
24490, 31237, 127, 3, 0, 0.1, 3.07028e+06, 125.374
24491, 31237, 137, 1, 0, 0.1, 3.07042e+06, 125.374
24492, 31237, 127, 3, 0, 0.1, 3.07055e+06, 125.375
24493, 31237, 127, 1, 0, 0.1, 3.07067e+06, 125.375
24494, 31237, 127, 3, 0, 0.1, 3.0708e+06, 125.375
24495, 31237, 127, 1, 0, 0.1, 3.07093e+06, 125.375
24496, 31237, 127, 1, 0, 0.1, 3.07106e+06, 125.375
24497, 32512, 127, 2, 0, 0.1, 3.07118e+06, 125.375
24498, 29962, 127, 2, 0, 0.1, 3.07131e+06, 125.375
24499, 24842, 137, 2, 0, 0.1, 3.07145e+06, 125.375
24500, 28940, 127, 1, 0, 0.1, 3.07157e+06, 125.375
24501, 28677, 127, 1, 0, 0.1, 3.0717e+06, 125.376
24502, 57350, 137, 3, 0, 0.1, 3.07184e+06, 125.376
24503, 49157, 127, 3, 0, 0.1, 3.07196e+06, 125.376
24504, 33036, 127, 0, 0, 0.1, 3.07209e+06, 125.376
24505, 33034, 127, 2, 0, 0.1, 3.07222e+06, 125.376
24506, 33036, 127, 1, 0, 0.1, 3.07234e+06, 125.376
24507, 49157, 127, 3, 0, 0.1, 3.07247e+06, 125.376
24508, 33036, 127, 0, 0, 0.1, 3.0726e+06, 125.376
24509, 33034, 127, 0, 0, 0.1, 3.07273e+06, 125.376
24510, 49418, 127, 2, 0, 0.1, 3.07285e+06, 125.377
24511, 33034, 127, 3, 0, 0.1, 3.07298e+06, 125.377
24512, 33034, 117, 1, 0, 0.1, 3.0731e+06, 125.376
24513, 33034, 117, 0, 0, 0.1, 3.07321e+06, 125.376
24514, 49418, 127, 3, 0, 0.1, 3.07334e+06, 125.376
24515, 49418, 117, 3, 1, 0.1, 3.07346e+06, 125.376
24516, 49418, 117, 2, 0, 0.1, 3.07358e+06, 125.375
24517, 33034, 127, 0, 1, 0.1, 3.0737e+06, 125.375
24518, 49418, 127, 2, 0, 0.1, 3.07383e+06, 125.375
24519, 33034, 127, 0, 0, 0.1, 3.07396e+06, 125.375
24520, 49418, 127, 1, 1, 0.1, 3.07408e+06, 125.376
24521, 49418, 117, 0, 0, 0.1, 3.0742e+06, 125.375
24522, 60160, 127, 1, 0, 0.1, 3.07433e+06, 125.375
24523, 64005, 127, 3, 0, 0.1, 3.07445e+06, 125.375
24524, 60160, 127, 1, 0, 0.1, 3.07458e+06, 125.375
24525, 64005, 127, 1, 0, 0.1, 3.07471e+06, 125.375
24526, 64260, 127, 3, 0, 0.1, 3.07484e+06, 125.376
24527, 64005, 127, 3, 0, 0.1, 3.07496e+06, 125.376
24528, 60160, 127, 1, 0, 0.1, 3.07509e+06, 125.376
24529, 64005, 127, 0, 0, 0.1, 3.07522e+06, 125.376
24530, 64005, 117, 1, 0, 0.1, 3.07533e+06, 125.375
24531, 64260, 127, 0, 0, 0.1, 3.07546e+06, 125.375
24532, 61706, 137, 0, 0, 0.1, 3.0756e+06, 125.376
24533, 61704, 127, 2, 0, 0.1, 3.07572e+06, 125.376
24534, 61706, 127, 0, 0, 0.1, 3.07585e+06, 125.376
24535, 61704, 127, 0, 0, 0.1, 3.07598e+06, 125.376
24536, 49418, 137, 1, 0, 0.1, 3.07612e+06, 125.377
24537, 49418, 117, 0, 0, 0.1, 3.07623e+06, 125.376
24538, 57602, 127, 0, 0, 0.1, 3.07636e+06, 125.376
24539, 61706, 127, 2, 0, 0.1, 3.07649e+06, 125.376
24540, 57602, 127, 0, 0, 0.1, 3.07661e+06, 125.376
24541, 61706, 127, 2, 0, 0.1, 3.07674e+06, 125.377
24542, 57602, 127, 0, 0, 0.1, 3.07687e+06, 125.377
24543, 61706, 127, 2, 0, 0.1, 3.07699e+06, 125.377
24544, 57602, 127, 3, 0, 0.1, 3.07712e+06, 125.377
24545, 49157, 127, 3, 0, 0.1, 3.07725e+06, 125.377
24546, 33048, 127, 0, 1, 0.1, 3.07738e+06, 125.377
24547, 49434, 127, 0, 0, 0.1, 3.0775e+06, 125.377
24548, 57624, 127, 0, 0, 0.1, 3.07763e+06, 125.377
24549, 61722, 127, 0, 0, 0.1, 3.07776e+06, 125.377
24550, 63890, 127, 0, 0, 0.1, 3.07788e+06, 125.377
24551, 61706, 137, 0, 0, 0.1, 3.07802e+06, 125.378
24552, 64256, 127, 1, 0, 0.1, 3.07815e+06, 125.378
24553, 64005, 127, 3, 0, 0.1, 3.07827e+06, 125.378
24554, 64256, 127, 0, 0, 0.1, 3.0784e+06, 125.378
24555, 61706, 127, 0, 0, 0.1, 3.07853e+06, 125.378
24556, 61450, 137, 2, 0, 0.1, 3.07866e+06, 125.378
24557, 61450, 127, 3, 0, 0.1, 3.07879e+06, 125.378
24558, 61450, 117, 2, 0, 0.1, 3.07891e+06, 125.378
24559, 64000, 127, 1, 1, 0.1, 3.07904e+06, 125.378
24560, 64005, 127, 1, 0, 0.1, 3.07916e+06, 125.378
24561, 65025, 137, 2, 0, 0.1, 3.0793e+06, 125.379
24562, 62474, 127, 3, 1, 0.1, 3.07943e+06, 125.379
24563, 62474, 117, 0, 0, 0.1, 3.07954e+06, 125.378
24564, 65025, 127, 1, 0, 0.1, 3.07967e+06, 125.378
24565, 64005, 137, 3, 0, 0.1, 3.07981e+06, 125.379
24566, 65153, 127, 2, 0, 0.1, 3.07994e+06, 125.379
24567, 62474, 127, 0, 0, 0.1, 3.08006e+06, 125.379
24568, 65153, 127, 2, 0, 0.1, 3.08019e+06, 125.379
24569, 62474, 127, 0, 0, 0.1, 3.08032e+06, 125.379
24570, 65025, 127, 2, 1, 0.1, 3.08044e+06, 125.379
24571, 62474, 127, 0, 0, 0.1, 3.08057e+06, 125.379
24572, 65025, 127, 1, 0, 0.1, 3.0807e+06, 125.379
24573, 64005, 127, 1, 0, 0.1, 3.08082e+06, 125.379
24574, 63750, 137, 0, 0, 0.1, 3.08096e+06, 125.38
24575, 61706, 137, 0, 0, 0.1, 3.0811e+06, 125.38
24576, 63746, 127, 3, 0, 0.1, 3.08122e+06, 125.38
24577, 63493, 137, 2, 0, 0.1, 3.08136e+06, 125.381
24578, 63493, 117, 1, 0, 0.1, 3.08148e+06, 125.381
24579, 63746, 127, 3, 0, 0.1, 3.08161e+06, 125.381
24580, 63493, 127, 0, 0, 0.1, 3.08173e+06, 125.381
24581, 63493, 117, 1, 0, 0.1, 3.08185e+06, 125.38
24582, 63746, 127, 3, 0, 0.1, 3.08198e+06, 125.38
24583, 63493, 127, 3, 0, 0.1, 3.0821e+06, 125.381
24584, 61452, 137, 3, 1, 0.1, 3.08224e+06, 125.381
24585, 61452, 117, 1, 0, 0.1, 3.08236e+06, 125.381
24586, 61445, 127, 1, 0, 0.1, 3.08248e+06, 125.381
24587, 61698, 127, 3, 0, 0.1, 3.08261e+06, 125.381
24588, 61445, 127, 3, 0, 0.1, 3.08274e+06, 125.381
24589, 61452, 127, 3, 0, 0.1, 3.08287e+06, 125.381
24590, 61452, 117, 0, 0, 0.1, 3.08298e+06, 125.381
24591, 63619, 137, 1, 0, 0.1, 3.08312e+06, 125.381
24592, 63619, 117, 3, 0, 0.1, 3.08324e+06, 125.381
24593, 32773, 137, 2, 0, 0.1, 3.08337e+06, 125.381
24594, 32773, 117, 2, 0, 0.1, 3.08349e+06, 125.381
24595, 32773, 117, 1, 0, 0.1, 3.08361e+06, 125.38
24596, 49155, 127, 1, 0, 0.1, 3.08374e+06, 125.381
24597, 49155, 117, 3, 0, 0.1, 3.08385e+06, 125.38
24598, 32773, 127, 0, 0, 0.1, 3.08398e+06, 125.38
24599, 32773, 117, 1, 0, 0.1, 3.0841e+06, 125.38
24600, 49155, 127, 1, 0, 0.1, 3.08422e+06, 125.38
24601, 49155, 117, 2, 1, 0.1, 3.08434e+06, 125.38
24602, 57356, 127, 1, 0, 0.1, 3.08447e+06, 125.38
24603, 61445, 127, 1, 0, 0.1, 3.08459e+06, 125.38
24604, 61698, 127, 3, 0, 0.1, 3.08472e+06, 125.38
24605, 61445, 127, 2, 0, 0.1, 3.08485e+06, 125.38
24606, 61445, 117, 3, 0, 0.1, 3.08496e+06, 125.38
24607, 57356, 127, 0, 0, 0.1, 3.08509e+06, 125.38
24608, 49155, 127, 3, 0, 0.1, 3.08522e+06, 125.38
24609, 32773, 127, 0, 0, 0.1, 3.08535e+06, 125.38
24610, 32773, 117, 1, 0, 0.1, 3.08546e+06, 125.379
24611, 49155, 127, 0, 1, 0.1, 3.08559e+06, 125.38
24612, 49155, 117, 3, 0, 0.1, 3.08571e+06, 125.379
24613, 32773, 127, 1, 0, 0.1, 3.08583e+06, 125.379
24614, 49155, 127, 3, 0, 0.1, 3.08596e+06, 125.379
24615, 32773, 127, 1, 1, 0.1, 3.08609e+06, 125.379
24616, 49155, 127, 1, 0, 0.1, 3.08622e+06, 125.379
24617, 49155, 117, 0, 0, 0.1, 3.08633e+06, 125.379
24618, 49155, 117, 1, 0, 0.1, 3.08645e+06, 125.379
24619, 49155, 117, 1, 0, 0.1, 3.08657e+06, 125.378
24620, 49155, 117, 0, 0, 0.1, 3.08668e+06, 125.378
24621, 49155, 117, 1, 0, 0.1, 3.0868e+06, 125.378
24622, 49155, 117, 1, 1, 0.1, 3.08692e+06, 125.377
24623, 49155, 117, 1, 0, 0.1, 3.08703e+06, 125.377
24624, 49155, 117, 2, 0, 0.1, 3.08715e+06, 125.377
24625, 57356, 127, 1, 0, 0.1, 3.08728e+06, 125.377
24626, 61445, 127, 1, 0, 0.1, 3.08740e+06, 125.377
24627, 61698, 127, 3, 0, 0.1, 3.08753e+06, 125.377
24628, 61445, 127, 3, 0, 0.1, 3.08766e+06, 125.377
24629, 57356, 127, 2, 0, 0.1, 3.08779e+06, 125.377
24630, 57356, 117, 1, 0, 0.1, 3.0879e+06, 125.377
24631, 61445, 127, 1, 0, 0.1, 3.08803e+06, 125.377
24632, 61698, 127, 1, 0, 0.1, 3.08816e+06, 125.377
24633, 61698, 117, 3, 1, 0.1, 3.08827e+06, 125.377
24634, 61445, 127, 3, 0, 0.1, 3.0884e+06, 125.377
24635, 57356, 127, 1, 0, 0.1, 3.08853e+06, 125.377
24636, 61445, 127, 3, 0, 0.1, 3.08866e+06, 125.377
24637, 57356, 127, 3, 0, 0.1, 3.08878e+06, 125.377
24638, 57356, 117, 1, 0, 0.1, 3.0889e+06, 125.376
24639, 61445, 127, 3, 0, 0.1, 3.08903e+06, 125.376
24640, 57356, 127, 3, 0, 0.1, 3.08915e+06, 125.377
24641, 57356, 117, 2, 0, 0.1, 3.08927e+06, 125.376
24642, 57356, 117, 3, 0, 0.1, 3.08939e+06, 125.376
24643, 57356, 117, 2, 0, 0.1, 3.0895e+06, 125.376
24644, 57356, 117, 1, 0, 0.1, 3.08962e+06, 125.375
24645, 61445, 127, 3, 0, 0.1, 3.08975e+06, 125.375
24646, 57356, 127, 3, 0, 0.1, 3.08988e+06, 125.375
24647, 57356, 117, 1, 0, 0.1, 3.08999e+06, 125.375
24648, 61445, 127, 3, 0, 0.1, 3.09012e+06, 125.375
24649, 57356, 127, 2, 0, 0.1, 3.09025e+06, 125.375
24650, 57356, 117, 1, 0, 0.1, 3.09036e+06, 125.375
24651, 61445, 127, 3, 0, 0.1, 3.09049e+06, 125.375
24652, 57356, 127, 3, 0, 0.1, 3.09062e+06, 125.375
24653, 57356, 117, 2, 0, 0.1, 3.09073e+06, 125.375
24654, 57356, 117, 1, 0, 0.1, 3.09085e+06, 125.374
24655, 61445, 127, 3, 0, 0.1, 3.09098e+06, 125.374
24656, 57356, 127, 1, 0, 0.1, 3.09110e+06, 125.374
24657, 61445, 127, 1, 0, 0.1, 3.09123e+06, 125.374
24658, 61698, 127, 0, 0, 0.1, 3.09136e+06, 125.374
24659, 61961, 137, 1, 0, 0.1, 3.0915e+06, 125.375
24660, 49157, 137, 3, 0, 0.1, 3.09163e+06, 125.375
24661, 32777, 127, 1, 1, 0.1, 3.09176e+06, 125.376
24662, 49157, 127, 3, 0, 0.1, 3.09189e+06, 125.376
24663, 32777, 127, 3, 0, 0.1, 3.09201e+06, 125.376
24664, 32777, 117, 1, 0, 0.1, 3.09213e+06, 125.375
24665, 49157, 127, 1, 0, 0.1, 3.09226e+06, 125.375
24666, 58371, 127, 1, 0, 0.1, 3.09238e+06, 125.375
24667, 58371, 117, 2, 0, 0.1, 3.0925e+06, 125.375
24668, 62474, 127, 2, 0, 0.1, 3.09263e+06, 125.375
24669, 62474, 127, 0, 0, 0.1, 3.09276e+06, 125.375
24670, 62474, 127, 2, 0, 0.1, 3.09288e+06, 125.375
24671, 62474, 127, 1, 0, 0.1, 3.09301e+06, 125.375
24672, 62474, 117, 0, 0, 0.1, 3.09313e+06, 125.375
24673, 62474, 127, 2, 0, 0.1, 3.09325e+06, 125.375
24674, 62474, 127, 2, 0, 0.1, 3.09338e+06, 125.375
24675, 62474, 137, 1, 0, 0.1, 3.09352e+06, 125.376
24676, 62474, 117, 2, 0, 0.1, 3.09364e+06, 125.375
24677, 62474, 127, 2, 0, 0.1, 3.09376e+06, 125.375
24678, 62474, 137, 2, 0, 0.1, 3.0939e+06, 125.376
24679, 62474, 127, 0, 0, 0.1, 3.09403e+06, 125.376
24680, 62474, 127, 2, 0, 0.1, 3.09415e+06, 125.376
24681, 62538, 127, 2, 0, 0.1, 3.09428e+06, 125.376
24682, 62466, 137, 2, 0, 0.1, 3.09442e+06, 125.376
24683, 62538, 127, 3, 0, 0.1, 3.09454e+06, 125.377
24684, 62474, 117, 0, 1, 0.1, 3.09466e+06, 125.376
24685, 62466, 127, 0, 0, 0.1, 3.09479e+06, 125.376
24686, 58378, 127, 0, 0, 0.1, 3.09492e+06, 125.376
24687, 50186, 127, 2, 0, 0.1, 3.09504e+06, 125.376
24688, 58378, 127, 2, 0, 0.1, 3.09517e+06, 125.376
24689, 62466, 127, 0, 0, 0.1, 3.0953e+06, 125.377
24690, 58378, 127, 0, 0, 0.1, 3.09542e+06, 125.377
24691, 17418, 127, 0, 0, 0.1, 3.09555e+06, 125.377
24692, 1034, 127, 0, 0, 0.1, 3.09568e+06, 125.377
24693, 1034, 127, 0, 0, 0.1, 3.0958e+06, 125.377
24694, 1034, 127, 2, 0, 0.1, 3.09593e+06, 125.377
24695, 1034, 127, 0, 0, 0.1, 3.09606e+06, 125.377
24696, 1034, 127, 0, 0, 0.1, 3.09618e+06, 125.377
24697, 1034, 127, 2, 0, 0.1, 3.09631e+06, 125.377
24698, 1034, 127, 0, 0, 0.1, 3.09644e+06, 125.377
24699, 1034, 127, 0, 0, 0.1, 3.09657e+06, 125.377
24700, 1027, 127, 2, 0, 0.1, 3.09669e+06, 125.377
24701, 1034, 127, 3, 1, 0.1, 3.09682e+06, 125.377
24702, 1034, 117, 0, 0, 0.1, 3.09694e+06, 125.377
24703, 1027, 127, 0, 0, 0.1, 3.09706e+06, 125.377
24704, 1027, 117, 2, 0, 0.1, 3.09718e+06, 125.377
24705, 1034, 127, 2, 0, 0.1, 3.09731e+06, 125.377
24706, 1034, 127, 2, 0, 0.1, 3.09744e+06, 125.377
24707, 1034, 127, 0, 0, 0.1, 3.09756e+06, 125.377
24708, 1034, 127, 0, 0, 0.1, 3.09769e+06, 125.377
24709, 1034, 127, 2, 0, 0.1, 3.09782e+06, 125.377
24710, 1034, 127, 0, 0, 0.1, 3.09794e+06, 125.377
24711, 1034, 127, 2, 0, 0.1, 3.09807e+06, 125.377
24712, 1034, 127, 2, 0, 0.1, 3.0982e+06, 125.377
24713, 1034, 127, 0, 0, 0.1, 3.09832e+06, 125.377
24714, 1034, 127, 0, 0, 0.1, 3.09845e+06, 125.377
24715, 1034, 127, 2, 0, 0.1, 3.09858e+06, 125.377
24716, 1034, 127, 0, 0, 0.1, 3.09870e+06, 125.378
24717, 1034, 127, 2, 0, 0.1, 3.09883e+06, 125.378
24718, 1034, 127, 2, 0, 0.1, 3.09896e+06, 125.378
24719, 1034, 127, 0, 0, 0.1, 3.09909e+06, 125.378
24720, 1034, 127, 2, 0, 0.1, 3.09921e+06, 125.378
24721, 1034, 127, 2, 1, 0.1, 3.09934e+06, 125.378
24722, 1034, 127, 2, 0, 0.1, 3.09947e+06, 125.378
24723, 17418, 127, 0, 0, 0.1, 3.09959e+06, 125.378
24724, 1034, 127, 0, 0, 0.1, 3.09972e+06, 125.378
24725, 1034, 127, 2, 0, 0.1, 3.09985e+06, 125.378
24726, 1034, 127, 2, 0, 0.1, 3.09998e+06, 125.378
24727, 17418, 127, 2, 0, 0.1, 3.1001e+06, 125.378
24728, 25610, 127, 0, 0, 0.1, 3.10023e+06, 125.378
24729, 17418, 127, 2, 0, 0.1, 3.10036e+06, 125.378
24730, 25610, 127, 2, 0, 0.1, 3.10048e+06, 125.378
24731, 29698, 127, 0, 0, 0.1, 3.10061e+06, 125.378
24732, 25610, 127, 0, 0, 0.1, 3.10074e+06, 125.379
24733, 17418, 127, 2, 0, 0.1, 3.10086e+06, 125.379
24734, 25610, 127, 2, 0, 0.1, 3.10099e+06, 125.379
24735, 29762, 127, 0, 0, 0.1, 3.10112e+06, 125.379
24736, 25674, 127, 2, 0, 0.1, 3.10124e+06, 125.379
24737, 29762, 127, 2, 0, 0.1, 3.10137e+06, 125.379
24738, 29706, 127, 2, 0, 0.1, 3.1015e+06, 125.379
24739, 31810, 137, 3, 0, 0.1, 3.10164e+06, 125.379
24740, 28677, 137, 3, 1, 0.1, 3.10177e+06, 125.38
24741, 29705, 127, 2, 0, 0.1, 3.1019e+06, 125.38
24742, 16394, 137, 3, 0, 0.1, 3.10204e+06, 125.38
24743, 16394, 117, 0, 0, 0.1, 3.10215e+06, 125.38
24744, 24585, 127, 0, 1, 0.1, 3.10228e+06, 125.38
24745, 24617, 117, 1, 0, 0.1, 3.1024e+06, 125.38
24746, 28677, 77, 3, 1, 0.1, 3.10248e+06, 125.378
24747, 29962, 117, 2, 0, 0.1, 3.10259e+06, 125.378
24748, 30472, 137, 1, 0, 0.1, 3.10273e+06, 125.378
24749, 28677, 137, 1, 0, 0.1, 3.10287e+06, 125.378
24750, 29954, 127, 0, 0, 0.1, 3.10299e+06, 125.379
24751, 29962, 137, 0, 0, 0.1, 3.10313e+06, 125.379
24752, 29954, 127, 2, 0, 0.1, 3.10326e+06, 125.379
24753, 29962, 127, 2, 0, 0.1, 3.10338e+06, 125.379
24754, 29954, 127, 2, 0, 0.1, 3.10351e+06, 125.379
24755, 29962, 137, 0, 0, 0.1, 3.10365e+06, 125.38
24756, 25858, 127, 0, 0, 0.1, 3.10378e+06, 125.38
24757, 29962, 127, 0, 0, 0.1, 3.1039e+06, 125.38
24758, 29954, 127, 2, 0, 0.1, 3.10403e+06, 125.38
24759, 29962, 127, 2, 0, 0.1, 3.10416e+06, 125.38
24760, 25858, 127, 0, 0, 0.1, 3.10428e+06, 125.38
24761, 29962, 127, 2, 0, 0.1, 3.10441e+06, 125.38
24762, 25858, 127, 2, 0, 0.1, 3.10454e+06, 125.38
24763, 29962, 127, 2, 0, 0.1, 3.10466e+06, 125.38
24764, 30472, 127, 2, 0, 0.1, 3.10479e+06, 125.38
24765, 28938, 137, 2, 0, 0.1, 3.10493e+06, 125.381
24766, 31492, 127, 1, 0, 0.1, 3.10506e+06, 125.381
24767, 31237, 137, 1, 0, 0.1, 3.10519e+06, 125.381
24768, 31747, 137, 0, 0, 0.1, 3.10533e+06, 125.382
24769, 31747, 117, 3, 0, 0.1, 3.10545e+06, 125.381
24770, 26629, 127, 3, 0, 0.1, 3.10557e+06, 125.381
24771, 30980, 127, 0, 0, 0.1, 3.1057e+06, 125.382
24772, 28938, 127, 1, 0, 0.1, 3.10583e+06, 125.382
24773, 28938, 117, 0, 0, 0.1, 3.10594e+06, 125.381
24774, 29448, 127, 1, 0, 0.1, 3.10607e+06, 125.381
24775, 28677, 137, 2, 0, 0.1, 3.10621e+06, 125.382
24776, 28677, 117, 0, 0, 0.1, 3.10632e+06, 125.381
24777, 28677, 117, 3, 0, 0.1, 3.10644e+06, 125.381
24778, 24840, 127, 1, 0, 0.1, 3.10657e+06, 125.381
24779, 28677, 127, 3, 0, 0.1, 3.1067e+06, 125.381
24780, 24840, 127, 0, 0, 0.1, 3.10682e+06, 125.381
24781, 16650, 127, 2, 0, 0.1, 3.10695e+06, 125.381
24782, 24840, 127, 0, 0, 0.1, 3.10708e+06, 125.381
24783, 16650, 127, 2, 0, 0.1, 3.1072e+06, 125.381
24784, 24840, 127, 2, 0, 0.1, 3.10733e+06, 125.382
24785, 24842, 127, 2, 0, 0.1, 3.10746e+06, 125.382
24786, 30980, 127, 3, 0, 0.1, 3.10758e+06, 125.382
24787, 30725, 127, 2, 0, 0.1, 3.10771e+06, 125.382
24788, 30725, 117, 1, 0, 0.1, 3.10783e+06, 125.381
24789, 30980, 127, 3, 0, 0.1, 3.10796e+06, 125.381
24790, 30725, 127, 1, 0, 0.1, 3.10808e+06, 125.382
24791, 30980, 127, 2, 1, 0.1, 3.10821e+06, 125.382
24792, 30980, 117, 3, 0, 0.1, 3.10833e+06, 125.381
24793, 30725, 127, 3, 0, 0.1, 3.10845e+06, 125.381
24794, 32000, 137, 2, 0, 0.1, 3.10859e+06, 125.382
24795, 29962, 137, 2, 0, 0.1, 3.10873e+06, 125.382
24796, 29962, 127, 2, 0, 0.1, 3.10886e+06, 125.382
24797, 29452, 137, 1, 0, 0.1, 3.10899e+06, 125.383
24798, 28677, 137, 3, 0, 0.1, 3.10913e+06, 125.383
24799, 28956, 127, 0, 0, 0.1, 3.10926e+06, 125.383
24800, 24858, 127, 3, 0, 0.1, 3.10938e+06, 125.383
24801, 24858, 117, 0, 0, 0.1, 3.1095e+06, 125.383
24802, 16650, 77, 2, 0, 0.1, 3.10958e+06, 125.381
24803, 30472, 127, 1, 0, 0.1, 3.1097e+06, 125.381
24804, 29189, 127, 1, 1, 0.1, 3.10983e+06, 125.381
24805, 29954, 137, 2, 0, 0.1, 3.10997e+06, 125.382
24806, 29962, 127, 2, 0, 0.1, 3.1101e+06, 125.382
24807, 30472, 137, 0, 0, 0.1, 3.11023e+06, 125.382
24808, 29962, 127, 0, 0, 0.1, 3.11036e+06, 125.382
24809, 29954, 127, 3, 0, 0.1, 3.11049e+06, 125.382
24810, 28677, 127, 3, 0, 0.1, 3.11061e+06, 125.382
24811, 29960, 127, 2, 0, 0.1, 3.11074e+06, 125.383
24812, 29962, 127, 0, 0, 0.1, 3.11087e+06, 125.383
24813, 29960, 127, 1, 0, 0.1, 3.11099e+06, 125.383
24814, 28677, 127, 3, 0, 0.1, 3.11112e+06, 125.383
24815, 29960, 127, 0, 0, 0.1, 3.11125e+06, 125.383
24816, 25866, 127, 2, 0, 0.1, 3.11138e+06, 125.383
24817, 29960, 127, 0, 0, 0.1, 3.1115e+06, 125.383
24818, 25866, 127, 2, 0, 0.1, 3.11163e+06, 125.383
24819, 29960, 127, 2, 1, 0.1, 3.11176e+06, 125.383
24820, 29962, 127, 2, 0, 0.1, 3.11188e+06, 125.383
24821, 32002, 137, 2, 0, 0.1, 3.11202e+06, 125.384
24822, 29962, 127, 2, 0, 0.1, 3.11215e+06, 125.384
24823, 32512, 137, 2, 0, 0.1, 3.11228e+06, 125.384
24824, 29962, 137, 0, 0, 0.1, 3.11242e+06, 125.385
24825, 32512, 127, 0, 0, 0.1, 3.11255e+06, 125.385
24826, 29962, 127, 2, 0, 0.1, 3.11268e+06, 125.385
24827, 32512, 127, 2, 0, 0.1, 3.1128e+06, 125.385
24828, 29962, 127, 2, 0, 0.1, 3.11293e+06, 125.385
24829, 29962, 137, 2, 0, 0.1, 3.11307e+06, 125.385
24830, 29452, 137, 1, 0, 0.1, 3.1132e+06, 125.386
24831, 28677, 137, 0, 0, 0.1, 3.11334e+06, 125.386
24832, 28677, 117, 3, 0, 0.1, 3.11346e+06, 125.386
24833, 28940, 127, 1, 0, 0.1, 3.11358e+06, 125.386
24834, 28677, 127, 1, 1, 0.1, 3.11371e+06, 125.386
24835, 61702, 137, 2, 0, 0.1, 3.11385e+06, 125.386
24836, 61702, 117, 3, 0, 0.1, 3.11396e+06, 125.386
24837, 61445, 127, 0, 0, 0.1, 3.11409e+06, 125.386
24838, 61445, 117, 2, 0, 0.1, 3.11421e+06, 125.386
24839, 61445, 117, 3, 0, 0.1, 3.11433e+06, 125.386
24840, 57612, 127, 1, 0, 0.1, 3.11445e+06, 125.386
24841, 61445, 127, 2, 0, 0.1, 3.11458e+06, 125.386
24842, 61445, 117, 3, 0, 0.1, 3.1147e+06, 125.385
24843, 57612, 127, 1, 0, 0.1, 3.11482e+06, 125.385
24844, 61445, 127, 3, 0, 0.1, 3.11495e+06, 125.385
24845, 57612, 127, 2, 0, 0.1, 3.11508e+06, 125.386
24846, 57612, 117, 0, 0, 0.1, 3.1152e+06, 125.385
24847, 57610, 127, 1, 1, 0.1, 3.11532e+06, 125.385
24848, 57610, 117, 2, 0, 0.1, 3.11544e+06, 125.385
24849, 57612, 127, 1, 0, 0.1, 3.11557e+06, 125.385
24850, 61445, 127, 2, 1, 0.1, 3.11569e+06, 125.385
24851, 61445, 117, 1, 0, 0.1, 3.11581e+06, 125.385
24852, 61702, 127, 3, 1, 0.1, 3.11594e+06, 125.385
24853, 61445, 127, 0, 1, 0.1, 3.11606e+06, 125.385
24854, 61445, 117, 0, 0, 0.1, 3.11618e+06, 125.385
24855, 61445, 117, 3, 0, 0.1, 3.1163e+06, 125.384
24856, 57612, 127, 0, 0, 0.1, 3.11642e+06, 125.384
24857, 57610, 127, 2, 0, 0.1, 3.11655e+06, 125.384
24858, 57612, 127, 3, 1, 0.1, 3.11668e+06, 125.384
24859, 57612, 117, 2, 0, 0.1, 3.1168e+06, 125.384
24860, 57612, 117, 1, 0, 0.1, 3.11691e+06, 125.384
24861, 61445, 127, 3, 0, 0.1, 3.11704e+06, 125.384
24862, 57612, 127, 0, 0, 0.1, 3.11717e+06, 125.384
24863, 57610, 127, 0, 0, 0.1, 3.11729e+06, 125.384
24864, 61706, 127, 0, 0, 0.1, 3.11742e+06, 125.384
24865, 64256, 127, 3, 0, 0.1, 3.11755e+06, 125.384
24866, 64005, 137, 3, 0, 0.1, 3.11768e+06, 125.384
24867, 64005, 127, 2, 1, 0.1, 3.11781e+06, 125.385
24868, 64005, 117, 0, 0, 0.1, 3.11793e+06, 125.384
24869, 64005, 117, 1, 0, 0.1, 3.11805e+06, 125.384
24870, 64005, 127, 2, 0, 0.1, 3.11817e+06, 125.384
24871, 64005, 117, 2, 0, 0.1, 3.11829e+06, 125.384
24872, 64005, 117, 3, 0, 0.1, 3.11841e+06, 125.383
24873, 64005, 127, 1, 0, 0.1, 3.11853e+06, 125.383
24874, 64005, 127, 0, 0, 0.1, 3.11866e+06, 125.383
24875, 64005, 117, 3, 0, 0.1, 3.11878e+06, 125.383
24876, 64005, 127, 2, 0, 0.1, 3.11890e+06, 125.383
24877, 64005, 117, 1, 0, 0.1, 3.11902e+06, 125.383
24878, 64005, 127, 1, 0, 0.1, 3.11915e+06, 125.383
24879, 64256, 127, 1, 0, 0.1, 3.11928e+06, 125.383
24880, 64005, 137, 3, 1, 0.1, 3.11941e+06, 125.383
24881, 60160, 127, 2, 1, 0.1, 3.11954e+06, 125.383
24882, 49418, 127, 0, 0, 0.1, 3.11967e+06, 125.384
24883, 60160, 127, 1, 1, 0.1, 3.11979e+06, 125.384
24884, 64005, 127, 3, 0, 0.1, 3.11992e+06, 125.384
24885, 60160, 127, 1, 0, 0.1, 3.12005e+06, 125.384
24886, 64005, 127, 3, 1, 0.1, 3.12018e+06, 125.384
24887, 60160, 127, 2, 0, 0.1, 3.1203e+06, 125.384
24888, 49418, 127, 2, 0, 0.1, 3.12043e+06, 125.384
24889, 49418, 127, 0, 0, 0.1, 3.12056e+06, 125.384
24890, 49418, 127, 0, 0, 0.1, 3.12068e+06, 125.384
24891, 60160, 127, 3, 0, 0.1, 3.12081e+06, 125.384
24892, 64005, 127, 3, 0, 0.1, 3.12094e+06, 125.384
24893, 64005, 127, 1, 0, 0.1, 3.12106e+06, 125.384
24894, 64005, 127, 0, 0, 0.1, 3.12119e+06, 125.384
24895, 64005, 117, 3, 0, 0.1, 3.12131e+06, 125.384
24896, 64005, 127, 3, 0, 0.1, 3.12144e+06, 125.384
24897, 64005, 137, 1, 0, 0.1, 3.12157e+06, 125.384
24898, 64005, 127, 1, 0, 0.1, 3.1217e+06, 125.385
24899, 59909, 127, 1, 0, 0.1, 3.12183e+06, 125.385
24900, 60160, 127, 3, 0, 0.1, 3.12195e+06, 125.385
24901, 59909, 127, 0, 0, 0.1, 3.12208e+06, 125.385
24902, 59909, 117, 3, 0, 0.1, 3.1222e+06, 125.384
24903, 64005, 127, 1, 0, 0.1, 3.12232e+06, 125.384
24904, 59909, 127, 2, 0, 0.1, 3.12245e+06, 125.385
24905, 59909, 117, 1, 0, 0.1, 3.12257e+06, 125.384
24906, 60160, 127, 1, 1, 0.1, 3.1227e+06, 125.384
24907, 64005, 127, 1, 0, 0.1, 3.12282e+06, 125.384
24908, 64276, 127, 3, 1, 0.1, 3.12295e+06, 125.384
24909, 64005, 127, 3, 0, 0.1, 3.12308e+06, 125.384
24910, 60160, 127, 1, 0, 0.1, 3.1232e+06, 125.385
24911, 64005, 127, 2, 1, 0.1, 3.12333e+06, 125.385
24912, 64005, 117, 3, 0, 0.1, 3.12345e+06, 125.384
24913, 60160, 127, 1, 1, 0.1, 3.12357e+06, 125.384
24914, 64005, 127, 2, 1, 0.1, 3.1237e+06, 125.384
24915, 64005, 117, 1, 0, 0.1, 3.12382e+06, 125.384
24916, 64276, 127, 3, 0, 0.1, 3.12394e+06, 125.384
24917, 64005, 127, 2, 0, 0.1, 3.12407e+06, 125.384
24918, 64005, 117, 3, 0, 0.1, 3.12419e+06, 125.384
24919, 60176, 127, 1, 0, 0.1, 3.12432e+06, 125.384
24920, 64005, 127, 3, 0, 0.1, 3.12444e+06, 125.384
24921, 60176, 127, 1, 0, 0.1, 3.12457e+06, 125.384
24922, 64005, 127, 3, 1, 0.1, 3.1247e+06, 125.384
24923, 60176, 127, 1, 0, 0.1, 3.12482e+06, 125.384
24924, 64005, 127, 0, 0, 0.1, 3.12495e+06, 125.384
24925, 64005, 117, 3, 0, 0.1, 3.12507e+06, 125.384
24926, 60176, 127, 3, 0, 0.1, 3.1252e+06, 125.384
24927, 59909, 127, 0, 0, 0.1, 3.12532e+06, 125.384
24928, 59909, 117, 1, 0, 0.1, 3.12544e+06, 125.384
24929, 60160, 127, 0, 0, 0.1, 3.12557e+06, 125.384
24930, 49434, 127, 0, 0, 0.1, 3.12569e+06, 125.384
24931, 51474, 127, 0, 0, 0.1, 3.12582e+06, 125.384
24932, 49434, 127, 2, 0, 0.1, 3.12595e+06, 125.384
24933, 51458, 127, 3, 0, 0.1, 3.12607e+06, 125.384
24934, 59397, 127, 1, 0, 0.1, 3.1262e+06, 125.384
24935, 18706, 127, 3, 0, 0.1, 3.12633e+06, 125.384
24936, 26629, 127, 3, 0, 0.1, 3.12646e+06, 125.384
24937, 30996, 127, 0, 0, 0.1, 3.12658e+06, 125.384
24938, 28938, 77, 0, 0, 0.1, 3.12666e+06, 125.382
24939, 30472, 137, 1, 0, 0.1, 3.1268e+06, 125.383
24940, 29189, 137, 3, 0, 0.1, 3.12693e+06, 125.383
24941, 30472, 127, 2, 0, 0.1, 3.12706e+06, 125.383
24942, 29962, 127, 2, 0, 0.1, 3.12719e+06, 125.383
24943, 30472, 127, 1, 0, 0.1, 3.12731e+06, 125.383
24944, 24581, 137, 1, 0, 0.1, 3.12745e+06, 125.384
24945, 29954, 127, 2, 0, 0.1, 3.12758e+06, 125.384
24946, 29962, 127, 0, 0, 0.1, 3.12770e+06, 125.384
24947, 29954, 127, 3, 0, 0.1, 3.12783e+06, 125.384
24948, 24581, 127, 1, 0, 0.1, 3.12796e+06, 125.384
24949, 29954, 127, 0, 0, 0.1, 3.12809e+06, 125.384
24950, 29962, 127, 2, 0, 0.1, 3.12821e+06, 125.384
24951, 29954, 127, 3, 0, 0.1, 3.12834e+06, 125.384
24952, 24581, 127, 1, 1, 0.1, 3.12847e+06, 125.384
24953, 29954, 127, 3, 0, 0.1, 3.12859e+06, 125.384
24954, 24581, 127, 0, 0, 0.1, 3.12872e+06, 125.385
24955, 24581, 117, 0, 0, 0.1, 3.12884e+06, 125.384
24956, 24581, 117, 3, 0, 0.1, 3.12896e+06, 125.384
24957, 25864, 127, 0, 0, 0.1, 3.12908e+06, 125.384
24958, 29962, 127, 0, 1, 0.1, 3.12921e+06, 125.384
24959, 30472, 127, 1, 0, 0.1, 3.12934e+06, 125.384
24960, 29189, 127, 0, 1, 0.1, 3.12946e+06, 125.384
24961, 29189, 117, 1, 0, 0.1, 3.12958e+06, 125.384
24962, 29954, 137, 3, 1, 0.1, 3.12972e+06, 125.384
24963, 28677, 127, 3, 0, 0.1, 3.12984e+06, 125.384
24964, 29960, 127, 1, 0, 0.1, 3.12997e+06, 125.384
24965, 28677, 127, 1, 0, 0.1, 3.1301e+06, 125.384
24966, 29954, 127, 0, 0, 0.1, 3.13022e+06, 125.385
24967, 29962, 127, 0, 0, 0.1, 3.13035e+06, 125.385
24968, 30216, 137, 2, 1, 0.1, 3.13049e+06, 125.385
24969, 29706, 127, 0, 0, 0.1, 3.13062e+06, 125.385
24970, 30216, 127, 2, 0, 0.1, 3.13074e+06, 125.385
24971, 29706, 127, 2, 0, 0.1, 3.13087e+06, 125.385
24972, 25602, 127, 3, 0, 0.1, 3.131e+06, 125.385
24973, 28677, 127, 1, 0, 0.1, 3.13112e+06, 125.385
24974, 25602, 127, 2, 0, 0.1, 3.13125e+06, 125.385
24975, 25610, 127, 0, 0, 0.1, 3.13138e+06, 125.386
24976, 25602, 127, 3, 0, 0.1, 3.13150e+06, 125.386
24977, 28677, 127, 1, 0, 0.1, 3.13163e+06, 125.386
24978, 25730, 127, 2, 0, 0.1, 3.13176e+06, 125.386
24979, 25610, 127, 2, 0, 0.1, 3.13189e+06, 125.386
24980, 29714, 127, 2, 0, 0.1, 3.13201e+06, 125.386
24981, 29722, 127, 0, 1, 0.1, 3.13214e+06, 125.386
24982, 29698, 77, 2, 0, 0.1, 3.13222e+06, 125.384
24983, 30472, 127, 1, 0, 0.1, 3.13234e+06, 125.384
24984, 28677, 137, 3, 0, 0.1, 3.13248e+06, 125.385
24985, 29960, 127, 2, 1, 0.1, 3.13261e+06, 125.385
24986, 29962, 137, 2, 0, 0.1, 3.13274e+06, 125.385
24987, 32002, 127, 2, 0, 0.1, 3.13287e+06, 125.385
24988, 29962, 137, 3, 0, 0.1, 3.13301e+06, 125.386
24989, 29962, 117, 0, 0, 0.1, 3.13313e+06, 125.385
24990, 27906, 127, 0, 0, 0.1, 3.13325e+06, 125.385
24991, 17674, 127, 2, 0, 0.1, 3.13338e+06, 125.385
24992, 27906, 127, 2, 0, 0.1, 3.13351e+06, 125.385
24993, 29962, 127, 2, 0, 0.1, 3.13363e+06, 125.385
24994, 32512, 127, 1, 1, 0.1, 3.13376e+06, 125.386
24995, 31237, 137, 1, 0, 0.1, 3.1339e+06, 125.386
24996, 30980, 137, 3, 0, 0.1, 3.13404e+06, 125.386
24997, 30725, 127, 3, 0, 0.1, 3.13416e+06, 125.387
24998, 32000, 127, 3, 0, 0.1, 3.13429e+06, 125.387
24999, 26629, 137, 3, 0, 0.1, 3.13443e+06, 125.387
25000, 30725, 127, 3, 0, 0.1, 3.13455e+06, 125.387
25001, 30725, 127, 3, 0, 0.1, 3.13468e+06, 125.387
25002, 31745, 137, 3, 1, 0.1, 3.13482e+06, 125.388
25003, 30725, 127, 3, 0, 0.1, 3.13494e+06, 125.388
25004, 18437, 137, 3, 0, 0.1, 3.13508e+06, 125.388
25005, 26629, 127, 3, 0, 0.1, 3.13521e+06, 125.388
25006, 30721, 127, 1, 0, 0.1, 3.13534e+06, 125.388
25007, 26629, 127, 1, 1, 0.1, 3.13546e+06, 125.388
25008, 18437, 127, 1, 0, 0.1, 3.13559e+06, 125.388
25009, 18437, 127, 3, 0, 0.1, 3.13572e+06, 125.389
25010, 18437, 127, 1, 0, 0.1, 3.13584e+06, 125.389
25011, 18437, 127, 1, 0, 0.1, 3.13597e+06, 125.389
25012, 27649, 127, 0, 1, 0.1, 3.1361e+06, 125.389
25013, 27649, 117, 1, 0, 0.1, 3.13621e+06, 125.388
25014, 18437, 127, 3, 0, 0.1, 3.13634e+06, 125.388
25015, 27649, 127, 1, 0, 0.1, 3.13647e+06, 125.389
25016, 18437, 127, 3, 0, 0.1, 3.1366e+06, 125.389
25017, 27649, 127, 1, 0, 0.1, 3.13672e+06, 125.389
25018, 18437, 127, 1, 0, 0.1, 3.13685e+06, 125.389
25019, 18437, 127, 3, 0, 0.1, 3.13698e+06, 125.389
25020, 18437, 127, 3, 0, 0.1, 3.1371e+06, 125.389
25021, 27649, 127, 2, 0, 0.1, 3.13723e+06, 125.389
25022, 29706, 127, 2, 0, 0.1, 3.13736e+06, 125.389
25023, 29706, 127, 1, 1, 0.1, 3.13748e+06, 125.389
25024, 29706, 117, 1, 0, 0.1, 3.1376e+06, 125.389
25025, 29706, 117, 2, 0, 0.1, 3.13772e+06, 125.388
25026, 25610, 137, 2, 0, 0.1, 3.13786e+06, 125.389
25027, 29706, 127, 2, 0, 0.1, 3.13798e+06, 125.389
25028, 29706, 127, 2, 0, 0.1, 3.13811e+06, 125.389
25029, 16394, 137, 3, 0, 0.1, 3.13825e+06, 125.389
25030, 16394, 117, 0, 0, 0.1, 3.13836e+06, 125.389
25031, 10, 127, 2, 0, 0.1, 3.13849e+06, 125.389
25032, 16394, 127, 3, 0, 0.1, 3.13862e+06, 125.389
25033, 16394, 117, 3, 1, 0.1, 3.13873e+06, 125.389
25034, 16394, 117, 0, 0, 0.1, 3.13885e+06, 125.389
25035, 10, 127, 2, 0, 0.1, 3.13898e+06, 125.389
25036, 16394, 127, 0, 0, 0.1, 3.13910e+06, 125.389
25037, 10, 127, 1, 0, 0.1, 3.13923e+06, 125.389
25038, 10, 117, 2, 0, 0.1, 3.13935e+06, 125.388
25039, 16394, 127, 2, 0, 0.1, 3.13948e+06, 125.388
25040, 24586, 127, 0, 0, 0.1, 3.1396e+06, 125.389
25041, 16394, 127, 2, 0, 0.1, 3.13973e+06, 125.389
25042, 24586, 127, 2, 0, 0.1, 3.13986e+06, 125.389
25043, 28682, 127, 0, 0, 0.1, 3.13998e+06, 125.389
25044, 24586, 127, 2, 1, 0.1, 3.14011e+06, 125.389
25045, 28682, 127, 2, 0, 0.1, 3.14024e+06, 125.389
25046, 31236, 127, 0, 0, 0.1, 3.14036e+06, 125.389
25047, 28682, 127, 2, 0, 0.1, 3.14049e+06, 125.389
25048, 31236, 127, 1, 0, 0.1, 3.14062e+06, 125.389
25049, 27141, 137, 3, 0, 0.1, 3.14076e+06, 125.389
25050, 31236, 127, 3, 0, 0.1, 3.14088e+06, 125.39
25051, 31237, 127, 1, 0, 0.1, 3.14101e+06, 125.39
25052, 31236, 127, 1, 0, 0.1, 3.14114e+06, 125.39
25053, 27141, 127, 3, 0, 0.1, 3.14126e+06, 125.39
25054, 31236, 127, 0, 0, 0.1, 3.14139e+06, 125.39
25055, 24586, 127, 2, 0, 0.1, 3.14152e+06, 125.39
25056, 31236, 127, 1, 0, 0.1, 3.14164e+06, 125.39
25057, 27141, 127, 1, 0, 0.1, 3.14177e+06, 125.39
25058, 27141, 127, 3, 0, 0.1, 3.1419e+06, 125.39
25059, 27141, 127, 0, 1, 0.1, 3.14203e+06, 125.39
25060, 27173, 117, 3, 0, 0.1, 3.14214e+06, 125.39
25061, 31268, 127, 2, 0, 0.1, 3.14227e+06, 125.39
25062, 31268, 117, 3, 0, 0.1, 3.14239e+06, 125.39
25063, 31269, 127, 0, 0, 0.1, 3.14251e+06, 125.39
25064, 31269, 117, 1, 0, 0.1, 3.14263e+06, 125.389
25065, 31268, 127, 1, 1, 0.1, 3.14276e+06, 125.389
25066, 27173, 127, 2, 1, 0.1, 3.14288e+06, 125.389
25067, 27173, 117, 1, 0, 0.1, 3.143e+06, 125.389
25068, 27173, 127, 3, 0, 0.1, 3.14313e+06, 125.389
25069, 27173, 127, 1, 0, 0.1, 3.14326e+06, 125.389
25070, 27141, 77, 2, 0, 0.1, 3.14333e+06, 125.387
25071, 30472, 137, 1, 1, 0.1, 3.14347e+06, 125.388
25072, 29189, 127, 1, 0, 0.1, 3.1436e+06, 125.388
25073, 29954, 137, 3, 0, 0.1, 3.14373e+06, 125.388
25074, 28677, 127, 1, 0, 0.1, 3.14386e+06, 125.388
25075, 29954, 127, 3, 0, 0.1, 3.14399e+06, 125.388
25076, 28677, 127, 3, 0, 0.1, 3.14412e+06, 125.388
25077, 29960, 127, 2, 0, 0.1, 3.14424e+06, 125.388
25078, 29962, 137, 2, 0, 0.1, 3.14438e+06, 125.389
25079, 32130, 137, 2, 0, 0.1, 3.14452e+06, 125.389
25080, 29962, 127, 0, 0, 0.1, 3.14464e+06, 125.389
25081, 32002, 127, 3, 0, 0.1, 3.14477e+06, 125.39
25082, 30853, 137, 3, 0, 0.1, 3.14491e+06, 125.39
25083, 31108, 137, 3, 0, 0.1, 3.14504e+06, 125.39
25084, 30853, 127, 3, 0, 0.1, 3.14517e+06, 125.391
25085, 30757, 77, 3, 0, 0.1, 3.14525e+06, 125.389
25086, 29962, 117, 2, 0, 0.1, 3.14536e+06, 125.388
25087, 30472, 137, 1, 0, 0.1, 3.1455e+06, 125.389
25088, 24581, 137, 2, 1, 0.1, 3.14564e+06, 125.389
25089, 24581, 117, 2, 1, 0.1, 3.14576e+06, 125.389
25090, 24581, 117, 1, 0, 0.1, 3.14587e+06, 125.389
25091, 29954, 127, 3, 0, 0.1, 3.146e+06, 125.389
25092, 24581, 127, 3, 0, 0.1, 3.14613e+06, 125.389
25093, 29960, 127, 2, 1, 0.1, 3.14625e+06, 125.389
25094, 29962, 127, 2, 0, 0.1, 3.14638e+06, 125.389
25095, 32002, 127, 3, 0, 0.1, 3.14651e+06, 125.389
25096, 24581, 137, 3, 0, 0.1, 3.14664e+06, 125.389
25097, 28932, 127, 3, 0, 0.1, 3.14677e+06, 125.389
25098, 24709, 127, 2, 0, 0.1, 3.1469e+06, 125.389
25099, 24709, 117, 3, 0, 0.1, 3.14702e+06, 125.389
25100, 24581, 77, 2, 0, 0.1, 3.14709e+06, 125.387
25101, 30472, 137, 2, 0, 0.1, 3.14723e+06, 125.388
25102, 29962, 127, 2, 0, 0.1, 3.14736e+06, 125.388
25103, 32002, 127, 2, 0, 0.1, 3.14748e+06, 125.388
25104, 29962, 137, 2, 0, 0.1, 3.14762e+06, 125.388
25105, 32512, 137, 0, 0, 0.1, 3.14776e+06, 125.389
25106, 29962, 127, 0, 0, 0.1, 3.14788e+06, 125.389
25107, 32002, 127, 0, 1, 0.1, 3.14801e+06, 125.389
25108, 29962, 127, 2, 0, 0.1, 3.14814e+06, 125.389
25109, 32002, 127, 2, 0, 0.1, 3.14827e+06, 125.389
25110, 29962, 127, 2, 0, 0.1, 3.14839e+06, 125.389
25111, 32512, 127, 0, 0, 0.1, 3.14852e+06, 125.389
25112, 29962, 127, 0, 0, 0.1, 3.14865e+06, 125.389
25113, 32002, 127, 3, 0, 0.1, 3.14877e+06, 125.389
25114, 30725, 137, 3, 0, 0.1, 3.14891e+06, 125.39
25115, 30980, 127, 3, 0, 0.1, 3.14904e+06, 125.39
25116, 30725, 127, 3, 0, 0.1, 3.14916e+06, 125.39
25117, 30725, 137, 3, 0, 0.1, 3.1493e+06, 125.39
25118, 30725, 127, 3, 0, 0.1, 3.14943e+06, 125.39
25119, 28940, 137, 2, 0, 0.1, 3.14957e+06, 125.391
25120, 28956, 117, 0, 1, 0.1, 3.14968e+06, 125.39
25121, 28954, 77, 2, 0, 0.1, 3.14976e+06, 125.389
25122, 30472, 137, 2, 0, 0.1, 3.1499e+06, 125.389
25123, 29962, 137, 2, 0, 0.1, 3.15003e+06, 125.389
25124, 32002, 137, 0, 1, 0.1, 3.15017e+06, 125.39
25125, 29962, 127, 2, 0, 0.1, 3.1503e+06, 125.39
25126, 32002, 127, 0, 1, 0.1, 3.15042e+06, 125.39
25127, 29962, 127, 0, 0, 0.1, 3.15055e+06, 125.39
25128, 30472, 127, 1, 0, 0.1, 3.15068e+06, 125.39
25129, 28677, 137, 1, 0, 0.1, 3.15082e+06, 125.391
25130, 29954, 127, 2, 0, 0.1, 3.15094e+06, 125.391
25131, 29962, 137, 2, 0, 0.1, 3.15108e+06, 125.391
25132, 30472, 137, 2, 0, 0.1, 3.15122e+06, 125.392
25133, 29962, 137, 2, 0, 0.1, 3.15135e+06, 125.392
25134, 31492, 137, 2, 0, 0.1, 3.15149e+06, 125.393
25135, 31492, 117, 0, 0, 0.1, 3.15161e+06, 125.392
25136, 24842, 127, 0, 0, 0.1, 3.15174e+06, 125.392
25137, 29448, 127, 2, 0, 0.1, 3.15186e+06, 125.392
25138, 24842, 127, 3, 1, 0.1, 3.15199e+06, 125.392
25139, 24842, 117, 0, 0, 0.1, 3.15211e+06, 125.392
25140, 29448, 127, 1, 0, 0.1, 3.15223e+06, 125.392
25141, 29189, 127, 0, 1, 0.1, 3.15236e+06, 125.392
25142, 29189, 117, 1, 0, 0.1, 3.15248e+06, 125.392
25143, 28934, 137, 3, 0, 0.1, 3.15261e+06, 125.392
25144, 28677, 127, 1, 0, 0.1, 3.15274e+06, 125.392
25145, 28934, 127, 0, 0, 0.1, 3.15287e+06, 125.392
25146, 28938, 137, 0, 0, 0.1, 3.15300e+06, 125.393
25147, 29193, 137, 3, 0, 0.1, 3.15314e+06, 125.393
25148, 29193, 117, 1, 0, 0.1, 3.15326e+06, 125.393
25149, 29189, 137, 1, 0, 0.1, 3.1534e+06, 125.394
25150, 29954, 137, 2, 1, 0.1, 3.15353e+06, 125.394
25151, 29962, 127, 0, 0, 0.1, 3.15366e+06, 125.394
25152, 29954, 127, 0, 1, 0.1, 3.15379e+06, 125.394
25153, 29962, 127, 0, 0, 0.1, 3.15391e+06, 125.394
25154, 32002, 137, 2, 0, 0.1, 3.15405e+06, 125.395
25155, 29962, 127, 0, 0, 0.1, 3.15418e+06, 125.395
25156, 32002, 127, 3, 0, 0.1, 3.15430e+06, 125.395
25157, 30725, 127, 1, 0, 0.1, 3.15443e+06, 125.395
25158, 32002, 127, 2, 0, 0.1, 3.15456e+06, 125.395
25159, 29962, 127, 2, 0, 0.1, 3.15469e+06, 125.395
25160, 25858, 127, 2, 0, 0.1, 3.15481e+06, 125.395
25161, 29962, 127, 0, 0, 0.1, 3.15494e+06, 125.395
25162, 25858, 127, 3, 0, 0.1, 3.15507e+06, 125.395
25163, 16389, 127, 3, 0, 0.1, 3.15519e+06, 125.395
25164, 9, 127, 2, 0, 0.1, 3.15532e+06, 125.395
25165, 10, 127, 0, 0, 0.1, 3.15545e+06, 125.395
25166, 9, 127, 2, 0, 0.1, 3.15558e+06, 125.395
25167, 10, 127, 2, 0, 0.1, 3.1557e+06, 125.395
25168, 6, 127, 1, 0, 0.1, 3.15583e+06, 125.396
25169, 6, 117, 0, 0, 0.1, 3.15595e+06, 125.395
25170, 10, 127, 0, 0, 0.1, 3.15607e+06, 125.395
25171, 9, 127, 2, 0, 0.1, 3.1562e+06, 125.395
25172, 10, 127, 2, 0, 0.1, 3.15633e+06, 125.395
25173, 6, 127, 0, 0, 0.1, 3.15645e+06, 125.395
25174, 10, 127, 0, 0, 0.1, 3.15658e+06, 125.396
25175, 9, 127, 1, 0, 0.1, 3.15671e+06, 125.396
25176, 16389, 127, 0, 1, 0.1, 3.15684e+06, 125.396
25177, 16389, 117, 1, 0, 0.1, 3.15695e+06, 125.395
25178, 25858, 127, 0, 0, 0.1, 3.15708e+06, 125.395
25179, 29962, 127, 2, 0, 0.1, 3.15721e+06, 125.395
25180, 25858, 127, 2, 0, 0.1, 3.15733e+06, 125.395
25181, 29962, 127, 2, 1, 0.1, 3.15746e+06, 125.396
25182, 29962, 127, 2, 0, 0.1, 3.15759e+06, 125.396
25183, 29962, 137, 0, 0, 0.1, 3.15772e+06, 125.396
25184, 25866, 127, 0, 0, 0.1, 3.15785e+06, 125.396
25185, 17674, 127, 2, 1, 0.1, 3.15798e+06, 125.396
25186, 25866, 127, 2, 0, 0.1, 3.15810e+06, 125.396
25187, 29962, 127, 0, 0, 0.1, 3.15823e+06, 125.396
25188, 25866, 127, 0, 0, 0.1, 3.15836e+06, 125.396
25189, 17674, 127, 2, 0, 0.1, 3.15849e+06, 125.396
25190, 25866, 127, 2, 0, 0.1, 3.15861e+06, 125.397
25191, 29962, 127, 2, 0, 0.1, 3.15874e+06, 125.397
25192, 29962, 127, 0, 0, 0.1, 3.15887e+06, 125.397
25193, 29962, 127, 1, 0, 0.1, 3.15899e+06, 125.397
25194, 29962, 117, 3, 1, 0.1, 3.15911e+06, 125.396
25195, 29962, 117, 3, 0, 0.1, 3.15923e+06, 125.396
25196, 29962, 117, 2, 0, 0.1, 3.15934e+06, 125.396
25197, 29962, 127, 2, 0, 0.1, 3.15947e+06, 125.396
25198, 29962, 137, 3, 0, 0.1, 3.15961e+06, 125.396
25199, 29962, 117, 0, 0, 0.1, 3.15973e+06, 125.396
25200, 25866, 127, 2, 0, 0.1, 3.15985e+06, 125.396
25201, 29962, 127, 2, 0, 0.1, 3.15998e+06, 125.396
25202, 29962, 127, 2, 0, 0.1, 3.16011e+06, 125.396
25203, 30982, 137, 3, 1, 0.1, 3.16024e+06, 125.397
25204, 30725, 137, 1, 0, 0.1, 3.16038e+06, 125.397
25205, 30982, 127, 3, 0, 0.1, 3.16051e+06, 125.397
25206, 30725, 127, 1, 0, 0.1, 3.16064e+06, 125.397
25207, 30982, 127, 3, 0, 0.1, 3.16076e+06, 125.397
25208, 30725, 127, 3, 0, 0.1, 3.16089e+06, 125.397
25209, 24844, 137, 2, 0, 0.1, 3.16103e+06, 125.398
25210, 24844, 117, 2, 0, 0.1, 3.16114e+06, 125.397
25211, 24844, 117, 3, 0, 0.1, 3.16126e+06, 125.397
25212, 24844, 117, 2, 1, 0.1, 3.16138e+06, 125.397
25213, 24844, 117, 0, 0, 0.1, 3.16149e+06, 125.396
25214, 30978, 127, 3, 0, 0.1, 3.16162e+06, 125.396
25215, 30725, 127, 3, 0, 0.1, 3.16175e+06, 125.397
25216, 28681, 137, 3, 0, 0.1, 3.16188e+06, 125.397
25217, 28681, 117, 2, 1, 0.1, 3.162e+06, 125.397
25218, 57350, 137, 3, 0, 0.1, 3.16214e+06, 125.397
25219, 61445, 127, 1, 0, 0.1, 3.16227e+06, 125.397
25220, 57350, 127, 3, 0, 0.1, 3.16239e+06, 125.397
25221, 61445, 127, 2, 0, 0.1, 3.16252e+06, 125.397
25222, 61445, 117, 3, 0, 0.1, 3.16264e+06, 125.397
25223, 61708, 127, 0, 0, 0.1, 3.16276e+06, 125.397
25224, 61706, 137, 3, 0, 0.1, 3.1629e+06, 125.397
25225, 61706, 117, 2, 0, 0.1, 3.16302e+06, 125.397
25226, 61708, 127, 0, 0, 0.1, 3.16314e+06, 125.397
25227, 61706, 127, 0, 0, 0.1, 3.16327e+06, 125.397
25228, 61706, 137, 2, 0, 0.1, 3.16341e+06, 125.398
25229, 57610, 127, 0, 0, 0.1, 3.16354e+06, 125.398
25230, 61706, 127, 0, 0, 0.1, 3.16366e+06, 125.398
25231, 64256, 127, 0, 0, 0.1, 3.16379e+06, 125.398
25232, 61706, 137, 2, 0, 0.1, 3.16393e+06, 125.398
25233, 64256, 127, 0, 0, 0.1, 3.16405e+06, 125.398
25234, 61706, 127, 1, 0, 0.1, 3.16418e+06, 125.399
25235, 61706, 117, 2, 0, 0.1, 3.1643e+06, 125.398
25236, 64272, 127, 1, 0, 0.1, 3.16442e+06, 125.398
25237, 64005, 127, 1, 0, 0.1, 3.16455e+06, 125.398
25238, 64260, 127, 0, 0, 0.1, 3.16468e+06, 125.398
25239, 57610, 127, 0, 0, 0.1, 3.16481e+06, 125.398
25240, 49416, 127, 2, 0, 0.1, 3.16493e+06, 125.399
25241, 57610, 127, 2, 0, 0.1, 3.16506e+06, 125.399
25242, 64260, 127, 1, 0, 0.1, 3.16519e+06, 125.399
25243, 64005, 127, 2, 0, 0.1, 3.16531e+06, 125.399
25244, 64005, 117, 1, 0, 0.1, 3.16543e+06, 125.398
25245, 34819, 137, 3, 1, 0.1, 3.16557e+06, 125.399
25246, 51205, 127, 1, 0, 0.1, 3.1657e+06, 125.399
25247, 34819, 127, 2, 0, 0.1, 3.16582e+06, 125.399
25248, 32778, 127, 3, 1, 0.1, 3.16595e+06, 125.399
25249, 32778, 117, 0, 0, 0.1, 3.16607e+06, 125.399
25250, 34819, 127, 3, 0, 0.1, 3.16619e+06, 125.399
25251, 51205, 127, 0, 0, 0.1, 3.16632e+06, 125.399
25252, 51205, 117, 1, 0, 0.1, 3.16644e+06, 125.398
25253, 34819, 127, 0, 0, 0.1, 3.16656e+06, 125.399
25254, 34819, 117, 2, 0, 0.1, 3.16668e+06, 125.398
25255, 32778, 127, 0, 0, 0.1, 3.16681e+06, 125.398
25256, 34819, 127, 2, 1, 0.1, 3.16694e+06, 125.398
25257, 32778, 127, 0, 0, 0.1, 3.16706e+06, 125.398
25258, 34819, 127, 1, 0, 0.1, 3.16719e+06, 125.398
25259, 34819, 117, 1, 0, 0.1, 3.16731e+06, 125.398
25260, 34819, 117, 1, 0, 0.1, 3.16742e+06, 125.398
25261, 34819, 117, 3, 0, 0.1, 3.16754e+06, 125.397
25262, 51205, 127, 0, 0, 0.1, 3.16767e+06, 125.398
25263, 51205, 117, 3, 0, 0.1, 3.16778e+06, 125.397
25264, 59652, 127, 2, 0, 0.1, 3.16791e+06, 125.397
25265, 59652, 117, 3, 1, 0.1, 3.16803e+06, 125.397
25266, 63493, 127, 3, 0, 0.1, 3.16816e+06, 125.397
25267, 63744, 127, 0, 0, 0.1, 3.16828e+06, 125.397
25268, 61706, 127, 3, 0, 0.1, 3.16841e+06, 125.397
25269, 61706, 117, 2, 0, 0.1, 3.16853e+06, 125.397
25270, 63744, 127, 0, 0, 0.1, 3.16865e+06, 125.397
25271, 61706, 127, 2, 0, 0.1, 3.16878e+06, 125.397
25272, 63744, 127, 3, 0, 0.1, 3.16891e+06, 125.397
25273, 63493, 137, 0, 0, 0.1, 3.16904e+06, 125.397
25274, 63493, 117, 3, 0, 0.1, 3.16916e+06, 125.397
25275, 63493, 137, 3, 0, 0.1, 3.1693e+06, 125.398
25276, 59397, 137, 3, 0, 0.1, 3.16944e+06, 125.398
25277, 64513, 127, 2, 0, 0.1, 3.16956e+06, 125.398
25278, 62474, 127, 0, 0, 0.1, 3.16969e+06, 125.398
25279, 64513, 127, 2, 0, 0.1, 3.16982e+06, 125.398
25280, 62474, 127, 2, 0, 0.1, 3.16994e+06, 125.398
25281, 50186, 137, 3, 0, 0.1, 3.17008e+06, 125.399
25282, 50186, 117, 0, 0, 0.1, 3.1702e+06, 125.398
25283, 33802, 127, 0, 0, 0.1, 3.17032e+06, 125.398
25284, 35841, 127, 1, 0, 0.1, 3.17045e+06, 125.399
25285, 34821, 127, 1, 0, 0.1, 3.17058e+06, 125.399
25286, 34821, 127, 1, 0, 0.1, 3.17070e+06, 125.399
25287, 34821, 127, 0, 0, 0.1, 3.17083e+06, 125.399
25288, 34821, 117, 3, 0, 0.1, 3.17095e+06, 125.398
25289, 34821, 127, 2, 0, 0.1, 3.17108e+06, 125.398
25290, 34821, 117, 2, 0, 0.1, 3.17119e+06, 125.398
25291, 34821, 117, 0, 0, 0.1, 3.17131e+06, 125.398
25292, 34821, 117, 1, 0, 0.1, 3.17143e+06, 125.397
25293, 34821, 127, 1, 0, 0.1, 3.17155e+06, 125.398
25294, 51456, 127, 0, 0, 0.1, 3.17168e+06, 125.398
25295, 57610, 127, 2, 0, 0.1, 3.17181e+06, 125.398
25296, 51456, 127, 2, 0, 0.1, 3.17194e+06, 125.398
25297, 33034, 127, 0, 0, 0.1, 3.17206e+06, 125.398
25298, 51456, 127, 3, 0, 0.1, 3.17219e+06, 125.398
25299, 34821, 127, 1, 0, 0.1, 3.17232e+06, 125.398
25300, 51456, 127, 3, 1, 0.1, 3.17244e+06, 125.398
25301, 34821, 127, 1, 0, 0.1, 3.17257e+06, 125.398
25302, 51456, 127, 1, 0, 0.1, 3.1727e+06, 125.398
25303, 34821, 127, 0, 0, 0.1, 3.17282e+06, 125.398
25304, 34821, 117, 3, 0, 0.1, 3.17294e+06, 125.398
25305, 51456, 127, 3, 0, 0.1, 3.17307e+06, 125.398
25306, 34821, 127, 1, 0, 0.1, 3.1732e+06, 125.398
25307, 51456, 127, 2, 0, 0.1, 3.17332e+06, 125.398
25308, 33034, 127, 0, 0, 0.1, 3.17345e+06, 125.398
25309, 51456, 127, 1, 0, 0.1, 3.17358e+06, 125.398
25310, 34821, 127, 3, 0, 0.1, 3.1737e+06, 125.398
25311, 51456, 127, 0, 1, 0.1, 3.17383e+06, 125.398
25312, 57610, 127, 0, 0, 0.1, 3.17396e+06, 125.398
25313, 63746, 127, 3, 0, 0.1, 3.17408e+06, 125.398
25314, 63493, 127, 1, 0, 0.1, 3.17421e+06, 125.398
25315, 63746, 127, 0, 0, 0.1, 3.17434e+06, 125.399
25316, 57610, 127, 0, 0, 0.1, 3.17446e+06, 125.399
25317, 61704, 127, 2, 1, 0.1, 3.17459e+06, 125.399
25318, 24842, 127, 2, 0, 0.1, 3.17472e+06, 125.399
25319, 30978, 127, 3, 0, 0.1, 3.17485e+06, 125.399
25320, 30725, 127, 3, 0, 0.1, 3.17497e+06, 125.399
25321, 30980, 137, 3, 0, 0.1, 3.17511e+06, 125.399
25322, 30725, 137, 1, 0, 0.1, 3.17525e+06, 125.4
25323, 30980, 127, 0, 0, 0.1, 3.17537e+06, 125.4
25324, 28938, 137, 0, 0, 0.1, 3.17551e+06, 125.4
25325, 28938, 137, 1, 0, 0.1, 3.17565e+06, 125.401
25326, 28938, 117, 0, 0, 0.1, 3.17576e+06, 125.4
25327, 28938, 127, 2, 0, 0.1, 3.17589e+06, 125.4
25328, 28938, 127, 2, 0, 0.1, 3.17602e+06, 125.401
25329, 24842, 127, 2, 0, 0.1, 3.17615e+06, 125.401
25330, 30980, 127, 0, 0, 0.1, 3.17627e+06, 125.401
25331, 24842, 127, 0, 0, 0.1, 3.1764e+06, 125.401
25332, 28938, 127, 0, 0, 0.1, 3.17653e+06, 125.401
25333, 28938, 127, 0, 0, 0.1, 3.17665e+06, 125.401
25334, 24586, 137, 2, 0, 0.1, 3.17679e+06, 125.401
25335, 16394, 127, 0, 0, 0.1, 3.17692e+06, 125.401
25336, 24586, 127, 1, 0, 0.1, 3.17704e+06, 125.401
25337, 24586, 117, 0, 0, 0.1, 3.17716e+06, 125.401
25338, 28682, 127, 2, 0, 0.1, 3.17729e+06, 125.401
25339, 24586, 127, 0, 0, 0.1, 3.17742e+06, 125.401
25340, 28682, 127, 2, 0, 0.1, 3.17754e+06, 125.401
25341, 24586, 127, 0, 0, 0.1, 3.17767e+06, 125.401
25342, 28682, 127, 2, 0, 0.1, 3.1778e+06, 125.401
25343, 24586, 127, 0, 0, 0.1, 3.17792e+06, 125.401
25344, 28682, 127, 0, 0, 0.1, 3.17805e+06, 125.402
25345, 30721, 127, 3, 0, 0.1, 3.17818e+06, 125.402
25346, 26629, 137, 1, 0, 0.1, 3.17832e+06, 125.402
25347, 26625, 127, 1, 0, 0.1, 3.17844e+06, 125.402
25348, 30725, 127, 3, 0, 0.1, 3.17857e+06, 125.402
25349, 26625, 127, 3, 1, 0.1, 3.1787e+06, 125.402
25350, 26629, 127, 3, 0, 0.1, 3.17882e+06, 125.402
25351, 30725, 127, 1, 0, 0.1, 3.17895e+06, 125.402
25352, 26629, 127, 1, 0, 0.1, 3.17908e+06, 125.402
25353, 26625, 127, 2, 1, 0.1, 3.1792e+06, 125.402
25354, 16394, 127, 2, 0, 0.1, 3.17933e+06, 125.403
25355, 10, 127, 2, 0, 0.1, 3.17946e+06, 125.403
25356, 10, 127, 2, 0, 0.1, 3.17958e+06, 125.403
25357, 16394, 127, 0, 0, 0.1, 3.17971e+06, 125.403
25358, 10, 127, 0, 0, 0.1, 3.17984e+06, 125.403
25359, 10, 127, 2, 0, 0.1, 3.17997e+06, 125.403
25360, 10, 127, 2, 0, 0.1, 3.18009e+06, 125.403
25361, 16394, 127, 2, 0, 0.1, 3.18022e+06, 125.403
25362, 24586, 127, 0, 0, 0.1, 3.18035e+06, 125.403
25363, 16394, 127, 2, 0, 0.1, 3.18047e+06, 125.403
25364, 24586, 127, 0, 0, 0.1, 3.1806e+06, 125.403
25365, 16394, 127, 0, 0, 0.1, 3.18073e+06, 125.403
25366, 10, 127, 1, 0, 0.1, 3.18086e+06, 125.403
25367, 10, 117, 0, 0, 0.1, 3.18097e+06, 125.403
25368, 10, 127, 2, 0, 0.1, 3.1811e+06, 125.403
25369, 10, 127, 3, 1, 0.1, 3.18123e+06, 125.403
25370, 10, 117, 1, 0, 0.1, 3.18134e+06, 125.403
25371, 10, 117, 2, 0, 0.1, 3.18146e+06, 125.402
25372, 16394, 127, 2, 0, 0.1, 3.18159e+06, 125.403
25373, 24586, 127, 2, 0, 0.1, 3.18171e+06, 125.403
25374, 30724, 127, 0, 0, 0.1, 3.18184e+06, 125.403
25375, 24586, 127, 2, 0, 0.1, 3.18197e+06, 125.403
25376, 30724, 127, 3, 0, 0.1, 3.1821e+06, 125.403
25377, 30725, 127, 3, 0, 0.1, 3.18222e+06, 125.403
25378, 30725, 137, 3, 0, 0.1, 3.18236e+06, 125.403
25379, 28677, 137, 3, 0, 0.1, 3.1825e+06, 125.404
25380, 28940, 127, 0, 0, 0.1, 3.18262e+06, 125.404
25381, 28938, 137, 2, 0, 0.1, 3.18276e+06, 125.404
25382, 28956, 127, 0, 0, 0.1, 3.18289e+06, 125.404
25383, 28938, 77, 2, 0, 0.1, 3.18296e+06, 125.402
25384, 30472, 127, 2, 0, 0.1, 3.18309e+06, 125.402
25385, 29962, 127, 2, 0, 0.1, 3.18322e+06, 125.403
25386, 27906, 127, 2, 0, 0.1, 3.18334e+06, 125.403
25387, 29962, 127, 2, 0, 0.1, 3.18347e+06, 125.403
25388, 32512, 127, 2, 0, 0.1, 3.1836e+06, 125.403
25389, 29962, 137, 0, 0, 0.1, 3.18374e+06, 125.403
25390, 32512, 127, 0, 1, 0.1, 3.18386e+06, 125.403
25391, 29962, 127, 2, 0, 0.1, 3.18399e+06, 125.403
25392, 32512, 127, 2, 0, 0.1, 3.18412e+06, 125.403
25393, 29962, 127, 2, 0, 0.1, 3.18424e+06, 125.403
25394, 29962, 137, 2, 0, 0.1, 3.18438e+06, 125.404
25395, 28940, 137, 2, 0, 0.1, 3.18452e+06, 125.404
25396, 28940, 117, 1, 0, 0.1, 3.18464e+06, 125.404
25397, 28677, 127, 3, 0, 0.1, 3.18476e+06, 125.404
25398, 28940, 127, 1, 0, 0.1, 3.18489e+06, 125.404
25399, 28677, 127, 1, 0, 0.1, 3.18502e+06, 125.404
25400, 61702, 137, 0, 0, 0.1, 3.18515e+06, 125.405
25401, 61961, 137, 1, 0, 0.1, 3.18529e+06, 125.405
25402, 61957, 127, 2, 0, 0.1, 3.18542e+06, 125.405
25403, 61957, 117, 2, 0, 0.1, 3.18553e+06, 125.405
25404, 61957, 117, 1, 0, 0.1, 3.18565e+06, 125.405
25405, 61698, 137, 0, 0, 0.1, 3.18579e+06, 125.405
25406, 61706, 127, 2, 0, 0.1, 3.18592e+06, 125.405
25407, 61698, 127, 3, 0, 0.1, 3.18604e+06, 125.405
25408, 57349, 127, 1, 0, 0.1, 3.18617e+06, 125.405
25409, 61698, 127, 1, 0, 0.1, 3.1863e+06, 125.405
25410, 61698, 117, 3, 0, 0.1, 3.18641e+06, 125.405
25411, 57349, 127, 0, 0, 0.1, 3.18654e+06, 125.405
25412, 57349, 117, 0, 0, 0.1, 3.18666e+06, 125.405
25413, 57349, 117, 0, 0, 0.1, 3.18677e+06, 125.404
25414, 57349, 117, 3, 0, 0.1, 3.18689e+06, 125.404
25415, 49161, 127, 0, 0, 0.1, 3.18702e+06, 125.404
25416, 49161, 117, 0, 0, 0.1, 3.18714e+06, 125.404
25417, 49161, 117, 3, 0, 0.1, 3.18725e+06, 125.403
25418, 49161, 117, 1, 0, 0.1, 3.18737e+06, 125.403
25419, 57349, 127, 3, 0, 0.1, 3.1875e+06, 125.403
25420, 49161, 127, 0, 0, 0.1, 3.18762e+06, 125.403
25421, 49161, 117, 1, 0, 0.1, 3.18774e+06, 125.403
25422, 57349, 127, 0, 0, 0.1, 3.18787e+06, 125.403
25423, 57349, 117, 2, 1, 0.1, 3.18798e+06, 125.403
25424, 57349, 117, 0, 1, 0.1, 3.1881e+06, 125.402
25425, 57349, 117, 1, 0, 0.1, 3.18822e+06, 125.402
25426, 61698, 127, 3, 0, 0.1, 3.18834e+06, 125.402
25427, 57349, 127, 0, 0, 0.1, 3.18847e+06, 125.402
25428, 57349, 117, 0, 0, 0.1, 3.18859e+06, 125.402
25429, 57349, 117, 0, 0, 0.1, 3.18871e+06, 125.401
25430, 57349, 117, 3, 0, 0.1, 3.18882e+06, 125.401
25431, 49161, 127, 0, 0, 0.1, 3.18895e+06, 125.401
25432, 49161, 117, 2, 0, 0.1, 3.18907e+06, 125.401
25433, 32774, 127, 2, 0, 0.1, 3.18919e+06, 125.401
25434, 32774, 117, 2, 0, 0.1, 3.18931e+06, 125.401
25435, 32774, 117, 0, 0, 0.1, 3.18943e+06, 125.4
25436, 49161, 127, 2, 0, 0.1, 3.18956e+06, 125.4
25437, 32774, 127, 3, 0, 0.1, 3.18968e+06, 125.4
25438, 32773, 127, 3, 0, 0.1, 3.18981e+06, 125.4
25439, 49420, 127, 2, 0, 0.1, 3.18994e+06, 125.4
25440, 49420, 117, 1, 0, 0.1, 3.19005e+06, 125.4
25441, 32773, 127, 0, 0, 0.1, 3.19018e+06, 125.4
25442, 32773, 117, 1, 0, 0.1, 3.1903e+06, 125.4
25443, 32774, 127, 0, 0, 0.1, 3.19042e+06, 125.4
25444, 49161, 127, 2, 0, 0.1, 3.19055e+06, 125.4
25445, 32774, 127, 1, 0, 0.1, 3.19068e+06, 125.4
25446, 32774, 117, 1, 0, 0.1, 3.1908e+06, 125.4
25447, 32774, 117, 1, 1, 0.1, 3.19091e+06, 125.399
25448, 32774, 117, 3, 0, 0.1, 3.19103e+06, 125.399
25449, 32773, 127, 3, 0, 0.1, 3.19116e+06, 125.399
25450, 49420, 127, 0, 0, 0.1, 3.19128e+06, 125.399
25451, 57610, 127, 0, 0, 0.1, 3.19141e+06, 125.399
25452, 61706, 127, 1, 0, 0.1, 3.19154e+06, 125.399
25453, 61706, 117, 1, 0, 0.1, 3.19165e+06, 125.399
25454, 61706, 117, 2, 0, 0.1, 3.19177e+06, 125.399
25455, 57610, 127, 0, 0, 0.1, 3.1919e+06, 125.399
25456, 61706, 127, 3, 1, 0.1, 3.19202e+06, 125.399
25457, 61706, 117, 2, 0, 0.1, 3.19214e+06, 125.398
25458, 57610, 127, 0, 0, 0.1, 3.19227e+06, 125.398
25459, 61706, 127, 0, 0, 0.1, 3.1924e+06, 125.399
25460, 64256, 127, 1, 0, 0.1, 3.19252e+06, 125.399
25461, 64005, 137, 3, 0, 0.1, 3.19266e+06, 125.399
25462, 64256, 127, 0, 0, 0.1, 3.19279e+06, 125.399
25463, 57610, 127, 0, 0, 0.1, 3.19291e+06, 125.399
25464, 59778, 127, 1, 0, 0.1, 3.19304e+06, 125.399
25465, 59650, 117, 3, 0, 0.1, 3.19316e+06, 125.399
25466, 63493, 127, 1, 0, 0.1, 3.19328e+06, 125.399
25467, 59650, 127, 3, 1, 0.1, 3.19341e+06, 125.399
25468, 63493, 127, 3, 0, 0.1, 3.19354e+06, 125.399
25469, 63764, 127, 0, 1, 0.1, 3.19367e+06, 125.399
25470, 61706, 127, 1, 0, 0.1, 3.19379e+06, 125.399
25471, 61706, 117, 0, 0, 0.1, 3.19391e+06, 125.399
25472, 61706, 137, 1, 0, 0.1, 3.19405e+06, 125.399
25473, 61706, 117, 3, 0, 0.1, 3.19416e+06, 125.399
25474, 61706, 117, 0, 0, 0.1, 3.19428e+06, 125.399
25475, 61706, 137, 0, 0, 0.1, 3.19442e+06, 125.399
25476, 61706, 137, 2, 0, 0.1, 3.19456e+06, 125.4
25477, 57610, 127, 2, 0, 0.1, 3.19468e+06, 125.4
25478, 57610, 127, 0, 0, 0.1, 3.19481e+06, 125.4
25479, 57610, 127, 2, 0, 0.1, 3.19494e+06, 125.4
25480, 57610, 127, 0, 0, 0.1, 3.19506e+06, 125.4
25481, 57610, 127, 0, 1, 0.1, 3.19519e+06, 125.4
25482, 61706, 127, 0, 0, 0.1, 3.19532e+06, 125.4
25483, 61706, 127, 2, 0, 0.1, 3.19544e+06, 125.4
25484, 61706, 127, 0, 0, 0.1, 3.19557e+06, 125.4
25485, 61706, 127, 1, 1, 0.1, 3.1957e+06, 125.4
25486, 61706, 117, 2, 0, 0.1, 3.19582e+06, 125.4
25487, 61706, 127, 0, 0, 0.1, 3.19594e+06, 125.4
25488, 61706, 127, 2, 0, 0.1, 3.19607e+06, 125.4
25489, 61706, 127, 0, 0, 0.1, 3.1962e+06, 125.4
25490, 61706, 127, 1, 1, 0.1, 3.19632e+06, 125.4
25491, 61706, 117, 0, 0, 0.1, 3.19644e+06, 125.4
25492, 64129, 137, 3, 1, 0.1, 3.19658e+06, 125.4
25493, 64133, 137, 1, 0, 0.1, 3.19671e+06, 125.401
25494, 64001, 127, 1, 0, 0.1, 3.19684e+06, 125.401
25495, 64005, 137, 3, 0, 0.1, 3.19698e+06, 125.401
25496, 64001, 127, 1, 0, 0.1, 3.19710e+06, 125.401
25497, 64005, 127, 1, 0, 0.1, 3.19723e+06, 125.401
25498, 64770, 137, 3, 0, 0.1, 3.19737e+06, 125.402
25499, 63621, 127, 3, 0, 0.1, 3.1975e+06, 125.402
25500, 30849, 127, 0, 0, 0.1, 3.19762e+06, 125.402
25501, 30849, 117, 3, 0, 0.1, 3.19774e+06, 125.402
25502, 30725, 77, 3, 0, 0.1, 3.19782e+06, 125.4
25503, 29962, 117, 2, 0, 0.1, 3.19793e+06, 125.399
25504, 30472, 137, 2, 0, 0.1, 3.19807e+06, 125.4
25505, 25866, 127, 2, 0, 0.1, 3.1982e+06, 125.4
25506, 32002, 127, 2, 0, 0.1, 3.19832e+06, 125.4
25507, 29962, 127, 0, 0, 0.1, 3.19845e+06, 125.4
25508, 32002, 127, 1, 1, 0.1, 3.19858e+06, 125.4
25509, 32002, 117, 2, 0, 0.1, 3.1987e+06, 125.4
25510, 29962, 127, 2, 0, 0.1, 3.19882e+06, 125.4
25511, 32512, 137, 2, 0, 0.1, 3.19896e+06, 125.4
25512, 29962, 137, 2, 0, 0.1, 3.1991e+06, 125.401
25513, 29962, 137, 2, 0, 0.1, 3.19923e+06, 125.401
25514, 29452, 137, 3, 0, 0.1, 3.19937e+06, 125.402
25515, 29452, 117, 0, 0, 0.1, 3.19949e+06, 125.401
25516, 28938, 127, 2, 0, 0.1, 3.19962e+06, 125.401
25517, 29452, 127, 3, 1, 0.1, 3.19974e+06, 125.401
25518, 29452, 117, 1, 0, 0.1, 3.19986e+06, 125.401
25519, 28677, 137, 1, 0, 0.1, 3.2e+06, 125.402
25520, 61702, 137, 2, 0, 0.1, 3.20013e+06, 125.402
25521, 61702, 117, 1, 0, 0.1, 3.20025e+06, 125.402
25522, 61702, 117, 2, 0, 0.1, 3.20037e+06, 125.401
25523, 61702, 117, 3, 0, 0.1, 3.20048e+06, 125.401
25524, 61445, 127, 1, 0, 0.1, 3.20061e+06, 125.401
25525, 61702, 127, 3, 0, 0.1, 3.20074e+06, 125.401
25526, 61445, 127, 1, 0, 0.1, 3.20086e+06, 125.401
25527, 61702, 127, 0, 0, 0.1, 3.20099e+06, 125.401
25528, 61961, 137, 1, 0, 0.1, 3.20113e+06, 125.402
25529, 61957, 137, 1, 0, 0.1, 3.20127e+06, 125.402
25530, 57346, 137, 2, 0, 0.1, 3.2014e+06, 125.403
25531, 61964, 127, 2, 0, 0.1, 3.20153e+06, 125.403
25532, 61964, 117, 0, 0, 0.1, 3.20165e+06, 125.402
25533, 57346, 127, 0, 0, 0.1, 3.20177e+06, 125.402
25534, 49162, 127, 0, 0, 0.1, 3.2019e+06, 125.402
25535, 59395, 127, 3, 0, 0.1, 3.20203e+06, 125.403
25536, 63493, 127, 2, 0, 0.1, 3.20216e+06, 125.403
25537, 63493, 117, 1, 0, 0.1, 3.20227e+06, 125.402
25538, 59395, 127, 0, 1, 0.1, 3.2024e+06, 125.402
25539, 59395, 117, 1, 0, 0.1, 3.20252e+06, 125.402
25540, 59395, 117, 3, 0, 0.1, 3.20263e+06, 125.402
25541, 63493, 127, 3, 0, 0.1, 3.20276e+06, 125.402
25542, 63748, 127, 1, 0, 0.1, 3.20289e+06, 125.402
25543, 63493, 127, 1, 0, 0.1, 3.20301e+06, 125.402
25544, 59395, 127, 3, 0, 0.1, 3.20314e+06, 125.402
25545, 63493, 127, 2, 1, 0.1, 3.20327e+06, 125.402
25546, 63493, 117, 1, 0, 0.1, 3.20338e+06, 125.402
25547, 59395, 127, 3, 0, 0.1, 3.20351e+06, 125.402
25548, 63493, 127, 3, 0, 0.1, 3.20364e+06, 125.402
25549, 63876, 127, 2, 0, 0.1, 3.20377e+06, 125.402
25550, 63876, 117, 3, 0, 0.1, 3.20388e+06, 125.402
25551, 59525, 137, 2, 0, 0.1, 3.20402e+06, 125.402
25552, 59525, 117, 1, 1, 0.1, 3.20414e+06, 125.402
25553, 63876, 127, 3, 0, 0.1, 3.20426e+06, 125.402
25554, 59397, 127, 3, 0, 0.1, 3.20439e+06, 125.402
25555, 59776, 127, 0, 0, 0.1, 3.20452e+06, 125.402
25556, 57610, 127, 2, 1, 0.1, 3.20464e+06, 125.402
25557, 59776, 127, 1, 0, 0.1, 3.20477e+06, 125.402
25558, 59525, 127, 1, 0, 0.1, 3.2049e+06, 125.402
25559, 63876, 127, 3, 0, 0.1, 3.20503e+06, 125.402
25560, 59525, 127, 3, 0, 0.1, 3.20515e+06, 125.402
25561, 59776, 127, 3, 0, 0.1, 3.20528e+06, 125.402
25562, 63621, 127, 1, 0, 0.1, 3.20541e+06, 125.402
25563, 59776, 127, 3, 0, 0.1, 3.20553e+06, 125.402
25564, 63621, 127, 1, 0, 0.1, 3.20566e+06, 125.402
25565, 59776, 127, 3, 0, 0.1, 3.20579e+06, 125.402
25566, 63621, 127, 1, 0, 0.1, 3.20592e+06, 125.403
25567, 59776, 127, 3, 0, 0.1, 3.20604e+06, 125.403
25568, 63621, 127, 3, 0, 0.1, 3.20617e+06, 125.403
25569, 63621, 127, 1, 0, 0.1, 3.2063e+06, 125.403
25570, 63621, 127, 1, 0, 0.1, 3.20642e+06, 125.403
25571, 59776, 127, 1, 0, 0.1, 3.20655e+06, 125.403
25572, 59525, 127, 0, 0, 0.1, 3.20668e+06, 125.403
25573, 59525, 117, 3, 0, 0.1, 3.20679e+06, 125.403
25574, 59648, 127, 1, 1, 0.1, 3.20692e+06, 125.403
25575, 59525, 127, 1, 0, 0.1, 3.20705e+06, 125.403
25576, 63876, 127, 1, 0, 0.1, 3.20718e+06, 125.403
25577, 59525, 127, 0, 0, 0.1, 3.2073e+06, 125.403
25578, 59525, 117, 3, 0, 0.1, 3.20742e+06, 125.402
25579, 63876, 127, 0, 0, 0.1, 3.20755e+06, 125.403
25580, 61706, 127, 0, 0, 0.1, 3.20767e+06, 125.403
25581, 62216, 137, 0, 0, 0.1, 3.20781e+06, 125.403
25582, 61706, 127, 2, 0, 0.1, 3.20794e+06, 125.403
25583, 62216, 127, 3, 0, 0.1, 3.20806e+06, 125.403
25584, 62216, 117, 0, 0, 0.1, 3.20818e+06, 125.403
25585, 61706, 127, 0, 0, 0.1, 3.20831e+06, 125.403
25586, 57602, 137, 0, 0, 0.1, 3.20844e+06, 125.403
25587, 61706, 127, 0, 0, 0.1, 3.20857e+06, 125.403
25588, 61698, 127, 0, 1, 0.1, 3.2087e+06, 125.403
25589, 61706, 137, 2, 0, 0.1, 3.20884e+06, 125.404
25590, 61698, 127, 0, 0, 0.1, 3.20896e+06, 125.404
25591, 61706, 127, 2, 0, 0.1, 3.20909e+06, 125.404
25592, 61698, 127, 1, 0, 0.1, 3.20922e+06, 125.404
25593, 61698, 117, 3, 0, 0.1, 3.20933e+06, 125.404
25594, 61445, 127, 3, 0, 0.1, 3.20946e+06, 125.404
25595, 61720, 127, 0, 1, 0.1, 3.20959e+06, 125.404
25596, 61706, 137, 2, 0, 0.1, 3.20972e+06, 125.404
25597, 61704, 127, 1, 1, 0.1, 3.20985e+06, 125.404
25598, 57349, 127, 2, 0, 0.1, 3.20998e+06, 125.405
25599, 57349, 117, 3, 0, 0.1, 3.2101e+06, 125.404
25600, 61704, 127, 1, 1, 0.1, 3.21022e+06, 125.404
25601, 57349, 127, 1, 0, 0.1, 3.21035e+06, 125.404
25602, 61698, 127, 1, 0, 0.1, 3.21048e+06, 125.404
25603, 61698, 117, 2, 0, 0.1, 3.21059e+06, 125.404
25604, 57610, 127, 2, 0, 0.1, 3.21072e+06, 125.404
25605, 57602, 127, 0, 0, 0.1, 3.21085e+06, 125.404
25606, 57610, 127, 1, 1, 0.1, 3.21098e+06, 125.404
25607, 57610, 117, 0, 0, 0.1, 3.21109e+06, 125.404
25608, 61698, 127, 0, 0, 0.1, 3.21122e+06, 125.404
25609, 61706, 127, 2, 0, 0.1, 3.21135e+06, 125.404
25610, 61698, 127, 0, 0, 0.1, 3.21147e+06, 125.404
25611, 61706, 127, 2, 0, 0.1, 3.2116e+06, 125.404
25612, 61698, 127, 0, 0, 0.1, 3.21173e+06, 125.404
25613, 61706, 127, 0, 0, 0.1, 3.21185e+06, 125.404
25614, 62216, 137, 2, 0, 0.1, 3.21199e+06, 125.405
25615, 61706, 127, 1, 1, 0.1, 3.21212e+06, 125.405
25616, 61706, 117, 0, 0, 0.1, 3.21224e+06, 125.404
25617, 62216, 127, 0, 0, 0.1, 3.21236e+06, 125.405
25618, 61706, 137, 0, 0, 0.1, 3.2125e+06, 125.405
25619, 64129, 137, 1, 0, 0.1, 3.21264e+06, 125.405
25620, 31365, 127, 1, 0, 0.1, 3.21276e+06, 125.405
25621, 30982, 137, 3, 0, 0.1, 3.2129e+06, 125.406
25622, 30853, 127, 1, 0, 0.1, 3.21303e+06, 125.406
25623, 30982, 127, 0, 0, 0.1, 3.21315e+06, 125.406
25624, 28938, 127, 2, 0, 0.1, 3.21328e+06, 125.406
25625, 30982, 127, 0, 0, 0.1, 3.21341e+06, 125.406
25626, 28938, 127, 0, 0, 0.1, 3.21354e+06, 125.406
25627, 30978, 137, 0, 0, 0.1, 3.21367e+06, 125.407
25628, 29193, 137, 2, 0, 0.1, 3.21381e+06, 125.407
25629, 30722, 127, 0, 0, 0.1, 3.21394e+06, 125.407
25630, 29193, 127, 0, 1, 0.1, 3.21406e+06, 125.407
25631, 29225, 117, 0, 0, 0.1, 3.21418e+06, 125.407
25632, 29225, 117, 1, 1, 0.1, 3.2143e+06, 125.407
25633, 24709, 87, 3, 0, 0.1, 3.21438e+06, 125.405
25634, 29962, 117, 2, 0, 0.1, 3.2145e+06, 125.405
25635, 30472, 137, 1, 0, 0.1, 3.21464e+06, 125.405
25636, 29189, 127, 3, 0, 0.1, 3.21476e+06, 125.405
25637, 30472, 127, 1, 0, 0.1, 3.21489e+06, 125.405
25638, 29189, 127, 1, 0, 0.1, 3.21502e+06, 125.405
25639, 29954, 137, 3, 0, 0.1, 3.21516e+06, 125.406
25640, 28677, 127, 1, 0, 0.1, 3.21528e+06, 125.406
25641, 29954, 127, 0, 0, 0.1, 3.21541e+06, 125.406
25642, 29962, 137, 0, 1, 0.1, 3.21555e+06, 125.406
25643, 32002, 137, 3, 1, 0.1, 3.21568e+06, 125.407
25644, 28677, 137, 1, 0, 0.1, 3.21582e+06, 125.407
25645, 29954, 127, 2, 0, 0.1, 3.21595e+06, 125.407
25646, 29962, 127, 0, 0, 0.1, 3.21608e+06, 125.407
25647, 29954, 127, 3, 0, 0.1, 3.2162e+06, 125.408
25648, 28677, 127, 1, 0, 0.1, 3.21633e+06, 125.408
25649, 29954, 127, 0, 0, 0.1, 3.21646e+06, 125.408
25650, 29962, 137, 2, 0, 0.1, 3.21659e+06, 125.408
25651, 25858, 127, 0, 0, 0.1, 3.21672e+06, 125.408
25652, 29962, 127, 2, 0, 0.1, 3.21685e+06, 125.408
25653, 25858, 127, 2, 0, 0.1, 3.21697e+06, 125.408
25654, 25866, 127, 2, 0, 0.1, 3.2171e+06, 125.408
25655, 29954, 127, 3, 0, 0.1, 3.21723e+06, 125.408
25656, 24581, 127, 3, 0, 0.1, 3.21736e+06, 125.408
25657, 17672, 127, 0, 0, 0.1, 3.21748e+06, 125.409
25658, 25866, 127, 3, 1, 0.1, 3.21761e+06, 125.409
25659, 25866, 117, 2, 0, 0.1, 3.21773e+06, 125.408
25660, 17672, 127, 2, 0, 0.1, 3.21785e+06, 125.408
25661, 17674, 127, 2, 0, 0.1, 3.21798e+06, 125.408
25662, 28034, 127, 2, 0, 0.1, 3.21811e+06, 125.408
25663, 29962, 127, 2, 0, 0.1, 3.21823e+06, 125.409
25664, 32512, 127, 3, 0, 0.1, 3.21836e+06, 125.409
25665, 31237, 127, 1, 0, 0.1, 3.21849e+06, 125.409
25666, 32512, 127, 2, 0, 0.1, 3.21862e+06, 125.409
25667, 29962, 127, 2, 0, 0.1, 3.21874e+06, 125.409
25668, 29962, 127, 2, 0, 0.1, 3.21887e+06, 125.409
25669, 28940, 137, 3, 1, 0.1, 3.21901e+06, 125.409
25670, 28940, 117, 0, 0, 0.1, 3.21912e+06, 125.409
25671, 24842, 127, 1, 1, 0.1, 3.21925e+06, 125.409
25672, 24842, 117, 0, 0, 0.1, 3.21937e+06, 125.409
25673, 28938, 127, 0, 0, 0.1, 3.21949e+06, 125.409
25674, 31488, 127, 0, 0, 0.1, 3.21962e+06, 125.409
25675, 28938, 127, 2, 0, 0.1, 3.21975e+06, 125.409
25676, 31488, 127, 0, 0, 0.1, 3.21988e+06, 125.409
25677, 28938, 127, 0, 0, 0.1, 3.22e+06, 125.409
25678, 26882, 127, 3, 0, 0.1, 3.22013e+06, 125.409
25679, 26629, 127, 3, 0, 0.1, 3.22026e+06, 125.409
25680, 30980, 127, 3, 0, 0.1, 3.22038e+06, 125.409
25681, 30725, 127, 3, 0, 0.1, 3.22051e+06, 125.409
25682, 16389, 137, 1, 0, 0.1, 3.22065e+06, 125.41
25683, 24581, 127, 1, 0, 0.1, 3.22077e+06, 125.41
25684, 28932, 127, 0, 0, 0.1, 3.2209e+06, 125.41
25685, 28938, 127, 0, 0, 0.1, 3.22103e+06, 125.41
25686, 16650, 137, 3, 0, 0.1, 3.22116e+06, 125.41
25687, 16650, 117, 0, 0, 0.1, 3.22128e+06, 125.41
25688, 24842, 127, 2, 0, 0.1, 3.22141e+06, 125.41
25689, 16650, 127, 2, 0, 0.1, 3.22154e+06, 125.41
25690, 266, 127, 2, 0, 0.1, 3.22166e+06, 125.41
25691, 260, 127, 1, 0, 0.1, 3.22179e+06, 125.41
25692, 16389, 127, 3, 0, 0.1, 3.22192e+06, 125.41
25693, 260, 127, 1, 0, 0.1, 3.22204e+06, 125.41
25694, 16389, 127, 1, 0, 0.1, 3.22217e+06, 125.41
25695, 24834, 127, 3, 0, 0.1, 3.2223e+06, 125.411
25696, 16389, 127, 3, 0, 0.1, 3.22242e+06, 125.411
25697, 260, 127, 1, 0, 0.1, 3.22255e+06, 125.411
25698, 16389, 127, 0, 1, 0.1, 3.22268e+06, 125.411
25699, 16389, 117, 3, 0, 0.1, 3.2228e+06, 125.41
25700, 260, 127, 1, 0, 0.1, 3.22292e+06, 125.41
25701, 16389, 127, 1, 1, 0.1, 3.22305e+06, 125.411
25702, 24834, 127, 2, 1, 0.1, 3.22318e+06, 125.411
25703, 28938, 127, 2, 0, 0.1, 3.2233e+06, 125.411
25704, 31488, 127, 3, 0, 0.1, 3.22343e+06, 125.411
25705, 31237, 127, 1, 0, 0.1, 3.22356e+06, 125.411
25706, 31488, 127, 1, 0, 0.1, 3.22368e+06, 125.411
25707, 31237, 137, 1, 0, 0.1, 3.22382e+06, 125.411
25708, 30980, 137, 0, 0, 0.1, 3.22396e+06, 125.412
25709, 28938, 137, 2, 0, 0.1, 3.2241e+06, 125.412
25710, 30980, 127, 3, 0, 0.1, 3.22422e+06, 125.412
25711, 26629, 127, 3, 0, 0.1, 3.22435e+06, 125.412
25712, 30976, 127, 0, 0, 0.1, 3.22448e+06, 125.412
25713, 24842, 127, 2, 0, 0.1, 3.2246e+06, 125.412
25714, 30976, 127, 3, 0, 0.1, 3.22473e+06, 125.412
25715, 30725, 127, 1, 0, 0.1, 3.22486e+06, 125.413
25716, 31104, 127, 0, 0, 0.1, 3.22498e+06, 125.413
25717, 24842, 127, 2, 0, 0.1, 3.22511e+06, 125.413
25718, 31104, 127, 0, 0, 0.1, 3.22524e+06, 125.413
25719, 24842, 127, 2, 0, 0.1, 3.22537e+06, 125.413
25720, 30976, 127, 2, 1, 0.1, 3.22549e+06, 125.413
25721, 24842, 127, 0, 0, 0.1, 3.22562e+06, 125.413
25722, 30976, 127, 3, 0, 0.1, 3.22575e+06, 125.413
25723, 30725, 127, 3, 0, 0.1, 3.22587e+06, 125.413
25724, 30725, 137, 3, 0, 0.1, 3.22601e+06, 125.413
25725, 30725, 127, 3, 0, 0.1, 3.22614e+06, 125.414
25726, 31745, 137, 3, 0, 0.1, 3.22628e+06, 125.414
25727, 30725, 127, 0, 1, 0.1, 3.2264e+06, 125.414
25728, 30725, 117, 2, 1, 0.1, 3.22652e+06, 125.414
25729, 30725, 117, 3, 0, 0.1, 3.22664e+06, 125.413
25730, 30725, 137, 3, 0, 0.1, 3.22677e+06, 125.414
25731, 30725, 137, 3, 0, 0.1, 3.22691e+06, 125.414
25732, 31745, 137, 2, 0, 0.1, 3.22705e+06, 125.415
25733, 29706, 127, 2, 0, 0.1, 3.22717e+06, 125.415
25734, 29706, 137, 1, 1, 0.1, 3.22731e+06, 125.415
25735, 29706, 117, 2, 0, 0.1, 3.22743e+06, 125.415
25736, 30726, 137, 3, 0, 0.1, 3.22756e+06, 125.415
25737, 30725, 127, 1, 1, 0.1, 3.22769e+06, 125.415
25738, 30726, 127, 3, 1, 0.1, 3.22782e+06, 125.416
25739, 30725, 127, 1, 0, 0.1, 3.22795e+06, 125.416
25740, 30726, 127, 3, 0, 0.1, 3.22807e+06, 125.416
25741, 30725, 127, 3, 0, 0.1, 3.2282e+06, 125.416
25742, 63764, 137, 3, 0, 0.1, 3.22834e+06, 125.416
25743, 63493, 127, 1, 0, 0.1, 3.22846e+06, 125.416
25744, 63764, 127, 0, 0, 0.1, 3.22859e+06, 125.416
25745, 61706, 137, 2, 0, 0.1, 3.22873e+06, 125.417
25746, 63748, 127, 3, 0, 0.1, 3.22886e+06, 125.417
25747, 63493, 127, 1, 0, 0.1, 3.22898e+06, 125.417
25748, 63748, 127, 3, 1, 0.1, 3.22911e+06, 125.417
25749, 63493, 127, 3, 0, 0.1, 3.22924e+06, 125.417
25750, 33052, 137, 3, 0, 0.1, 3.22937e+06, 125.417
25751, 33052, 117, 0, 0, 0.1, 3.22949e+06, 125.417
25752, 49434, 127, 1, 0, 0.1, 3.22962e+06, 125.417
25753, 49434, 117, 2, 0, 0.1, 3.22973e+06, 125.417
25754, 33052, 127, 2, 0, 0.1, 3.22986e+06, 125.417
25755, 33052, 117, 0, 0, 0.1, 3.22998e+06, 125.417
25756, 49434, 127, 0, 0, 0.1, 3.23010e+06, 125.417
25757, 57626, 127, 2, 0, 0.1, 3.23023e+06, 125.417
25758, 49434, 127, 0, 1, 0.1, 3.23036e+06, 125.417
25759, 57610, 127, 0, 0, 0.1, 3.23049e+06, 125.417
25760, 62216, 127, 3, 0, 0.1, 3.23061e+06, 125.417
25761, 62216, 117, 1, 0, 0.1, 3.23073e+06, 125.417
25762, 61957, 127, 2, 0, 0.1, 3.23086e+06, 125.417
25763, 61957, 117, 0, 0, 0.1, 3.23097e+06, 125.416
25764, 61957, 117, 3, 0, 0.1, 3.23109e+06, 125.416
25765, 62216, 127, 2, 0, 0.1, 3.23122e+06, 125.416
25766, 57626, 127, 1, 0, 0.1, 3.23134e+06, 125.416
25767, 57610, 117, 0, 0, 0.1, 3.23146e+06, 125.416
25768, 62216, 127, 2, 0, 0.1, 3.23159e+06, 125.416
25769, 57610, 127, 0, 0, 0.1, 3.23172e+06, 125.416
25770, 62232, 127, 2, 0, 0.1, 3.23184e+06, 125.416
25771, 57626, 127, 0, 0, 0.1, 3.23197e+06, 125.416
25772, 62232, 127, 1, 0, 0.1, 3.2321e+06, 125.416
25773, 61957, 127, 3, 0, 0.1, 3.23222e+06, 125.416
25774, 62216, 127, 1, 0, 0.1, 3.23235e+06, 125.416
25775, 61957, 127, 1, 0, 0.1, 3.23248e+06, 125.416
25776, 61712, 137, 2, 0, 0.1, 3.23262e+06, 125.417
25777, 61722, 127, 0, 0, 0.1, 3.23274e+06, 125.417
25778, 61712, 127, 0, 0, 0.1, 3.23287e+06, 125.417
25779, 61722, 137, 1, 0, 0.1, 3.23301e+06, 125.417
25780, 61722, 117, 1, 1, 0.1, 3.23312e+06, 125.417
25781, 61722, 117, 0, 0, 0.1, 3.23324e+06, 125.417
25782, 62232, 127, 3, 1, 0.1, 3.23337e+06, 125.417
25783, 62232, 117, 1, 0, 0.1, 3.23348e+06, 125.416
25784, 61445, 137, 0, 0, 0.1, 3.23362e+06, 125.417
25785, 61445, 117, 1, 0, 0.1, 3.23374e+06, 125.416
25786, 61702, 127, 0, 0, 0.1, 3.23386e+06, 125.417
25787, 61450, 137, 2, 0, 0.1, 3.234e+06, 125.417
25788, 57350, 127, 3, 0, 0.1, 3.23413e+06, 125.417
25789, 57349, 127, 3, 0, 0.1, 3.23426e+06, 125.417
25790, 61720, 127, 2, 0, 0.1, 3.23438e+06, 125.417
25791, 57626, 127, 0, 0, 0.1, 3.23451e+06, 125.417
25792, 61720, 127, 3, 0, 0.1, 3.23464e+06, 125.417
25793, 61720, 117, 0, 0, 0.1, 3.23475e+06, 125.417
25794, 61722, 127, 0, 0, 0.1, 3.23488e+06, 125.417
25795, 63762, 137, 1, 0, 0.1, 3.23502e+06, 125.417
25796, 63746, 117, 3, 0, 0.1, 3.23514e+06, 125.417
25797, 61445, 137, 1, 0, 0.1, 3.23527e+06, 125.418
25798, 61698, 127, 0, 0, 0.1, 3.2354e+06, 125.418
25799, 61706, 127, 2, 0, 0.1, 3.23553e+06, 125.418
25800, 61698, 127, 3, 0, 0.1, 3.23565e+06, 125.418
25801, 61445, 127, 3, 0, 0.1, 3.23578e+06, 125.418
25802, 61720, 127, 0, 0, 0.1, 3.23591e+06, 125.418
25803, 61722, 137, 0, 0, 0.1, 3.23604e+06, 125.418
25804, 62232, 127, 0, 1, 0.1, 3.23617e+06, 125.418
25805, 61722, 127, 0, 0, 0.1, 3.2363e+06, 125.418
25806, 57610, 137, 0, 0, 0.1, 3.23644e+06, 125.419
25807, 61706, 127, 1, 1, 0.1, 3.23656e+06, 125.419
25808, 61706, 117, 2, 0, 0.1, 3.23668e+06, 125.419
25809, 57610, 127, 0, 0, 0.1, 3.23681e+06, 125.419
25810, 61706, 127, 0, 0, 0.1, 3.23693e+06, 125.419
25811, 62216, 127, 3, 0, 0.1, 3.23706e+06, 125.419
25812, 62216, 117, 3, 1, 0.1, 3.23718e+06, 125.419
25813, 62216, 117, 2, 1, 0.1, 3.23729e+06, 125.418
25814, 61706, 127, 0, 0, 0.1, 3.23742e+06, 125.418
25815, 62216, 127, 0, 0, 0.1, 3.23755e+06, 125.418
25816, 61450, 137, 1, 1, 0.1, 3.23768e+06, 125.419
25817, 61450, 117, 1, 0, 0.1, 3.2378e+06, 125.418
25818, 61450, 117, 0, 0, 0.1, 3.23792e+06, 125.418
25819, 61450, 127, 1, 0, 0.1, 3.23805e+06, 125.418
25820, 61450, 117, 1, 0, 0.1, 3.23816e+06, 125.418
25821, 61450, 117, 2, 0, 0.1, 3.23828e+06, 125.418
25822, 61450, 127, 3, 0, 0.1, 3.23841e+06, 125.418
25823, 61450, 117, 1, 0, 0.1, 3.23852e+06, 125.417
25824, 61450, 117, 1, 0, 0.1, 3.23864e+06, 125.417
25825, 61450, 117, 2, 0, 0.1, 3.23876e+06, 125.417
25826, 61960, 127, 2, 0, 0.1, 3.23888e+06, 125.417
25827, 61450, 127, 2, 0, 0.1, 3.23901e+06, 125.417
25828, 57354, 127, 3, 0, 0.1, 3.23914e+06, 125.417
25829, 57354, 117, 1, 0, 0.1, 3.23926e+06, 125.416
25830, 57354, 117, 1, 0, 0.1, 3.23937e+06, 125.416
25831, 57354, 117, 1, 0, 0.1, 3.23949e+06, 125.416
25832, 57354, 117, 2, 1, 0.1, 3.23961e+06, 125.415
25833, 61450, 127, 3, 0, 0.1, 3.23973e+06, 125.416
25834, 61450, 117, 3, 0, 0.1, 3.23985e+06, 125.415
25835, 61450, 117, 2, 0, 0.1, 3.23997e+06, 125.415
25836, 61960, 127, 2, 0, 0.1, 3.2401e+06, 125.415
25837, 61450, 127, 2, 0, 0.1, 3.24022e+06, 125.415
25838, 57352, 127, 1, 0, 0.1, 3.24035e+06, 125.415
25839, 57349, 127, 0, 0, 0.1, 3.24048e+06, 125.415
25840, 57349, 117, 3, 0, 0.1, 3.24059e+06, 125.415
25841, 57352, 127, 2, 0, 0.1, 3.24072e+06, 125.415
25842, 16394, 127, 2, 0, 0.1, 3.24085e+06, 125.415
25843, 10, 127, 2, 0, 0.1, 3.24097e+06, 125.415
25844, 10, 127, 0, 0, 0.1, 3.2411e+06, 125.415
25845, 10, 127, 0, 0, 0.1, 3.24123e+06, 125.415
25846, 16394, 127, 2, 0, 0.1, 3.24136e+06, 125.415
25847, 10, 127, 0, 0, 0.1, 3.24148e+06, 125.415
25848, 16394, 127, 2, 0, 0.1, 3.24161e+06, 125.415
25849, 10, 127, 1, 1, 0.1, 3.24174e+06, 125.415
25850, 10, 117, 1, 1, 0.1, 3.24185e+06, 125.415
25851, 10, 117, 1, 1, 0.1, 3.24197e+06, 125.415
25852, 10, 117, 2, 0, 0.1, 3.24209e+06, 125.414
25853, 10, 127, 0, 0, 0.1, 3.24221e+06, 125.414
25854, 26, 127, 0, 0, 0.1, 3.24234e+06, 125.414
25855, 16410, 127, 3, 0, 0.1, 3.24247e+06, 125.415
25856, 16410, 117, 0, 0, 0.1, 3.24258e+06, 125.414
25857, 24584, 127, 1, 0, 0.1, 3.24271e+06, 125.414
25858, 24581, 127, 1, 0, 0.1, 3.24284e+06, 125.414
25859, 28930, 127, 3, 0, 0.1, 3.24297e+06, 125.414
25860, 24581, 127, 3, 0, 0.1, 3.24309e+06, 125.414
25861, 24584, 127, 0, 0, 0.1, 3.24322e+06, 125.415
25862, 28682, 127, 1, 0, 0.1, 3.24335e+06, 125.415
25863, 28682, 117, 2, 0, 0.1, 3.24346e+06, 125.414
25864, 24584, 127, 2, 0, 0.1, 3.24359e+06, 125.414
25865, 16394, 127, 2, 0, 0.1, 3.24372e+06, 125.414
25866, 10, 127, 0, 0, 0.1, 3.24384e+06, 125.414
25867, 16394, 127, 3, 1, 0.1, 3.24397e+06, 125.415
25868, 16394, 117, 2, 0, 0.1, 3.24409e+06, 125.414
25869, 10, 127, 2, 0, 0.1, 3.24422e+06, 125.414
25870, 10, 127, 2, 0, 0.1, 3.24434e+06, 125.414
25871, 8, 127, 2, 0, 0.1, 3.24447e+06, 125.414
25872, 10, 127, 2, 0, 0.1, 3.2446e+06, 125.414
25873, 10, 127, 0, 0, 0.1, 3.24472e+06, 125.415
25874, 10, 127, 0, 0, 0.1, 3.24485e+06, 125.415
25875, 8, 127, 3, 0, 0.1, 3.24498e+06, 125.415
25876, 8, 117, 3, 0, 0.1, 3.2451e+06, 125.414
25877, 8, 117, 0, 0, 0.1, 3.24521e+06, 125.414
25878, 10, 127, 2, 0, 0.1, 3.24534e+06, 125.414
25879, 8, 127, 2, 0, 0.1, 3.24547e+06, 125.414
25880, 10, 127, 0, 1, 0.1, 3.24559e+06, 125.414
25881, 8, 127, 3, 0, 0.1, 3.24572e+06, 125.414
25882, 8, 117, 2, 0, 0.1, 3.24584e+06, 125.414
25883, 10, 127, 2, 0, 0.1, 3.24596e+06, 125.414
25884, 10, 127, 0, 0, 0.1, 3.24609e+06, 125.414
25885, 10, 127, 2, 1, 0.1, 3.24622e+06, 125.414
25886, 10, 127, 0, 0, 0.1, 3.24634e+06, 125.414
25887, 26, 127, 2, 0, 0.1, 3.24647e+06, 125.414
25888, 26, 127, 0, 0, 0.1, 3.2466e+06, 125.414
25889, 26, 127, 0, 0, 0.1, 3.24673e+06, 125.414
25890, 24, 127, 0, 0, 0.1, 3.24685e+06, 125.414
25891, 10, 127, 2, 0, 0.1, 3.24698e+06, 125.414
25892, 8, 127, 0, 0, 0.1, 3.24711e+06, 125.415
25893, 10, 127, 2, 0, 0.1, 3.24723e+06, 125.415
25894, 24, 127, 0, 0, 0.1, 3.24736e+06, 125.415
25895, 10, 127, 2, 0, 0.1, 3.24749e+06, 125.415
25896, 8, 127, 2, 1, 0.1, 3.24762e+06, 125.415
25897, 10, 127, 2, 0, 0.1, 3.24774e+06, 125.415
25898, 10, 127, 2, 0, 0.1, 3.24787e+06, 125.415
25899, 12, 127, 1, 0, 0.1, 3.248e+06, 125.415
25900, 5, 127, 3, 0, 0.1, 3.24812e+06, 125.415
25901, 12, 127, 1, 0, 0.1, 3.24825e+06, 125.415
25902, 5, 127, 1, 0, 0.1, 3.24838e+06, 125.415
25903, 260, 127, 3, 0, 0.1, 3.2485e+06, 125.415
25904, 5, 127, 3, 0, 0.1, 3.24863e+06, 125.415
25905, 12, 127, 3, 0, 0.1, 3.24876e+06, 125.415
25906, 12, 117, 0, 0, 0.1, 3.24888e+06, 125.415
25907, 10, 127, 2, 0, 0.1, 3.249e+06, 125.415
25908, 12, 127, 0, 0, 0.1, 3.24913e+06, 125.415
25909, 10, 127, 2, 1, 0.1, 3.24926e+06, 125.415
25910, 12, 127, 3, 0, 0.1, 3.24938e+06, 125.415
25911, 12, 117, 3, 0, 0.1, 3.2495e+06, 125.415
25912, 12, 117, 0, 0, 0.1, 3.24962e+06, 125.415
25913, 10, 127, 2, 1, 0.1, 3.24974e+06, 125.415
25914, 12, 127, 1, 0, 0.1, 3.24987e+06, 125.415
25915, 5, 127, 3, 0, 0.1, 3.25e+06, 125.415
25916, 28, 127, 2, 0, 0.1, 3.25012e+06, 125.415
25917, 12, 117, 1, 1, 0.1, 3.25024e+06, 125.414
25918, 5, 127, 2, 1, 0.1, 3.25037e+06, 125.415
25919, 5, 117, 3, 0, 0.1, 3.25049e+06, 125.414
25920, 12, 127, 2, 0, 0.1, 3.25061e+06, 125.414
25921, 12, 117, 3, 0, 0.1, 3.25073e+06, 125.414
25922, 44, 117, 0, 0, 0.1, 3.25085e+06, 125.414
25923, 10, 127, 2, 0, 0.1, 3.25097e+06, 125.414
25924, 12, 77, 0, 1, 0.1, 3.25105e+06, 125.412
25925, 30472, 137, 1, 0, 0.1, 3.25119e+06, 125.412
25926, 28677, 137, 1, 0, 0.1, 3.25132e+06, 125.413
25927, 29954, 127, 1, 1, 0.1, 3.25145e+06, 125.413
25928, 29954, 117, 3, 1, 0.1, 3.25157e+06, 125.412
25929, 28677, 127, 1, 0, 0.1, 3.2517e+06, 125.413
25930, 29954, 127, 3, 0, 0.1, 3.25182e+06, 125.413
25931, 28677, 127, 1, 0, 0.1, 3.25195e+06, 125.413
25932, 29954, 127, 0, 0, 0.1, 3.25208e+06, 125.413
25933, 29962, 137, 0, 0, 0.1, 3.25221e+06, 125.413
25934, 30472, 137, 2, 0, 0.1, 3.25235e+06, 125.414
25935, 29962, 127, 2, 0, 0.1, 3.25248e+06, 125.414
25936, 29954, 127, 3, 0, 0.1, 3.25260e+06, 125.414
25937, 28677, 127, 3, 0, 0.1, 3.25273e+06, 125.414
25938, 29960, 127, 1, 0, 0.1, 3.25286e+06, 125.414
25939, 28677, 127, 3, 0, 0.1, 3.25299e+06, 125.414
25940, 29960, 127, 2, 0, 0.1, 3.25311e+06, 125.414
25941, 29962, 127, 2, 0, 0.1, 3.25324e+06, 125.414
25942, 30472, 137, 2, 0, 0.1, 3.25338e+06, 125.414
25943, 29962, 137, 2, 0, 0.1, 3.25351e+06, 125.415
25944, 32002, 137, 2, 0, 0.1, 3.25365e+06, 125.415
25945, 29962, 127, 2, 0, 0.1, 3.25378e+06, 125.415
25946, 32512, 137, 2, 0, 0.1, 3.25392e+06, 125.416
25947, 29962, 127, 2, 0, 0.1, 3.25404e+06, 125.416
25948, 29962, 137, 3, 0, 0.1, 3.25418e+06, 125.416
25949, 29962, 117, 2, 0, 0.1, 3.2543e+06, 125.416
25950, 29452, 137, 1, 0, 0.1, 3.25443e+06, 125.417
25951, 28677, 137, 1, 0, 0.1, 3.25457e+06, 125.417
25952, 49158, 137, 3, 0, 0.1, 3.25471e+06, 125.417
25953, 32773, 127, 0, 0, 0.1, 3.25483e+06, 125.417
25954, 32773, 117, 3, 0, 0.1, 3.25495e+06, 125.417
25955, 33036, 127, 0, 0, 0.1, 3.25508e+06, 125.417
25956, 49418, 127, 2, 0, 0.1, 3.25520e+06, 125.417
25957, 33036, 127, 2, 0, 0.1, 3.25533e+06, 125.417
25958, 33036, 117, 2, 0, 0.1, 3.25545e+06, 125.417
25959, 33036, 117, 2, 0, 0.1, 3.25557e+06, 125.417
25960, 33036, 117, 0, 0, 0.1, 3.25568e+06, 125.416
25961, 49418, 127, 2, 1, 0.1, 3.25581e+06, 125.416
25962, 33036, 127, 1, 0, 0.1, 3.25594e+06, 125.416
25963, 32773, 127, 3, 0, 0.1, 3.25606e+06, 125.417
25964, 33036, 127, 1, 0, 0.1, 3.25619e+06, 125.417
25965, 32773, 127, 1, 0, 0.1, 3.25632e+06, 125.417
25966, 49158, 127, 2, 0, 0.1, 3.25644e+06, 125.417
25967, 49158, 117, 2, 0, 0.1, 3.25656e+06, 125.416
25968, 49158, 117, 3, 0, 0.1, 3.25668e+06, 125.416
25969, 32773, 127, 1, 0, 0.1, 3.25681e+06, 125.416
25970, 49158, 127, 0, 0, 0.1, 3.25693e+06, 125.416
25971, 57353, 127, 3, 0, 0.1, 3.25706e+06, 125.416
25972, 57353, 117, 2, 0, 0.1, 3.25718e+06, 125.416
25973, 49158, 127, 1, 0, 0.1, 3.2573e+06, 125.416
25974, 49158, 117, 0, 0, 0.1, 3.25742e+06, 125.416
25975, 57353, 127, 0, 0, 0.1, 3.25755e+06, 125.416
25976, 57353, 117, 3, 0, 0.1, 3.25766e+06, 125.415
25977, 57353, 117, 1, 1, 0.1, 3.25778e+06, 125.415
25978, 61445, 127, 3, 0, 0.1, 3.25791e+06, 125.415
25979, 57353, 127, 0, 0, 0.1, 3.25804e+06, 125.415
25980, 57353, 117, 2, 0, 0.1, 3.25815e+06, 125.415
25981, 49158, 127, 3, 0, 0.1, 3.25828e+06, 125.415
25982, 32773, 127, 1, 0, 0.1, 3.25841e+06, 125.415
25983, 49158, 127, 3, 0, 0.1, 3.25853e+06, 125.415
25984, 32773, 127, 0, 0, 0.1, 3.25866e+06, 125.415
25985, 32773, 117, 3, 0, 0.1, 3.25878e+06, 125.415
25986, 33036, 127, 3, 0, 0.1, 3.25890e+06, 125.415
25987, 33036, 117, 0, 0, 0.1, 3.25902e+06, 125.415
25988, 49418, 127, 0, 0, 0.1, 3.25915e+06, 125.415
25989, 57610, 127, 0, 0, 0.1, 3.25928e+06, 125.415
25990, 64256, 127, 3, 0, 0.1, 3.2594e+06, 125.415
25991, 64005, 127, 2, 0, 0.1, 3.25953e+06, 125.415
25992, 64005, 117, 0, 0, 0.1, 3.25965e+06, 125.414
25993, 64005, 117, 2, 0, 0.1, 3.25976e+06, 125.414
25994, 64005, 117, 1, 0, 0.1, 3.25988e+06, 125.414
25995, 64256, 127, 1, 0, 0.1, 3.26001e+06, 125.414
25996, 64005, 127, 1, 0, 0.1, 3.26014e+06, 125.414
25997, 64260, 137, 2, 0, 0.1, 3.26027e+06, 125.414
25998, 64260, 117, 3, 0, 0.1, 3.26039e+06, 125.414
25999, 64005, 127, 3, 0, 0.1, 3.26052e+06, 125.414
26000, 64256, 127, 0, 0, 0.1, 3.26064e+06, 125.414
26001, 57610, 127, 3, 0, 0.1, 3.26077e+06, 125.414
26002, 57610, 117, 3, 0, 0.1, 3.26089e+06, 125.414
26003, 57610, 117, 2, 0, 0.1, 3.261e+06, 125.414
26004, 64256, 127, 0, 0, 0.1, 3.26113e+06, 125.414
26005, 57610, 127, 1, 0, 0.1, 3.26126e+06, 125.414
26006, 57610, 117, 0, 0, 0.1, 3.26138e+06, 125.413
26007, 51458, 127, 2, 0, 0.1, 3.2615e+06, 125.413
26008, 57610, 127, 2, 0, 0.1, 3.26163e+06, 125.414
26009, 64256, 127, 0, 0, 0.1, 3.26176e+06, 125.414
26010, 57610, 127, 0, 0, 0.1, 3.26188e+06, 125.414
26011, 51458, 127, 3, 0, 0.1, 3.26201e+06, 125.414
26012, 59397, 127, 3, 0, 0.1, 3.26214e+06, 125.414
26013, 63748, 127, 0, 0, 0.1, 3.26226e+06, 125.414
26014, 61706, 127, 1, 0, 0.1, 3.26239e+06, 125.414
26015, 61706, 117, 0, 0, 0.1, 3.26251e+06, 125.414
26016, 61706, 137, 3, 0, 0.1, 3.26264e+06, 125.414
26017, 61706, 117, 2, 0, 0.1, 3.26276e+06, 125.414
26018, 61706, 127, 0, 0, 0.1, 3.26289e+06, 125.414
26019, 61706, 127, 2, 0, 0.1, 3.26302e+06, 125.414
26020, 61706, 127, 0, 0, 0.1, 3.26314e+06, 125.414
26021, 61706, 127, 0, 0, 0.1, 3.26327e+06, 125.414
26022, 57610, 137, 1, 0, 0.1, 3.26341e+06, 125.414
26023, 57610, 117, 0, 0, 0.1, 3.26352e+06, 125.414
26024, 61706, 127, 2, 1, 0.1, 3.26365e+06, 125.414
26025, 57610, 127, 2, 0, 0.1, 3.26378e+06, 125.414
26026, 49418, 127, 2, 1, 0.1, 3.26390e+06, 125.414
26027, 57610, 127, 0, 0, 0.1, 3.26403e+06, 125.414
26028, 49418, 127, 0, 1, 0.1, 3.26416e+06, 125.414
26029, 57610, 127, 2, 0, 0.1, 3.26429e+06, 125.414
26030, 49418, 127, 0, 0, 0.1, 3.26441e+06, 125.414
26031, 57610, 127, 0, 0, 0.1, 3.26454e+06, 125.415
26032, 61706, 127, 0, 0, 0.1, 3.26467e+06, 125.415
26033, 61706, 127, 0, 0, 0.1, 3.26479e+06, 125.415
26034, 64001, 137, 0, 0, 0.1, 3.26493e+06, 125.415
26035, 64001, 117, 2, 0, 0.1, 3.26505e+06, 125.415
26036, 61450, 127, 2, 0, 0.1, 3.26518e+06, 125.415
26037, 57354, 127, 0, 0, 0.1, 3.2653e+06, 125.415
26038, 61450, 127, 2, 0, 0.1, 3.26543e+06, 125.415
26039, 57354, 127, 1, 0, 0.1, 3.26556e+06, 125.415
26040, 57354, 117, 2, 0, 0.1, 3.26567e+06, 125.415
26041, 49162, 127, 2, 0, 0.1, 3.2658e+06, 125.415
26042, 49162, 127, 2, 0, 0.1, 3.26593e+06, 125.415
26043, 57354, 127, 1, 0, 0.1, 3.26605e+06, 125.415
26044, 57354, 117, 0, 0, 0.1, 3.26617e+06, 125.415
26045, 49162, 127, 1, 0, 0.1, 3.2663e+06, 125.415
26046, 49162, 117, 2, 0, 0.1, 3.26642e+06, 125.414
26047, 57354, 127, 2, 0, 0.1, 3.26654e+06, 125.414
26048, 63492, 127, 1, 0, 0.1, 3.26667e+06, 125.414
26049, 59397, 127, 0, 0, 0.1, 3.2668e+06, 125.414
26050, 59397, 117, 3, 1, 0.1, 3.26691e+06, 125.414
26051, 63492, 127, 1, 0, 0.1, 3.26704e+06, 125.414
26052, 26629, 127, 3, 0, 0.1, 3.26717e+06, 125.414
26053, 30724, 127, 0, 0, 0.1, 3.26729e+06, 125.414
26054, 24586, 127, 2, 0, 0.1, 3.26742e+06, 125.414
26055, 30724, 127, 3, 0, 0.1, 3.26755e+06, 125.414
26056, 30725, 127, 1, 0, 0.1, 3.26768e+06, 125.415
26057, 30724, 127, 0, 0, 0.1, 3.2678e+06, 125.415
26058, 24586, 127, 2, 0, 0.1, 3.26793e+06, 125.415
26059, 30724, 127, 2, 0, 0.1, 3.26806e+06, 125.415
26060, 30724, 117, 1, 0, 0.1, 3.26817e+06, 125.414
26061, 26629, 127, 3, 0, 0.1, 3.2683e+06, 125.414
26062, 30724, 127, 1, 0, 0.1, 3.26843e+06, 125.414
26063, 26629, 127, 3, 0, 0.1, 3.26855e+06, 125.415
26064, 30724, 127, 3, 0, 0.1, 3.26868e+06, 125.415
26065, 30725, 127, 1, 0, 0.1, 3.26881e+06, 125.415
26066, 30724, 127, 0, 0, 0.1, 3.26894e+06, 125.415
26067, 24586, 127, 2, 0, 0.1, 3.26906e+06, 125.415
26068, 30724, 127, 0, 0, 0.1, 3.26919e+06, 125.415
26069, 24586, 127, 0, 0, 0.1, 3.26932e+06, 125.415
26070, 16394, 127, 0, 0, 0.1, 3.26944e+06, 125.415
26071, 16394, 127, 2, 0, 0.1, 3.26957e+06, 125.415
26072, 16394, 127, 0, 0, 0.1, 3.2697e+06, 125.415
26073, 16394, 127, 0, 0, 0.1, 3.26982e+06, 125.415
26074, 24586, 127, 2, 0, 0.1, 3.26995e+06, 125.415
26075, 16394, 127, 0, 0, 0.1, 3.27008e+06, 125.415
26076, 24586, 127, 1, 0, 0.1, 3.27020e+06, 125.415
26077, 24586, 117, 1, 1, 0.1, 3.27032e+06, 125.415
26078, 24586, 117, 0, 0, 0.1, 3.27044e+06, 125.415
26079, 28682, 127, 2, 0, 0.1, 3.27057e+06, 125.415
26080, 24586, 127, 2, 0, 0.1, 3.27069e+06, 125.415
26081, 16394, 127, 2, 0, 0.1, 3.27082e+06, 125.415
26082, 16394, 127, 0, 0, 0.1, 3.27095e+06, 125.415
26083, 16394, 127, 2, 0, 0.1, 3.27107e+06, 125.415
26084, 16394, 127, 2, 0, 0.1, 3.2712e+06, 125.415
26085, 24586, 127, 2, 0, 0.1, 3.27133e+06, 125.415
26086, 30724, 127, 2, 0, 0.1, 3.27146e+06, 125.415
26087, 30724, 117, 2, 0, 0.1, 3.27157e+06, 125.415
26088, 30724, 117, 1, 1, 0.1, 3.27169e+06, 125.415
26089, 26629, 127, 3, 0, 0.1, 3.27182e+06, 125.415
26090, 30724, 127, 2, 1, 0.1, 3.27194e+06, 125.415
26091, 30724, 117, 3, 0, 0.1, 3.27206e+06, 125.414
26092, 30725, 127, 3, 0, 0.1, 3.27219e+06, 125.414
26093, 30725, 137, 3, 0, 0.1, 3.27232e+06, 125.415
26094, 24581, 137, 1, 0, 0.1, 3.27246e+06, 125.415
26095, 16389, 127, 1, 1, 0.1, 3.27259e+06, 125.415
26096, 5, 127, 3, 0, 0.1, 3.27272e+06, 125.415
26097, 16389, 127, 0, 1, 0.1, 3.27284e+06, 125.415
26098, 16389, 117, 1, 0, 0.1, 3.27296e+06, 125.415
26099, 5, 127, 0, 1, 0.1, 3.27309e+06, 125.415
26100, 5, 117, 3, 0, 0.1, 3.2732e+06, 125.415
26101, 16389, 127, 1, 0, 0.1, 3.27333e+06, 125.415
26102, 5, 127, 1, 0, 0.1, 3.27346e+06, 125.415
26103, 4, 127, 2, 0, 0.1, 3.27358e+06, 125.415
26104, 4, 117, 3, 0, 0.1, 3.2737e+06, 125.415
26105, 5, 127, 1, 0, 0.1, 3.27383e+06, 125.415
26106, 4, 127, 3, 0, 0.1, 3.27396e+06, 125.415
26107, 5, 127, 3, 0, 0.1, 3.27408e+06, 125.415
26108, 16389, 127, 3, 0, 0.1, 3.27421e+06, 125.415
26109, 24581, 127, 1, 0, 0.1, 3.27434e+06, 125.415
26110, 16389, 127, 3, 0, 0.1, 3.27446e+06, 125.415
26111, 24581, 127, 3, 0, 0.1, 3.27459e+06, 125.415
26112, 28940, 127, 1, 0, 0.1, 3.27472e+06, 125.415
26113, 24581, 127, 3, 0, 0.1, 3.27484e+06, 125.415
26114, 28940, 127, 0, 0, 0.1, 3.27497e+06, 125.415
26115, 28954, 127, 2, 0, 0.1, 3.2751e+06, 125.415
26116, 28956, 127, 0, 0, 0.1, 3.27522e+06, 125.415
26117, 29002, 77, 2, 0, 0.1, 3.2753e+06, 125.414
26118, 30472, 127, 2, 0, 0.1, 3.27543e+06, 125.414
26119, 29962, 127, 0, 0, 0.1, 3.27556e+06, 125.414
26120, 30472, 127, 1, 0, 0.1, 3.27568e+06, 125.414
26121, 29189, 127, 1, 0, 0.1, 3.27581e+06, 125.414
26122, 29954, 137, 2, 0, 0.1, 3.27595e+06, 125.414
26123, 29962, 127, 2, 0, 0.1, 3.27607e+06, 125.414
26124, 29448, 137, 0, 1, 0.1, 3.27621e+06, 125.415
26125, 24842, 127, 0, 0, 0.1, 3.27634e+06, 125.415
26126, 24834, 127, 2, 0, 0.1, 3.27646e+06, 125.415
26127, 24842, 127, 2, 0, 0.1, 3.27659e+06, 125.415
26128, 29448, 127, 1, 0, 0.1, 3.27672e+06, 125.415
26129, 29189, 127, 1, 0, 0.1, 3.27685e+06, 125.415
26130, 28934, 137, 3, 0, 0.1, 3.27698e+06, 125.416
26131, 28677, 127, 3, 1, 0.1, 3.27711e+06, 125.416
26132, 24840, 127, 2, 0, 0.1, 3.27724e+06, 125.416
26133, 24842, 127, 0, 0, 0.1, 3.27736e+06, 125.416
26134, 24840, 127, 2, 1, 0.1, 3.27749e+06, 125.416
26135, 24842, 127, 1, 0, 0.1, 3.27762e+06, 125.416
26136, 24842, 117, 2, 0, 0.1, 3.27774e+06, 125.416
26137, 31492, 127, 0, 0, 0.1, 3.27786e+06, 125.416
26138, 24842, 127, 0, 0, 0.1, 3.27799e+06, 125.416
26139, 24840, 127, 0, 0, 0.1, 3.27812e+06, 125.416
26140, 16650, 127, 2, 0, 0.1, 3.27824e+06, 125.416
26141, 24840, 127, 2, 0, 0.1, 3.27837e+06, 125.416
26142, 24842, 127, 0, 0, 0.1, 3.2785e+06, 125.416
26143, 24840, 127, 1, 0, 0.1, 3.27862e+06, 125.416
26144, 28677, 127, 0, 1, 0.1, 3.27875e+06, 125.416
26145, 28677, 117, 1, 0, 0.1, 3.27887e+06, 125.416
26146, 28934, 127, 3, 0, 0.1, 3.279e+06, 125.416
26147, 28677, 127, 1, 0, 0.1, 3.27912e+06, 125.416
26148, 28934, 127, 3, 0, 0.1, 3.27925e+06, 125.416
26149, 28677, 127, 1, 0, 0.1, 3.27938e+06, 125.416
26150, 28934, 127, 0, 0, 0.1, 3.2795e+06, 125.416
26151, 28938, 137, 0, 0, 0.1, 3.27964e+06, 125.416
26152, 29193, 137, 2, 1, 0.1, 3.27978e+06, 125.417
26153, 28682, 127, 2, 0, 0.1, 3.2799e+06, 125.417
26154, 24582, 127, 0, 0, 0.1, 3.28003e+06, 125.417
26155, 28682, 127, 0, 0, 0.1, 3.28016e+06, 125.417
26156, 29193, 127, 3, 0, 0.1, 3.28028e+06, 125.417
26157, 29193, 117, 1, 0, 0.1, 3.2804e+06, 125.417
26158, 29189, 137, 2, 0, 0.1, 3.28054e+06, 125.417
26159, 29189, 117, 1, 0, 0.1, 3.28066e+06, 125.417
26160, 29954, 137, 3, 0, 0.1, 3.28079e+06, 125.417
26161, 24581, 127, 1, 0, 0.1, 3.28092e+06, 125.417
26162, 29954, 127, 0, 0, 0.1, 3.28105e+06, 125.417
26163, 29962, 127, 2, 0, 0.1, 3.28117e+06, 125.418
26164, 29954, 127, 2, 0, 0.1, 3.2813e+06, 125.418
26165, 29962, 127, 1, 0, 0.1, 3.28143e+06, 125.418
26166, 29962, 117, 2, 1, 0.1, 3.28154e+06, 125.417
26167, 29962, 137, 2, 0, 0.1, 3.28168e+06, 125.418
26168, 29962, 137, 0, 1, 0.1, 3.28182e+06, 125.418
26169, 25866, 127, 0, 0, 0.1, 3.28195e+06, 125.418
26170, 25866, 127, 2, 0, 0.1, 3.28207e+06, 125.418
26171, 25866, 127, 0, 0, 0.1, 3.2822e+06, 125.418
26172, 25866, 127, 0, 0, 0.1, 3.28233e+06, 125.418
26173, 29954, 127, 2, 0, 0.1, 3.28245e+06, 125.419
26174, 25866, 127, 0, 0, 0.1, 3.28258e+06, 125.419
26175, 29954, 127, 3, 1, 0.1, 3.28271e+06, 125.419
26176, 24581, 127, 1, 0, 0.1, 3.28284e+06, 125.419
26177, 29954, 127, 2, 0, 0.1, 3.28296e+06, 125.419
26178, 25866, 127, 2, 0, 0.1, 3.28309e+06, 125.419
26179, 25866, 127, 2, 0, 0.1, 3.28322e+06, 125.419
26180, 29962, 127, 2, 0, 0.1, 3.28334e+06, 125.419
26181, 29962, 127, 0, 0, 0.1, 3.28347e+06, 125.419
26182, 29962, 127, 2, 0, 0.1, 3.2836e+06, 125.419
26183, 29962, 127, 2, 0, 0.1, 3.28372e+06, 125.419
26184, 24842, 137, 0, 0, 0.1, 3.28386e+06, 125.42
26185, 16650, 127, 0, 1, 0.1, 3.28399e+06, 125.42
26186, 266, 127, 2, 0, 0.1, 3.28412e+06, 125.42
26187, 16650, 127, 0, 1, 0.1, 3.28424e+06, 125.42
26188, 266, 127, 0, 0, 0.1, 3.28437e+06, 125.42
26189, 16650, 127, 2, 0, 0.1, 3.2845e+06, 125.42
26190, 266, 127, 0, 0, 0.1, 3.28462e+06, 125.42
26191, 16650, 127, 0, 0, 0.1, 3.28475e+06, 125.42
26192, 24842, 127, 2, 0, 0.1, 3.28488e+06, 125.42
26193, 16650, 127, 0, 0, 0.1, 3.285e+06, 125.42
26194, 24842, 127, 1, 0, 0.1, 3.28513e+06, 125.42
26195, 24842, 117, 0, 0, 0.1, 3.28525e+06, 125.42
26196, 28930, 127, 0, 0, 0.1, 3.28538e+06, 125.42
26197, 28938, 127, 0, 0, 0.1, 3.2855e+06, 125.42
26198, 30978, 137, 3, 0, 0.1, 3.28564e+06, 125.42
26199, 30725, 137, 1, 0, 0.1, 3.28578e+06, 125.421
26200, 31042, 127, 0, 0, 0.1, 3.2859e+06, 125.421
26201, 28938, 137, 0, 0, 0.1, 3.28604e+06, 125.421
26202, 29002, 137, 0, 1, 0.1, 3.28618e+06, 125.422
26203, 28938, 137, 0, 0, 0.1, 3.28631e+06, 125.422
26204, 28938, 137, 0, 0, 0.1, 3.28645e+06, 125.423
26205, 28938, 137, 3, 1, 0.1, 3.28659e+06, 125.423
26206, 28938, 117, 0, 0, 0.1, 3.28670e+06, 125.423
26207, 28938, 137, 0, 0, 0.1, 3.28684e+06, 125.423
26208, 30723, 137, 3, 0, 0.1, 3.28698e+06, 125.424
26209, 30725, 137, 1, 0, 0.1, 3.28712e+06, 125.424
26210, 30723, 127, 3, 0, 0.1, 3.28724e+06, 125.424
26211, 30725, 127, 1, 0, 0.1, 3.28737e+06, 125.424
26212, 30723, 127, 2, 0, 0.1, 3.2875e+06, 125.424
26213, 24586, 127, 2, 0, 0.1, 3.28762e+06, 125.424
26214, 16458, 127, 0, 0, 0.1, 3.28775e+06, 125.424
26215, 24586, 127, 3, 0, 0.1, 3.28788e+06, 125.425
26216, 24586, 117, 2, 0, 0.1, 3.288e+06, 125.424
26217, 16394, 127, 0, 0, 0.1, 3.28812e+06, 125.424
26218, 24650, 127, 0, 1, 0.1, 3.28825e+06, 125.424
26219, 30787, 127, 0, 0, 0.1, 3.28838e+06, 125.424
26220, 30787, 117, 2, 1, 0.1, 3.28849e+06, 125.424
26221, 24586, 127, 2, 0, 0.1, 3.28862e+06, 125.424
26222, 16394, 127, 2, 0, 0.1, 3.28875e+06, 125.424
26223, 10, 127, 2, 0, 0.1, 3.28887e+06, 125.424
26224, 74, 127, 1, 0, 0.1, 3.289e+06, 125.424
26225, 10, 117, 2, 0, 0.1, 3.28912e+06, 125.424
26226, 16394, 127, 2, 0, 0.1, 3.28924e+06, 125.424
26227, 24586, 127, 2, 0, 0.1, 3.28937e+06, 125.424
26228, 30722, 127, 2, 0, 0.1, 3.2895e+06, 125.424
26229, 24586, 127, 2, 0, 0.1, 3.28963e+06, 125.424
26230, 16386, 127, 1, 0, 0.1, 3.28975e+06, 125.424
26231, 16386, 117, 2, 1, 0.1, 3.28987e+06, 125.424
26232, 10, 127, 2, 0, 0.1, 3.29e+06, 125.424
26233, 10, 127, 0, 0, 0.1, 3.29012e+06, 125.424
26234, 10, 127, 2, 0, 0.1, 3.29025e+06, 125.424
26235, 10, 127, 0, 0, 0.1, 3.29038e+06, 125.424
26236, 10, 127, 0, 0, 0.1, 3.29050e+06, 125.424
26237, 16386, 127, 3, 0, 0.1, 3.29063e+06, 125.424
26238, 5, 127, 1, 0, 0.1, 3.29076e+06, 125.424
26239, 16386, 127, 2, 1, 0.1, 3.29089e+06, 125.424
26240, 10, 127, 2, 1, 0.1, 3.29101e+06, 125.424
26241, 10, 127, 1, 0, 0.1, 3.29114e+06, 125.425
26242, 10, 117, 0, 0, 0.1, 3.29126e+06, 125.424
26243, 10, 127, 2, 1, 0.1, 3.29138e+06, 125.424
26244, 10, 127, 2, 0, 0.1, 3.29151e+06, 125.424
26245, 10, 127, 0, 0, 0.1, 3.29164e+06, 125.424
26246, 10, 127, 0, 0, 0.1, 3.29176e+06, 125.424
26247, 10, 127, 0, 1, 0.1, 3.29189e+06, 125.425
26248, 16386, 127, 3, 0, 0.1, 3.29202e+06, 125.425
26249, 5, 127, 3, 0, 0.1, 3.29215e+06, 125.425
26250, 9, 127, 0, 0, 0.1, 3.29227e+06, 125.425
26251, 9, 117, 0, 0, 0.1, 3.29239e+06, 125.424
26252, 9, 117, 3, 0, 0.1, 3.29251e+06, 125.424
26253, 9, 117, 2, 0, 0.1, 3.29262e+06, 125.424
26254, 10, 127, 0, 0, 0.1, 3.29275e+06, 125.424
26255, 9, 127, 2, 0, 0.1, 3.29288e+06, 125.424
26256, 10, 127, 0, 0, 0.1, 3.29300e+06, 125.424
26257, 9, 127, 1, 0, 0.1, 3.29313e+06, 125.424
26258, 5, 127, 1, 0, 0.1, 3.29326e+06, 125.424
26259, 16386, 127, 3, 0, 0.1, 3.29339e+06, 125.424
26260, 5, 127, 0, 0, 0.1, 3.29351e+06, 125.424
26261, 5, 117, 1, 0, 0.1, 3.29363e+06, 125.424
26262, 16386, 127, 3, 0, 0.1, 3.29376e+06, 125.424
26263, 5, 127, 3, 0, 0.1, 3.29388e+06, 125.424
26264, 9, 127, 2, 0, 0.1, 3.29401e+06, 125.424
26265, 10, 127, 2, 0, 0.1, 3.29414e+06, 125.424
26266, 6, 127, 3, 0, 0.1, 3.29426e+06, 125.424
26267, 5, 127, 3, 0, 0.1, 3.29439e+06, 125.424
26268, 16648, 127, 0, 0, 0.1, 3.29452e+06, 125.424
26269, 16714, 127, 1, 0, 0.1, 3.29465e+06, 125.424
26270, 16714, 117, 0, 0, 0.1, 3.29476e+06, 125.424
26271, 24898, 127, 2, 0, 0.1, 3.29489e+06, 125.424
26272, 16650, 77, 2, 0, 0.1, 3.29497e+06, 125.422
26273, 30472, 127, 0, 0, 0.1, 3.29509e+06, 125.422
26274, 29962, 127, 2, 0, 0.1, 3.29522e+06, 125.422
26275, 30472, 127, 1, 0, 0.1, 3.29535e+06, 125.422
26276, 29189, 137, 3, 0, 0.1, 3.29548e+06, 125.423
26277, 30472, 127, 1, 0, 0.1, 3.29561e+06, 125.423
26278, 29189, 127, 1, 0, 0.1, 3.29574e+06, 125.423
26279, 29954, 137, 3, 0, 0.1, 3.29588e+06, 125.423
26280, 28677, 127, 3, 0, 0.1, 3.296e+06, 125.423
26281, 29960, 127, 2, 0, 0.1, 3.29613e+06, 125.424
26282, 29962, 137, 2, 0, 0.1, 3.29627e+06, 125.424
26283, 32002, 127, 2, 0, 0.1, 3.29639e+06, 125.424
26284, 29962, 127, 2, 0, 0.1, 3.29652e+06, 125.424
26285, 31488, 137, 3, 0, 0.1, 3.29666e+06, 125.425
26286, 31237, 127, 1, 0, 0.1, 3.29678e+06, 125.425
26287, 31488, 127, 3, 0, 0.1, 3.29691e+06, 125.425
26288, 31237, 127, 3, 0, 0.1, 3.29704e+06, 125.425
26289, 27141, 127, 3, 0, 0.1, 3.29717e+06, 125.425
26290, 31237, 127, 1, 0, 0.1, 3.29729e+06, 125.425
26291, 27141, 127, 1, 0, 0.1, 3.29742e+06, 125.425
26292, 31237, 127, 3, 0, 0.1, 3.29755e+06, 125.425
26293, 27141, 127, 3, 0, 0.1, 3.29767e+06, 125.425
26294, 31237, 127, 1, 0, 0.1, 3.2978e+06, 125.425
26295, 27141, 127, 3, 0, 0.1, 3.29793e+06, 125.425
26296, 31237, 127, 0, 0, 0.1, 3.29806e+06, 125.425
26297, 31237, 117, 0, 1, 0.1, 3.29817e+06, 125.425
26298, 31237, 117, 1, 0, 0.1, 3.29829e+06, 125.425
26299, 27141, 127, 1, 0, 0.1, 3.29842e+06, 125.425
26300, 31237, 127, 3, 0, 0.1, 3.29854e+06, 125.425
26301, 27141, 127, 1, 0, 0.1, 3.29867e+06, 125.425
26302, 31237, 127, 0, 0, 0.1, 3.2988e+06, 125.425
26303, 31237, 117, 1, 0, 0.1, 3.29891e+06, 125.424
26304, 31488, 127, 3, 0, 0.1, 3.29904e+06, 125.425
26305, 31237, 127, 0, 1, 0.1, 3.29917e+06, 125.425
26306, 31237, 117, 3, 0, 0.1, 3.29928e+06, 125.424
26307, 27141, 127, 1, 0, 0.1, 3.29941e+06, 125.424
26308, 31237, 127, 3, 0, 0.1, 3.29954e+06, 125.424
26309, 27141, 127, 3, 0, 0.1, 3.29967e+06, 125.424
26310, 31237, 127, 3, 0, 0.1, 3.29979e+06, 125.424
26311, 32257, 127, 2, 0, 0.1, 3.29992e+06, 125.425
26312, 29706, 127, 0, 0, 0.1, 3.30005e+06, 125.425
26313, 32257, 127, 2, 0, 0.1, 3.30017e+06, 125.425
26314, 29706, 127, 0, 0, 0.1, 3.3003e+06, 125.425
26315, 32257, 127, 2, 0, 0.1, 3.30043e+06, 125.425
26316, 29706, 127, 2, 0, 0.1, 3.30056e+06, 125.425
26317, 29706, 127, 0, 0, 0.1, 3.30068e+06, 125.425
26318, 29706, 127, 2, 0, 0.1, 3.30081e+06, 125.425
26319, 29706, 127, 0, 0, 0.1, 3.30094e+06, 125.425
26320, 29706, 127, 2, 0, 0.1, 3.30106e+06, 125.425
26321, 29706, 127, 0, 0, 0.1, 3.30119e+06, 125.425
26322, 29706, 127, 0, 0, 0.1, 3.30132e+06, 125.425
26323, 32257, 127, 1, 0, 0.1, 3.30144e+06, 125.425
26324, 31237, 127, 1, 0, 0.1, 3.30157e+06, 125.425
26325, 27141, 127, 3, 0, 0.1, 3.3017e+06, 125.425
26326, 31237, 127, 3, 0, 0.1, 3.30182e+06, 125.425
26327, 32257, 127, 3, 0, 0.1, 3.30195e+06, 125.426
26328, 18949, 137, 1, 0, 0.1, 3.30209e+06, 125.426
26329, 19969, 127, 3, 0, 0.1, 3.30222e+06, 125.426
26330, 18949, 127, 2, 0, 0.1, 3.30234e+06, 125.426
26331, 18949, 117, 1, 0, 0.1, 3.30246e+06, 125.426
26332, 19969, 127, 2, 1, 0.1, 3.30259e+06, 125.426
26333, 25610, 127, 2, 0, 0.1, 3.30271e+06, 125.426
26334, 29706, 127, 2, 0, 0.1, 3.30284e+06, 125.426
26335, 29706, 127, 2, 0, 0.1, 3.30297e+06, 125.426
26336, 10, 137, 3, 0, 0.1, 3.30310e+06, 125.426
26337, 10, 117, 2, 0, 0.1, 3.30322e+06, 125.426
26338, 10, 127, 0, 0, 0.1, 3.30335e+06, 125.426
26339, 10, 127, 0, 0, 0.1, 3.30348e+06, 125.426
26340, 10, 127, 2, 0, 0.1, 3.3036e+06, 125.426
26341, 10, 127, 0, 0, 0.1, 3.30373e+06, 125.426
26342, 10, 127, 2, 0, 0.1, 3.30386e+06, 125.426
26343, 10, 127, 1, 1, 0.1, 3.30398e+06, 125.426
26344, 10, 117, 2, 0, 0.1, 3.3041e+06, 125.426
26345, 10, 127, 3, 0, 0.1, 3.30423e+06, 125.426
26346, 10, 117, 1, 0, 0.1, 3.30434e+06, 125.426
26347, 10, 117, 2, 0, 0.1, 3.30446e+06, 125.426
26348, 16394, 127, 0, 0, 0.1, 3.30459e+06, 125.426
26349, 10, 127, 2, 0, 0.1, 3.30472e+06, 125.426
26350, 16394, 127, 2, 1, 0.1, 3.30484e+06, 125.426
26351, 24586, 127, 2, 0, 0.1, 3.30497e+06, 125.426
26352, 28682, 127, 1, 0, 0.1, 3.3051e+06, 125.426
26353, 28682, 117, 2, 0, 0.1, 3.30521e+06, 125.426
26354, 31236, 127, 0, 0, 0.1, 3.30534e+06, 125.426
26355, 28682, 127, 2, 0, 0.1, 3.30547e+06, 125.426
26356, 31236, 127, 3, 0, 0.1, 3.3056e+06, 125.426
26357, 31237, 127, 1, 0, 0.1, 3.30572e+06, 125.426
26358, 31236, 127, 3, 0, 0.1, 3.30585e+06, 125.426
26359, 31237, 127, 3, 0, 0.1, 3.30598e+06, 125.426
26360, 27141, 137, 0, 1, 0.1, 3.30611e+06, 125.426
26361, 27141, 117, 3, 0, 0.1, 3.30623e+06, 125.426
26362, 31237, 127, 1, 0, 0.1, 3.30636e+06, 125.426
26363, 27141, 127, 1, 0, 0.1, 3.30648e+06, 125.426
26364, 31237, 127, 3, 0, 0.1, 3.30661e+06, 125.426
26365, 27141, 127, 0, 1, 0.1, 3.30674e+06, 125.426
26366, 27141, 117, 1, 0, 0.1, 3.30686e+06, 125.426
26367, 31237, 127, 3, 0, 0.1, 3.30698e+06, 125.426
26368, 27141, 127, 3, 0, 0.1, 3.30711e+06, 125.426
26369, 31237, 127, 3, 0, 0.1, 3.30724e+06, 125.426
26370, 31508, 127, 0, 0, 0.1, 3.30736e+06, 125.426
26371, 28954, 137, 2, 0, 0.1, 3.3075e+06, 125.427
26372, 31508, 127, 2, 0, 0.1, 3.30763e+06, 125.427
26373, 31492, 67, 3, 0, 0.1, 3.30769e+06, 125.424
26374, 29962, 117, 2, 0, 0.1, 3.30781e+06, 125.424
26375, 30472, 127, 3, 1, 0.1, 3.30794e+06, 125.424
26376, 30472, 117, 1, 0, 0.1, 3.30806e+06, 125.424
26377, 29189, 127, 2, 0, 0.1, 3.30818e+06, 125.424
26378, 29189, 117, 1, 0, 0.1, 3.3083e+06, 125.424
26379, 29954, 137, 1, 0, 0.1, 3.30844e+06, 125.424
26380, 29954, 117, 2, 0, 0.1, 3.30855e+06, 125.424
26381, 29962, 127, 2, 0, 0.1, 3.30868e+06, 125.424
26382, 30472, 137, 1, 0, 0.1, 3.30882e+06, 125.424
26383, 29189, 127, 3, 0, 0.1, 3.30894e+06, 125.424
26384, 30472, 127, 1, 0, 0.1, 3.30907e+06, 125.424
26385, 29189, 127, 1, 0, 0.1, 3.3092e+06, 125.424
26386, 28934, 137, 3, 0, 0.1, 3.30934e+06, 125.425
26387, 24581, 127, 3, 0, 0.1, 3.30946e+06, 125.425
26388, 29960, 127, 2, 0, 0.1, 3.30959e+06, 125.425
26389, 29962, 127, 2, 0, 0.1, 3.30972e+06, 125.425
26390, 31492, 137, 0, 0, 0.1, 3.30985e+06, 125.425
26391, 28938, 127, 2, 0, 0.1, 3.30998e+06, 125.426
26392, 31492, 127, 0, 0, 0.1, 3.31011e+06, 125.426
26393, 28938, 127, 0, 0, 0.1, 3.31023e+06, 125.426
26394, 24840, 127, 0, 1, 0.1, 3.31036e+06, 125.426
26395, 28938, 127, 2, 0, 0.1, 3.31049e+06, 125.426
26396, 24840, 127, 2, 0, 0.1, 3.31062e+06, 125.426
26397, 28938, 127, 0, 0, 0.1, 3.31074e+06, 125.426
26398, 24840, 127, 0, 0, 0.1, 3.31087e+06, 125.426
26399, 28938, 127, 2, 0, 0.1, 3.311e+06, 125.426
26400, 24840, 127, 0, 0, 0.1, 3.31112e+06, 125.426
26401, 28938, 127, 2, 0, 0.1, 3.31125e+06, 125.426
26402, 24840, 127, 1, 0, 0.1, 3.31138e+06, 125.426
26403, 24581, 127, 3, 0, 0.1, 3.3115e+06, 125.426
26404, 24840, 127, 1, 0, 0.1, 3.31163e+06, 125.426
26405, 24581, 127, 3, 0, 0.1, 3.31176e+06, 125.426
26406, 24840, 127, 1, 0, 0.1, 3.31188e+06, 125.426
26407, 24581, 127, 1, 0, 0.1, 3.31201e+06, 125.426
26408, 28934, 127, 0, 0, 0.1, 3.31214e+06, 125.427
26409, 28938, 127, 2, 0, 0.1, 3.31227e+06, 125.427
26410, 28934, 127, 3, 0, 0.1, 3.31239e+06, 125.427
26411, 24581, 127, 3, 0, 0.1, 3.31252e+06, 125.427
26412, 24840, 127, 2, 0, 0.1, 3.31265e+06, 125.427
26413, 28938, 127, 0, 0, 0.1, 3.31277e+06, 125.427
26414, 24840, 127, 2, 1, 0.1, 3.3129e+06, 125.427
26415, 28938, 127, 0, 0, 0.1, 3.31303e+06, 125.427
26416, 24840, 127, 1, 0, 0.1, 3.31316e+06, 125.427
26417, 24581, 127, 3, 0, 0.1, 3.31328e+06, 125.427
26418, 24840, 127, 1, 1, 0.1, 3.31341e+06, 125.427
26419, 24581, 127, 3, 0, 0.1, 3.31354e+06, 125.427
26420, 24840, 127, 1, 0, 0.1, 3.31366e+06, 125.427
26421, 24581, 127, 3, 0, 0.1, 3.31379e+06, 125.427
26422, 24840, 127, 1, 0, 0.1, 3.31392e+06, 125.427
26423, 24581, 127, 3, 0, 0.1, 3.31404e+06, 125.427
26424, 24840, 127, 2, 0, 0.1, 3.31417e+06, 125.428
26425, 28938, 127, 0, 0, 0.1, 3.3143e+06, 125.428
26426, 24840, 127, 0, 1, 0.1, 3.31442e+06, 125.428
26427, 28938, 127, 0, 0, 0.1, 3.31455e+06, 125.428
26428, 28930, 127, 1, 1, 0.1, 3.31468e+06, 125.428
26429, 28930, 117, 0, 0, 0.1, 3.3148e+06, 125.427
26430, 28938, 137, 0, 1, 0.1, 3.31493e+06, 125.428
26431, 30978, 137, 3, 0, 0.1, 3.31507e+06, 125.428
26432, 30725, 137, 1, 0, 0.1, 3.31521e+06, 125.429
26433, 30978, 127, 3, 0, 0.1, 3.31533e+06, 125.429
26434, 30725, 127, 3, 0, 0.1, 3.31546e+06, 125.429
26435, 29960, 137, 2, 0, 0.1, 3.3156e+06, 125.429
26436, 29962, 127, 2, 0, 0.1, 3.31572e+06, 125.429
26437, 25864, 127, 1, 0, 0.1, 3.31585e+06, 125.429
26438, 16389, 127, 2, 1, 0.1, 3.31598e+06, 125.429
26439, 16389, 117, 3, 0, 0.1, 3.3161e+06, 125.429
26440, 25864, 127, 1, 0, 0.1, 3.31622e+06, 125.429
26441, 16389, 127, 2, 0, 0.1, 3.31635e+06, 125.429
26442, 16389, 117, 3, 0, 0.1, 3.31647e+06, 125.429
26443, 25864, 127, 1, 0, 0.1, 3.31659e+06, 125.429
26444, 16389, 127, 3, 0, 0.1, 3.31672e+06, 125.429
26445, 25864, 127, 0, 0, 0.1, 3.31685e+06, 125.429
26446, 29962, 127, 2, 0, 0.1, 3.31698e+06, 125.429
26447, 25864, 127, 1, 1, 0.1, 3.3171e+06, 125.429
26448, 16389, 127, 3, 0, 0.1, 3.31723e+06, 125.429
26449, 25864, 127, 1, 0, 0.1, 3.31736e+06, 125.429
26450, 16389, 127, 2, 1, 0.1, 3.31748e+06, 125.429
26451, 16389, 117, 3, 0, 0.1, 3.3176e+06, 125.429
26452, 25864, 127, 0, 0, 0.1, 3.31773e+06, 125.429
26453, 29962, 127, 2, 0, 0.1, 3.31785e+06, 125.429
26454, 25864, 127, 1, 0, 0.1, 3.31798e+06, 125.429
26455, 16389, 127, 3, 0, 0.1, 3.31811e+06, 125.429
26456, 25864, 127, 2, 0, 0.1, 3.31824e+06, 125.429
26457, 29962, 127, 0, 0, 0.1, 3.31836e+06, 125.429
26458, 25864, 127, 2, 0, 0.1, 3.31849e+06, 125.43
26459, 29962, 127, 2, 0, 0.1, 3.31862e+06, 125.43
26460, 32002, 127, 3, 0, 0.1, 3.31874e+06, 125.43
26461, 30725, 137, 1, 0, 0.1, 3.31888e+06, 125.43
26462, 32018, 127, 0, 0, 0.1, 3.31901e+06, 125.43
26463, 29978, 127, 2, 0, 0.1, 3.31913e+06, 125.43
26464, 32018, 127, 2, 0, 0.1, 3.31926e+06, 125.43
26465, 28954, 137, 2, 0, 0.1, 3.3194e+06, 125.431
26466, 31504, 127, 3, 0, 0.1, 3.31952e+06, 125.431
26467, 31237, 137, 2, 0, 0.1, 3.31966e+06, 125.431
26468, 31237, 117, 2, 0, 0.1, 3.31978e+06, 125.431
26469, 31237, 117, 3, 0, 0.1, 3.3199e+06, 125.431
26470, 31269, 137, 1, 0, 0.1, 3.32003e+06, 125.431
26471, 31237, 77, 2, 0, 0.1, 3.32011e+06, 125.429
26472, 30472, 137, 1, 0, 0.1, 3.32025e+06, 125.43
26473, 29189, 127, 1, 0, 0.1, 3.32037e+06, 125.43
26474, 29954, 137, 2, 0, 0.1, 3.32051e+06, 125.43
26475, 29962, 137, 0, 0, 0.1, 3.32065e+06, 125.431
26476, 29954, 127, 3, 0, 0.1, 3.32078e+06, 125.431
26477, 28677, 127, 0, 1, 0.1, 3.3209e+06, 125.431
26478, 28677, 117, 3, 0, 0.1, 3.32102e+06, 125.43
26479, 29960, 127, 2, 0, 0.1, 3.32115e+06, 125.43
26480, 29962, 137, 3, 1, 0.1, 3.32128e+06, 125.431
26481, 29962, 117, 0, 0, 0.1, 3.3214e+06, 125.431
26482, 29960, 127, 0, 0, 0.1, 3.32153e+06, 125.431
26483, 29962, 127, 0, 1, 0.1, 3.32165e+06, 125.431
26484, 30472, 127, 1, 0, 0.1, 3.32178e+06, 125.431
26485, 29189, 137, 2, 0, 0.1, 3.32192e+06, 125.431
26486, 29189, 117, 3, 0, 0.1, 3.32204e+06, 125.431
26487, 30472, 127, 1, 0, 0.1, 3.32216e+06, 125.431
26488, 29189, 127, 1, 0, 0.1, 3.32229e+06, 125.431
26489, 29954, 137, 2, 0, 0.1, 3.32243e+06, 125.431
26490, 29962, 127, 2, 0, 0.1, 3.32255e+06, 125.431
26491, 25858, 127, 3, 0, 0.1, 3.32268e+06, 125.431
26492, 24581, 127, 1, 0, 0.1, 3.32281e+06, 125.432
26493, 25858, 127, 0, 0, 0.1, 3.32293e+06, 125.432
26494, 29962, 127, 2, 0, 0.1, 3.32306e+06, 125.432
26495, 25858, 127, 0, 0, 0.1, 3.32319e+06, 125.432
26496, 29962, 127, 2, 0, 0.1, 3.32332e+06, 125.432
26497, 25858, 127, 2, 0, 0.1, 3.32344e+06, 125.432
26498, 29962, 127, 2, 0, 0.1, 3.32357e+06, 125.432
26499, 29960, 127, 2, 0, 0.1, 3.3237e+06, 125.432
26500, 29962, 137, 1, 0, 0.1, 3.32383e+06, 125.432
26501, 29962, 117, 0, 0, 0.1, 3.32395e+06, 125.432
26502, 29960, 127, 0, 0, 0.1, 3.32408e+06, 125.432
26503, 25866, 127, 3, 1, 0.1, 3.3242e+06, 125.432
26504, 25866, 117, 2, 0, 0.1, 3.32432e+06, 125.432
26505, 29960, 127, 2, 0, 0.1, 3.32445e+06, 125.432
26506, 29962, 127, 0, 0, 0.1, 3.32458e+06, 125.432
26507, 29960, 127, 2, 0, 0.1, 3.3247e+06, 125.432
26508, 29962, 127, 0, 0, 0.1, 3.32483e+06, 125.432
26509, 29960, 127, 0, 0, 0.1, 3.32496e+06, 125.432
26510, 25866, 127, 2, 0, 0.1, 3.32508e+06, 125.432
26511, 29960, 127, 2, 0, 0.1, 3.32521e+06, 125.432
26512, 29962, 127, 3, 0, 0.1, 3.32534e+06, 125.432
26513, 29962, 117, 2, 0, 0.1, 3.32545e+06, 125.432
26514, 31492, 137, 3, 0, 0.1, 3.32559e+06, 125.432
26515, 31237, 137, 3, 0, 0.1, 3.32573e+06, 125.433
26516, 32512, 137, 2, 0, 0.1, 3.32586e+06, 125.433
26517, 29962, 127, 3, 0, 0.1, 3.32599e+06, 125.433
26518, 29962, 117, 3, 0, 0.1, 3.32611e+06, 125.433
26519, 29962, 117, 2, 0, 0.1, 3.32623e+06, 125.433
26520, 28938, 137, 0, 0, 0.1, 3.32636e+06, 125.433
26521, 28938, 127, 3, 1, 0.1, 3.32649e+06, 125.433
26522, 28938, 117, 2, 0, 0.1, 3.32661e+06, 125.433
26523, 28938, 127, 2, 0, 0.1, 3.32673e+06, 125.433
26524, 29452, 127, 1, 0, 0.1, 3.32686e+06, 125.433
26525, 28677, 137, 1, 0, 0.1, 3.327e+06, 125.433
26526, 61446, 137, 2, 0, 0.1, 3.32714e+06, 125.434
26527, 61446, 117, 3, 0, 0.1, 3.32725e+06, 125.434
26528, 57349, 127, 3, 0, 0.1, 3.32738e+06, 125.434
26529, 49420, 127, 3, 0, 0.1, 3.32751e+06, 125.434
26530, 49420, 117, 3, 0, 0.1, 3.32762e+06, 125.433
26531, 49420, 117, 0, 0, 0.1, 3.32774e+06, 125.433
26532, 57610, 127, 2, 0, 0.1, 3.32787e+06, 125.433
26533, 49420, 127, 2, 0, 0.1, 3.32799e+06, 125.433
26534, 49420, 117, 1, 0, 0.1, 3.32811e+06, 125.433
26535, 57349, 127, 3, 0, 0.1, 3.32824e+06, 125.433
26536, 49436, 127, 0, 0, 0.1, 3.32836e+06, 125.433
26537, 57626, 127, 0, 0, 0.1, 3.32849e+06, 125.433
26538, 61706, 127, 0, 0, 0.1, 3.32862e+06, 125.433
26539, 64272, 127, 1, 0, 0.1, 3.32875e+06, 125.433
26540, 64005, 127, 0, 0, 0.1, 3.32887e+06, 125.433
26541, 64005, 117, 1, 0, 0.1, 3.32899e+06, 125.433
26542, 64260, 127, 3, 0, 0.1, 3.32912e+06, 125.433
26543, 64005, 127, 1, 0, 0.1, 3.32924e+06, 125.433
26544, 64260, 127, 0, 0, 0.1, 3.32937e+06, 125.433
26545, 61706, 127, 2, 0, 0.1, 3.3295e+06, 125.433
26546, 64260, 127, 0, 0, 0.1, 3.32962e+06, 125.433
26547, 61706, 127, 0, 0, 0.1, 3.32975e+06, 125.433
26548, 57608, 127, 3, 1, 0.1, 3.32988e+06, 125.433
26549, 57608, 117, 2, 1, 0.1, 3.33e+06, 125.433
26550, 61706, 127, 0, 0, 0.1, 3.33012e+06, 125.433
26551, 57608, 127, 2, 0, 0.1, 3.33025e+06, 125.433
26552, 61706, 127, 2, 0, 0.1, 3.33038e+06, 125.433
26553, 64260, 127, 3, 0, 0.1, 3.3305e+06, 125.433
26554, 64005, 127, 1, 0, 0.1, 3.33063e+06, 125.433
26555, 64260, 127, 3, 0, 0.1, 3.33076e+06, 125.433
26556, 64005, 127, 2, 0, 0.1, 3.33088e+06, 125.433
26557, 64005, 117, 2, 0, 0.1, 3.331e+06, 125.433
26558, 64005, 117, 0, 1, 0.1, 3.33112e+06, 125.433
26559, 64005, 117, 1, 0, 0.1, 3.33124e+06, 125.432
26560, 64260, 127, 3, 0, 0.1, 3.33136e+06, 125.433
26561, 64005, 127, 3, 0, 0.1, 3.33149e+06, 125.433
26562, 64256, 127, 1, 0, 0.1, 3.33162e+06, 125.433
26563, 64005, 127, 0, 1, 0.1, 3.33174e+06, 125.433
26564, 64005, 117, 3, 0, 0.1, 3.33186e+06, 125.432
26565, 64272, 127, 1, 0, 0.1, 3.33199e+06, 125.432
26566, 64005, 127, 1, 1, 0.1, 3.33212e+06, 125.433
26567, 64276, 127, 3, 0, 0.1, 3.33224e+06, 125.433
26568, 64005, 127, 3, 0, 0.1, 3.33237e+06, 125.433
26569, 64256, 127, 1, 1, 0.1, 3.3325e+06, 125.433
26570, 64005, 127, 1, 0, 0.1, 3.33262e+06, 125.433
26571, 64260, 127, 0, 0, 0.1, 3.33275e+06, 125.433
26572, 61706, 127, 0, 0, 0.1, 3.33288e+06, 125.433
26573, 57608, 127, 2, 0, 0.1, 3.333e+06, 125.433
26574, 61706, 127, 2, 0, 0.1, 3.33313e+06, 125.433
26575, 64260, 127, 3, 0, 0.1, 3.33326e+06, 125.433
26576, 64005, 127, 1, 0, 0.1, 3.33338e+06, 125.433
26577, 64260, 127, 0, 0, 0.1, 3.33351e+06, 125.433
26578, 61706, 127, 0, 1, 0.1, 3.33364e+06, 125.433
26579, 57624, 127, 2, 0, 0.1, 3.33377e+06, 125.433
26580, 61706, 127, 2, 1, 0.1, 3.33389e+06, 125.433
26581, 64276, 127, 0, 0, 0.1, 3.33402e+06, 125.433
26582, 61722, 127, 2, 0, 0.1, 3.33415e+06, 125.433
26583, 64276, 127, 1, 0, 0.1, 3.33427e+06, 125.434
26584, 63493, 137, 1, 0, 0.1, 3.33441e+06, 125.434
26585, 64515, 127, 0, 1, 0.1, 3.33454e+06, 125.434
26586, 64515, 117, 1, 1, 0.1, 3.33466e+06, 125.434
26587, 64515, 117, 3, 1, 0.1, 3.33477e+06, 125.433
26588, 63493, 127, 1, 0, 0.1, 3.3349e+06, 125.433
26589, 64515, 127, 3, 0, 0.1, 3.33503e+06, 125.434
26590, 63493, 127, 3, 0, 0.1, 3.33515e+06, 125.434
26591, 59652, 127, 1, 0, 0.1, 3.33528e+06, 125.434
26592, 63493, 127, 1, 0, 0.1, 3.33541e+06, 125.434
26593, 64515, 127, 3, 0, 0.1, 3.33553e+06, 125.434
26594, 63493, 127, 2, 1, 0.1, 3.33566e+06, 125.434
26595, 63493, 117, 2, 0, 0.1, 3.33578e+06, 125.433
26596, 63493, 117, 0, 0, 0.1, 3.3359e+06, 125.433
26597, 63493, 117, 2, 0, 0.1, 3.33601e+06, 125.433
26598, 63493, 117, 1, 0, 0.1, 3.33613e+06, 125.433
26599, 64515, 127, 3, 0, 0.1, 3.33626e+06, 125.433
26600, 63493, 127, 3, 0, 0.1, 3.33638e+06, 125.433
26601, 59652, 127, 3, 0, 0.1, 3.33651e+06, 125.433
26602, 63493, 127, 3, 0, 0.1, 3.33664e+06, 125.433
26603, 63744, 127, 0, 1, 0.1, 3.33676e+06, 125.433
26604, 61706, 137, 0, 0, 0.1, 3.3369e+06, 125.433
26605, 63746, 137, 0, 1, 0.1, 3.33704e+06, 125.434
26606, 61706, 127, 0, 0, 0.1, 3.33716e+06, 125.434
26607, 57608, 127, 0, 0, 0.1, 3.33729e+06, 125.434
26608, 57610, 127, 0, 0, 0.1, 3.33742e+06, 125.434
26609, 61704, 127, 0, 0, 0.1, 3.33755e+06, 125.434
26610, 61706, 127, 2, 0, 0.1, 3.33767e+06, 125.434
26611, 61704, 127, 2, 0, 0.1, 3.3378e+06, 125.434
26612, 57610, 127, 1, 1, 0.1, 3.33793e+06, 125.434
26613, 57610, 117, 0, 0, 0.1, 3.33804e+06, 125.434
26614, 61704, 127, 2, 0, 0.1, 3.33817e+06, 125.434
26615, 57610, 127, 0, 0, 0.1, 3.3383e+06, 125.434
26616, 61704, 127, 0, 0, 0.1, 3.33842e+06, 125.434
26617, 61706, 127, 2, 0, 0.1, 3.33855e+06, 125.434
26618, 61704, 127, 0, 0, 0.1, 3.33868e+06, 125.434
26619, 61706, 127, 2, 0, 0.1, 3.33881e+06, 125.434
26620, 61704, 127, 2, 0, 0.1, 3.33893e+06, 125.434
26621, 57610, 127, 2, 0, 0.1, 3.33906e+06, 125.434
26622, 57608, 127, 0, 0, 0.1, 3.33919e+06, 125.434
26623, 57610, 127, 0, 0, 0.1, 3.33931e+06, 125.434
26624, 61704, 127, 0, 0, 0.1, 3.33944e+06, 125.434
26625, 61706, 127, 2, 0, 0.1, 3.33957e+06, 125.434
26626, 28936, 127, 0, 0, 0.1, 3.3397e+06, 125.435
26627, 28938, 127, 2, 0, 0.1, 3.33982e+06, 125.435
26628, 28936, 127, 2, 0, 0.1, 3.33995e+06, 125.435
26629, 24842, 127, 2, 1, 0.1, 3.34008e+06, 125.435
26630, 24856, 127, 1, 0, 0.1, 3.3402e+06, 125.435
26631, 16389, 127, 3, 0, 0.1, 3.34033e+06, 125.435
26632, 24856, 127, 0, 0, 0.1, 3.34046e+06, 125.435
26633, 24842, 77, 2, 0, 0.1, 3.34053e+06, 125.433
26634, 30472, 137, 2, 0, 0.1, 3.34067e+06, 125.434
26635, 29962, 127, 2, 0, 0.1, 3.3408e+06, 125.434
26636, 32002, 137, 2, 0, 0.1, 3.34094e+06, 125.434
26637, 29962, 137, 0, 0, 0.1, 3.34107e+06, 125.434
26638, 32002, 127, 3, 0, 0.1, 3.3412e+06, 125.435
26639, 30725, 137, 3, 0, 0.1, 3.34134e+06, 125.435
26640, 30980, 127, 3, 0, 0.1, 3.34146e+06, 125.435
26641, 30853, 127, 3, 0, 0.1, 3.34159e+06, 125.435
26642, 30853, 127, 3, 0, 0.1, 3.34172e+06, 125.435
26643, 16421, 87, 3, 0, 0.1, 3.3418e+06, 125.434
26644, 29962, 117, 0, 0, 0.1, 3.34192e+06, 125.433
26645, 30472, 137, 1, 1, 0.1, 3.34206e+06, 125.434
26646, 29189, 137, 1, 0, 0.1, 3.3422e+06, 125.434
26647, 29954, 137, 0, 1, 0.1, 3.34233e+06, 125.435
26648, 29962, 127, 2, 0, 0.1, 3.34246e+06, 125.435
26649, 29954, 127, 2, 0, 0.1, 3.34259e+06, 125.435
26650, 29962, 137, 2, 0, 0.1, 3.34272e+06, 125.435
26651, 32002, 137, 0, 1, 0.1, 3.34286e+06, 125.436
26652, 29962, 127, 2, 0, 0.1, 3.34299e+06, 125.436
26653, 32002, 127, 3, 0, 0.1, 3.34311e+06, 125.436
26654, 30725, 137, 3, 0, 0.1, 3.34325e+06, 125.436
26655, 25864, 137, 0, 0, 0.1, 3.34339e+06, 125.437
26656, 29962, 127, 2, 0, 0.1, 3.34352e+06, 125.437
26657, 25864, 127, 0, 0, 0.1, 3.34364e+06, 125.437
26658, 29962, 127, 0, 0, 0.1, 3.34377e+06, 125.437
26659, 29960, 127, 0, 0, 0.1, 3.3439e+06, 125.437
26660, 29962, 137, 2, 1, 0.1, 3.34403e+06, 125.437
26661, 29960, 127, 2, 0, 0.1, 3.34416e+06, 125.437
26662, 25866, 127, 2, 0, 0.1, 3.34429e+06, 125.437
26663, 25880, 127, 1, 0, 0.1, 3.34441e+06, 125.437
26664, 24581, 127, 3, 0, 0.1, 3.34454e+06, 125.438
26665, 25880, 127, 0, 0, 0.1, 3.34467e+06, 125.438
26666, 25866, 77, 2, 0, 0.1, 3.34474e+06, 125.436
26667, 25864, 137, 0, 0, 0.1, 3.34488e+06, 125.436
26668, 25866, 127, 3, 0, 0.1, 3.34501e+06, 125.436
26669, 25866, 117, 2, 0, 0.1, 3.34513e+06, 125.436
26670, 25864, 127, 0, 0, 0.1, 3.34525e+06, 125.436
26671, 25866, 127, 0, 0, 0.1, 3.34538e+06, 125.436
26672, 30472, 127, 1, 0, 0.1, 3.34551e+06, 125.436
26673, 29189, 127, 1, 0, 0.1, 3.34563e+06, 125.436
26674, 29954, 137, 2, 0, 0.1, 3.34577e+06, 125.437
26675, 29962, 127, 2, 0, 0.1, 3.3459e+06, 125.437
26676, 29954, 127, 2, 1, 0.1, 3.34602e+06, 125.437
26677, 29962, 137, 2, 0, 0.1, 3.34616e+06, 125.437
26678, 30472, 137, 2, 0, 0.1, 3.3463e+06, 125.438
26679, 28938, 137, 0, 0, 0.1, 3.34644e+06, 125.438
26680, 29448, 127, 0, 0, 0.1, 3.34656e+06, 125.438
26681, 28938, 127, 0, 0, 0.1, 3.34669e+06, 125.438
26682, 24834, 127, 2, 0, 0.1, 3.34682e+06, 125.438
26683, 28938, 127, 0, 0, 0.1, 3.34694e+06, 125.438
26684, 24834, 127, 3, 0, 0.1, 3.34707e+06, 125.438
26685, 16389, 127, 3, 0, 0.1, 3.3472e+06, 125.438
26686, 25864, 127, 0, 0, 0.1, 3.34732e+06, 125.438
26687, 17674, 127, 1, 0, 0.1, 3.34745e+06, 125.439
26688, 17674, 117, 0, 0, 0.1, 3.34757e+06, 125.438
26689, 25864, 127, 1, 0, 0.1, 3.3477e+06, 125.438
26690, 28677, 127, 1, 0, 0.1, 3.34782e+06, 125.438
26691, 28930, 127, 2, 0, 0.1, 3.34795e+06, 125.438
26692, 28938, 127, 3, 0, 0.1, 3.34808e+06, 125.438
26693, 28938, 117, 0, 0, 0.1, 3.34819e+06, 125.438
26694, 28930, 127, 3, 0, 0.1, 3.34832e+06, 125.438
26695, 28677, 127, 3, 0, 0.1, 3.34845e+06, 125.438
26696, 25864, 127, 2, 0, 0.1, 3.34858e+06, 125.438
26697, 17674, 127, 2, 0, 0.1, 3.3487e+06, 125.438
26698, 25864, 127, 2, 0, 0.1, 3.34883e+06, 125.438
26699, 29962, 127, 1, 1, 0.1, 3.34896e+06, 125.438
26700, 29962, 117, 2, 0, 0.1, 3.34907e+06, 125.438
26701, 32002, 127, 3, 0, 0.1, 3.3492e+06, 125.438
26702, 30725, 137, 1, 0, 0.1, 3.34934e+06, 125.439
26703, 32002, 127, 3, 0, 0.1, 3.34946e+06, 125.439
26704, 30725, 127, 1, 0, 0.1, 3.34959e+06, 125.439
26705, 32002, 127, 3, 0, 0.1, 3.34972e+06, 125.439
26706, 30725, 127, 3, 0, 0.1, 3.34984e+06, 125.439
26707, 30980, 137, 0, 0, 0.1, 3.34998e+06, 125.439
26708, 28938, 127, 0, 0, 0.1, 3.35011e+06, 125.439
26709, 28938, 127, 0, 0, 0.1, 3.35024e+06, 125.439
26710, 28938, 137, 0, 0, 0.1, 3.35037e+06, 125.44
26711, 28938, 127, 0, 0, 0.1, 3.3505e+06, 125.44
26712, 28682, 137, 3, 0, 0.1, 3.35064e+06, 125.44
26713, 28682, 117, 2, 0, 0.1, 3.35075e+06, 125.44
26714, 24586, 127, 2, 0, 0.1, 3.35088e+06, 125.44
26715, 16394, 127, 2, 0, 0.1, 3.35101e+06, 125.44
26716, 16394, 127, 2, 1, 0.1, 3.35114e+06, 125.44
26717, 24586, 127, 0, 0, 0.1, 3.35126e+06, 125.44
26718, 16394, 127, 2, 0, 0.1, 3.35139e+06, 125.44
26719, 24586, 127, 0, 0, 0.1, 3.35152e+06, 125.44
26720, 16394, 127, 0, 0, 0.1, 3.35164e+06, 125.44
26721, 16394, 127, 2, 0, 0.1, 3.35177e+06, 125.44
26722, 16394, 127, 2, 0, 0.1, 3.3519e+06, 125.441
26723, 24586, 127, 0, 0, 0.1, 3.35202e+06, 125.441
26724, 16394, 127, 0, 0, 0.1, 3.35215e+06, 125.441
26725, 16394, 127, 2, 0, 0.1, 3.35228e+06, 125.441
26726, 16394, 127, 2, 0, 0.1, 3.35240e+06, 125.441
26727, 24586, 127, 2, 0, 0.1, 3.35253e+06, 125.441
26728, 30724, 127, 1, 0, 0.1, 3.35266e+06, 125.441
26729, 26629, 127, 3, 0, 0.1, 3.35279e+06, 125.441
26730, 30724, 127, 3, 0, 0.1, 3.35291e+06, 125.441
26731, 30725, 127, 3, 0, 0.1, 3.35304e+06, 125.441
26732, 30725, 137, 3, 0, 0.1, 3.35318e+06, 125.442
26733, 30725, 137, 1, 0, 0.1, 3.35331e+06, 125.442
26734, 30725, 127, 2, 1, 0.1, 3.35344e+06, 125.442
26735, 30725, 117, 3, 0, 0.1, 3.35356e+06, 125.442
26736, 30725, 127, 1, 0, 0.1, 3.35368e+06, 125.442
26737, 30725, 127, 1, 0, 0.1, 3.35381e+06, 125.442
26738, 26629, 127, 3, 0, 0.1, 3.35394e+06, 125.442
26739, 30725, 127, 3, 0, 0.1, 3.35407e+06, 125.442
26740, 30725, 127, 3, 0, 0.1, 3.35419e+06, 125.442
26741, 28940, 137, 3, 0, 0.1, 3.35433e+06, 125.442
26742, 28956, 117, 3, 1, 0.1, 3.35445e+06, 125.442
26743, 28956, 117, 1, 0, 0.1, 3.35456e+06, 125.442
26744, 24709, 127, 0, 1, 0.1, 3.35469e+06, 125.442
26745, 24709, 67, 2, 0, 0.1, 3.35476e+06, 125.44
26746, 30472, 127, 1, 0, 0.1, 3.35488e+06, 125.44
26747, 28677, 137, 3, 0, 0.1, 3.35502e+06, 125.44
26748, 29960, 127, 2, 0, 0.1, 3.35515e+06, 125.44
26749, 29962, 137, 2, 0, 0.1, 3.35529e+06, 125.441
26750, 32002, 137, 2, 0, 0.1, 3.35542e+06, 125.441
26751, 29962, 127, 2, 0, 0.1, 3.35555e+06, 125.441
26752, 32512, 127, 2, 0, 0.1, 3.35568e+06, 125.441
26753, 29962, 127, 2, 0, 0.1, 3.3558e+06, 125.441
26754, 24842, 137, 2, 0, 0.1, 3.35594e+06, 125.442
26755, 28940, 127, 1, 0, 0.1, 3.35607e+06, 125.442
26756, 28677, 127, 1, 0, 0.1, 3.3562e+06, 125.442
26757, 61446, 137, 0, 1, 0.1, 3.35633e+06, 125.442
26758, 61961, 127, 2, 0, 0.1, 3.35646e+06, 125.442
26759, 61446, 127, 1, 0, 0.1, 3.35659e+06, 125.442
26760, 61446, 117, 3, 1, 0.1, 3.3567e+06, 125.442
26761, 57349, 127, 2, 1, 0.1, 3.35683e+06, 125.442
26762, 57349, 117, 2, 0, 0.1, 3.35695e+06, 125.442
26763, 57349, 117, 3, 0, 0.1, 3.35706e+06, 125.441
26764, 49420, 127, 3, 1, 0.1, 3.35719e+06, 125.442
26765, 49420, 117, 2, 0, 0.1, 3.35731e+06, 125.441
26766, 49420, 117, 1, 1, 0.1, 3.35742e+06, 125.441
26767, 57349, 127, 3, 0, 0.1, 3.35755e+06, 125.441
26768, 49420, 127, 1, 0, 0.1, 3.35768e+06, 125.441
26769, 57349, 127, 2, 0, 0.1, 3.35781e+06, 125.441
26770, 57349, 117, 3, 0, 0.1, 3.35792e+06, 125.441
26771, 49420, 127, 0, 0, 0.1, 3.35805e+06, 125.441
26772, 57610, 127, 0, 0, 0.1, 3.35818e+06, 125.441
26773, 61706, 127, 2, 0, 0.1, 3.3583e+06, 125.441
26774, 57610, 127, 0, 0, 0.1, 3.35843e+06, 125.441
26775, 61706, 127, 0, 1, 0.1, 3.35856e+06, 125.441
26776, 64256, 127, 1, 0, 0.1, 3.35868e+06, 125.441
26777, 64005, 127, 2, 1, 0.1, 3.35881e+06, 125.441
26778, 64005, 117, 1, 0, 0.1, 3.35893e+06, 125.441
26779, 64260, 137, 2, 0, 0.1, 3.35907e+06, 125.441
26780, 64260, 117, 3, 0, 0.1, 3.35918e+06, 125.441
26781, 64005, 127, 3, 0, 0.1, 3.35931e+06, 125.441
26782, 64256, 127, 3, 0, 0.1, 3.35944e+06, 125.441
26783, 59909, 137, 2, 0, 0.1, 3.35957e+06, 125.441
26784, 59909, 117, 3, 0, 0.1, 3.35969e+06, 125.441
26785, 64005, 127, 3, 0, 0.1, 3.35982e+06, 125.441
26786, 64005, 127, 2, 0, 0.1, 3.35994e+06, 125.441
26787, 64005, 117, 1, 0, 0.1, 3.36006e+06, 125.441
26788, 64005, 127, 2, 0, 0.1, 3.36019e+06, 125.441
26789, 64005, 117, 2, 0, 0.1, 3.36031e+06, 125.441
26790, 64005, 117, 3, 0, 0.1, 3.36042e+06, 125.44
26791, 64005, 127, 3, 0, 0.1, 3.36055e+06, 125.44
26792, 65025, 137, 0, 0, 0.1, 3.36069e+06, 125.441
26793, 65025, 117, 3, 0, 0.1, 3.3608e+06, 125.441
26794, 64005, 137, 3, 0, 0.1, 3.36094e+06, 125.441
26795, 64005, 137, 3, 0, 0.1, 3.36108e+06, 125.441
26796, 64005, 127, 3, 0, 0.1, 3.36120e+06, 125.442
26797, 65025, 137, 3, 0, 0.1, 3.36134e+06, 125.442
26798, 64005, 137, 0, 0, 0.1, 3.36148e+06, 125.442
26799, 64005, 117, 3, 0, 0.1, 3.3616e+06, 125.442
26800, 65280, 137, 3, 0, 0.1, 3.36173e+06, 125.442
26801, 61957, 137, 1, 0, 0.1, 3.36187e+06, 125.443
26802, 63232, 127, 1, 0, 0.1, 3.362e+06, 125.443
26803, 61957, 127, 0, 0, 0.1, 3.36212e+06, 125.443
26804, 61957, 117, 3, 0, 0.1, 3.36224e+06, 125.443
26805, 63232, 127, 1, 0, 0.1, 3.36237e+06, 125.443
26806, 61957, 127, 3, 0, 0.1, 3.3625e+06, 125.443
26807, 63232, 127, 3, 0, 0.1, 3.36262e+06, 125.443
26808, 61957, 127, 3, 1, 0.1, 3.36275e+06, 125.443
26809, 63240, 127, 2, 0, 0.1, 3.36288e+06, 125.443
26810, 57610, 137, 3, 0, 0.1, 3.36301e+06, 125.443
26811, 57610, 117, 0, 0, 0.1, 3.36313e+06, 125.443
26812, 62216, 127, 0, 1, 0.1, 3.36326e+06, 125.443
26813, 61706, 127, 3, 0, 0.1, 3.36338e+06, 125.443
26814, 61706, 117, 2, 0, 0.1, 3.3635e+06, 125.443
26815, 62216, 127, 1, 0, 0.1, 3.36363e+06, 125.443
26816, 61957, 127, 1, 0, 0.1, 3.36376e+06, 125.443
26817, 63248, 127, 3, 0, 0.1, 3.36388e+06, 125.443
26818, 61957, 127, 3, 0, 0.1, 3.36401e+06, 125.443
26819, 62216, 127, 0, 0, 0.1, 3.36414e+06, 125.443
26820, 61706, 127, 2, 0, 0.1, 3.36426e+06, 125.443
26821, 62216, 127, 2, 0, 0.1, 3.36439e+06, 125.443
26822, 57610, 127, 0, 0, 0.1, 3.36452e+06, 125.443
26823, 62216, 127, 0, 1, 0.1, 3.36464e+06, 125.443
26824, 61706, 127, 2, 0, 0.1, 3.36477e+06, 125.443
26825, 62216, 127, 1, 0, 0.1, 3.3649e+06, 125.444
26826, 61957, 127, 0, 0, 0.1, 3.36502e+06, 125.444
26827, 61957, 117, 3, 0, 0.1, 3.36514e+06, 125.443
26828, 62216, 127, 3, 0, 0.1, 3.36527e+06, 125.443
26829, 62216, 117, 2, 0, 0.1, 3.36539e+06, 125.443
26830, 57610, 127, 0, 1, 0.1, 3.36551e+06, 125.443
26831, 62216, 127, 1, 0, 0.1, 3.36564e+06, 125.443
26832, 61957, 127, 2, 0, 0.1, 3.36577e+06, 125.443
26833, 61957, 117, 1, 0, 0.1, 3.36588e+06, 125.443
26834, 63232, 127, 2, 0, 0.1, 3.36601e+06, 125.443
26835, 62730, 137, 2, 0, 0.1, 3.36615e+06, 125.443
26836, 61706, 137, 3, 0, 0.1, 3.36628e+06, 125.444
26837, 61722, 117, 3, 1, 0.1, 3.3664e+06, 125.444
26838, 61706, 117, 0, 0, 0.1, 3.36652e+06, 125.443
26839, 61722, 127, 3, 0, 0.1, 3.36665e+06, 125.443
26840, 61706, 117, 0, 0, 0.1, 3.36676e+06, 125.443
26841, 62224, 127, 3, 0, 0.1, 3.36689e+06, 125.443
26842, 57861, 127, 3, 0, 0.1, 3.36702e+06, 125.443
26843, 62232, 127, 0, 1, 0.1, 3.36714e+06, 125.443
26844, 61722, 127, 0, 0, 0.1, 3.36727e+06, 125.443
26845, 61722, 137, 1, 0, 0.1, 3.36741e+06, 125.444
26846, 61722, 117, 2, 0, 0.1, 3.36752e+06, 125.443
26847, 61722, 127, 3, 0, 0.1, 3.36765e+06, 125.443
26848, 61722, 117, 0, 0, 0.1, 3.36777e+06, 125.443
26849, 61722, 127, 0, 0, 0.1, 3.3679e+06, 125.443
26850, 61722, 137, 1, 0, 0.1, 3.36803e+06, 125.444
26851, 61706, 117, 0, 0, 0.1, 3.36815e+06, 125.443
26852, 61704, 127, 0, 0, 0.1, 3.36828e+06, 125.443
26853, 61706, 137, 0, 0, 0.1, 3.36841e+06, 125.444
26854, 62216, 127, 0, 0, 0.1, 3.36854e+06, 125.444
26855, 61722, 137, 2, 1, 0.1, 3.36868e+06, 125.444
26856, 62216, 127, 1, 0, 0.1, 3.36880e+06, 125.444
26857, 28677, 137, 3, 0, 0.1, 3.36894e+06, 125.445
26858, 24840, 127, 1, 0, 0.1, 3.36907e+06, 125.445
26859, 28677, 127, 1, 1, 0.1, 3.3692e+06, 125.445
26860, 29970, 127, 2, 0, 0.1, 3.36932e+06, 125.445
26861, 25866, 137, 2, 0, 0.1, 3.36946e+06, 125.445
26862, 29970, 127, 3, 0, 0.1, 3.36959e+06, 125.445
26863, 24581, 127, 3, 0, 0.1, 3.36971e+06, 125.445
26864, 16648, 127, 2, 1, 0.1, 3.36984e+06, 125.445
26865, 282, 127, 3, 0, 0.1, 3.36997e+06, 125.446
26866, 266, 117, 3, 0, 0.1, 3.37008e+06, 125.445
26867, 266, 117, 0, 0, 0.1, 3.3702e+06, 125.445
26868, 16648, 127, 2, 0, 0.1, 3.37033e+06, 125.445
26869, 282, 127, 0, 0, 0.1, 3.37046e+06, 125.445
26870, 16648, 127, 0, 0, 0.1, 3.37058e+06, 125.445
26871, 266, 127, 2, 0, 0.1, 3.37071e+06, 125.445
26872, 16648, 127, 0, 0, 0.1, 3.37084e+06, 125.445
26873, 266, 127, 0, 0, 0.1, 3.37096e+06, 125.445
26874, 16648, 127, 0, 0, 0.1, 3.37109e+06, 125.445
26875, 24842, 127, 2, 0, 0.1, 3.37122e+06, 125.445
26876, 16648, 127, 0, 0, 0.1, 3.37134e+06, 125.445
26877, 24842, 127, 0, 0, 0.1, 3.37147e+06, 125.445
26878, 28938, 127, 1, 0, 0.1, 3.3716e+06, 125.446
26879, 28938, 117, 2, 0, 0.1, 3.37172e+06, 125.445
26880, 24842, 127, 2, 0, 0.1, 3.37184e+06, 125.445
26881, 16648, 127, 0, 0, 0.1, 3.37197e+06, 125.445
26882, 24842, 127, 2, 0, 0.1, 3.3721e+06, 125.445
26883, 16648, 127, 3, 0, 0.1, 3.37222e+06, 125.445
26884, 16648, 117, 2, 0, 0.1, 3.37234e+06, 125.445
26885, 266, 127, 0, 0, 0.1, 3.37247e+06, 125.445
26886, 16648, 127, 2, 0, 0.1, 3.3726e+06, 125.445
26887, 266, 127, 2, 1, 0.1, 3.37272e+06, 125.445
26888, 16648, 127, 2, 0, 0.1, 3.37285e+06, 125.445
26889, 266, 127, 2, 0, 0.1, 3.37298e+06, 125.445
26890, 266, 127, 2, 0, 0.1, 3.3731e+06, 125.445
26891, 266, 127, 2, 0, 0.1, 3.37323e+06, 125.446
26892, 17160, 127, 2, 0, 0.1, 3.37336e+06, 125.446
26893, 16650, 127, 2, 0, 0.1, 3.37348e+06, 125.446
26894, 24842, 127, 1, 1, 0.1, 3.37361e+06, 125.446
26895, 24842, 117, 2, 0, 0.1, 3.37373e+06, 125.445
26896, 29452, 127, 1, 0, 0.1, 3.37386e+06, 125.445
26897, 29189, 127, 1, 0, 0.1, 3.37398e+06, 125.445
26898, 62228, 137, 2, 0, 0.1, 3.37412e+06, 125.446
26899, 62228, 117, 2, 0, 0.1, 3.37424e+06, 125.446
26900, 62228, 117, 3, 1, 0.1, 3.37435e+06, 125.445
26901, 61957, 127, 0, 0, 0.1, 3.37448e+06, 125.445
26902, 61957, 117, 0, 0, 0.1, 3.3746e+06, 125.445
26903, 61957, 117, 3, 0, 0.1, 3.37471e+06, 125.445
26904, 58124, 127, 2, 0, 0.1, 3.37484e+06, 125.445
26905, 58124, 117, 1, 0, 0.1, 3.37496e+06, 125.444
26906, 61957, 127, 3, 0, 0.1, 3.37508e+06, 125.445
26907, 58124, 127, 2, 0, 0.1, 3.37521e+06, 125.445
26908, 58124, 117, 1, 0, 0.1, 3.37533e+06, 125.444
26909, 61957, 127, 1, 0, 0.1, 3.37546e+06, 125.444
26910, 62228, 127, 0, 0, 0.1, 3.37558e+06, 125.444
26911, 61722, 127, 0, 0, 0.1, 3.37571e+06, 125.444
26912, 57626, 127, 0, 0, 0.1, 3.37584e+06, 125.445
26913, 62224, 127, 0, 0, 0.1, 3.37596e+06, 125.445
26914, 61722, 127, 0, 0, 0.1, 3.37609e+06, 125.445
26915, 62232, 137, 0, 0, 0.1, 3.37623e+06, 125.445
26916, 61722, 127, 2, 0, 0.1, 3.37636e+06, 125.445
26917, 62232, 127, 1, 0, 0.1, 3.37648e+06, 125.445
26918, 61957, 137, 2, 0, 0.1, 3.37662e+06, 125.446
26919, 61957, 117, 0, 0, 0.1, 3.37674e+06, 125.445
26920, 61957, 117, 1, 1, 0.1, 3.37685e+06, 125.445
26921, 61702, 137, 0, 0, 0.1, 3.37699e+06, 125.445
26922, 61706, 127, 2, 0, 0.1, 3.37712e+06, 125.445
26923, 61702, 127, 3, 0, 0.1, 3.37724e+06, 125.446
26924, 57349, 127, 1, 0, 0.1, 3.37737e+06, 125.446
26925, 61702, 127, 0, 0, 0.1, 3.3775e+06, 125.446
26926, 61706, 127, 2, 0, 0.1, 3.37762e+06, 125.446
26927, 61702, 127, 3, 0, 0.1, 3.37775e+06, 125.446
26928, 57349, 127, 3, 0, 0.1, 3.37788e+06, 125.446
26929, 49432, 127, 0, 0, 0.1, 3.37801e+06, 125.446
26930, 33050, 127, 0, 0, 0.1, 3.37813e+06, 125.446
26931, 49426, 127, 2, 0, 0.1, 3.37826e+06, 125.446
26932, 33050, 127, 2, 0, 0.1, 3.37839e+06, 125.446
26933, 49432, 127, 0, 0, 0.1, 3.37851e+06, 125.446
26934, 33050, 127, 3, 0, 0.1, 3.37864e+06, 125.446
26935, 33050, 117, 0, 0, 0.1, 3.37876e+06, 125.446
26936, 49426, 127, 3, 0, 0.1, 3.37888e+06, 125.446
26937, 32773, 127, 3, 0, 0.1, 3.37901e+06, 125.446
26938, 33032, 127, 0, 0, 0.1, 3.37914e+06, 125.446
26939, 33034, 127, 2, 0, 0.1, 3.37927e+06, 125.446
26940, 33032, 127, 2, 0, 0.1, 3.37939e+06, 125.446
26941, 33034, 127, 3, 0, 0.1, 3.37952e+06, 125.446
26942, 33034, 117, 0, 0, 0.1, 3.37964e+06, 125.446
26943, 33032, 127, 1, 1, 0.1, 3.37976e+06, 125.446
26944, 32773, 127, 1, 0, 0.1, 3.37989e+06, 125.446
26945, 49426, 127, 2, 0, 0.1, 3.38002e+06, 125.446
26946, 33050, 127, 0, 0, 0.1, 3.38014e+06, 125.446
26947, 49426, 127, 0, 0, 0.1, 3.38027e+06, 125.446
26948, 57626, 127, 0, 0, 0.1, 3.3804e+06, 125.446
26949, 61714, 127, 3, 0, 0.1, 3.38053e+06, 125.446
26950, 57349, 127, 1, 0, 0.1, 3.38065e+06, 125.446
26951, 61714, 127, 0, 0, 0.1, 3.38078e+06, 125.446
26952, 61706, 127, 0, 0, 0.1, 3.38091e+06, 125.446
26953, 61736, 137, 0, 0, 0.1, 3.38104e+06, 125.447
26954, 61706, 137, 3, 0, 0.1, 3.38118e+06, 125.447
26955, 61706, 117, 0, 1, 0.1, 3.3813e+06, 125.447
26956, 64256, 137, 3, 0, 0.1, 3.38144e+06, 125.447
26957, 64005, 137, 3, 0, 0.1, 3.38157e+06, 125.448
26958, 62216, 137, 2, 0, 0.1, 3.38171e+06, 125.448
26959, 61706, 127, 1, 0, 0.1, 3.38184e+06, 125.448
26960, 61706, 117, 2, 0, 0.1, 3.38195e+06, 125.448
26961, 57610, 127, 2, 0, 0.1, 3.38208e+06, 125.448
26962, 49418, 127, 2, 0, 0.1, 3.38221e+06, 125.448
26963, 33032, 127, 0, 0, 0.1, 3.38233e+06, 125.448
26964, 49418, 127, 2, 0, 0.1, 3.38246e+06, 125.448
26965, 33032, 127, 2, 0, 0.1, 3.38259e+06, 125.448
26966, 33034, 127, 3, 1, 0.1, 3.38272e+06, 125.448
26967, 33034, 117, 2, 0, 0.1, 3.38283e+06, 125.448
26968, 33032, 127, 0, 0, 0.1, 3.38296e+06, 125.448
26969, 33034, 127, 2, 0, 0.1, 3.38309e+06, 125.448
26970, 33032, 127, 2, 0, 0.1, 3.38321e+06, 125.448
26971, 33034, 127, 0, 1, 0.1, 3.38334e+06, 125.448
26972, 33032, 127, 1, 1, 0.1, 3.38347e+06, 125.448
26973, 32773, 127, 1, 0, 0.1, 3.38359e+06, 125.448
26974, 33042, 127, 2, 0, 0.1, 3.38372e+06, 125.448
26975, 33034, 127, 0, 0, 0.1, 3.38385e+06, 125.449
26976, 33026, 127, 3, 0, 0.1, 3.38398e+06, 125.449
26977, 32773, 127, 3, 0, 0.1, 3.3841e+06, 125.449
26978, 33032, 127, 0, 0, 0.1, 3.38423e+06, 125.449
26979, 33034, 127, 2, 0, 0.1, 3.38436e+06, 125.449
26980, 33032, 127, 2, 1, 0.1, 3.38448e+06, 125.449
26981, 33034, 127, 0, 0, 0.1, 3.38461e+06, 125.449
26982, 33032, 127, 1, 0, 0.1, 3.38474e+06, 125.449
26983, 32773, 127, 2, 0, 0.1, 3.38486e+06, 125.449
26984, 32773, 117, 3, 0, 0.1, 3.38498e+06, 125.449
26985, 33032, 127, 1, 0, 0.1, 3.38511e+06, 125.449
26986, 32773, 127, 1, 0, 0.1, 3.38524e+06, 125.449
26987, 33042, 127, 0, 0, 0.1, 3.38536e+06, 125.449
26988, 33050, 127, 2, 0, 0.1, 3.38549e+06, 125.449
26989, 33042, 127, 0, 0, 0.1, 3.38562e+06, 125.449
26990, 33050, 127, 2, 0, 0.1, 3.38574e+06, 125.449
26991, 33042, 127, 3, 0, 0.1, 3.38587e+06, 125.449
26992, 32773, 127, 3, 0, 0.1, 3.386e+06, 125.449
26993, 33032, 127, 2, 0, 0.1, 3.38612e+06, 125.449
26994, 33034, 127, 0, 0, 0.1, 3.38625e+06, 125.449
26995, 33032, 127, 2, 0, 0.1, 3.38638e+06, 125.449
26996, 33034, 127, 2, 0, 0.1, 3.38650e+06, 125.449
26997, 33034, 127, 0, 0, 0.1, 3.38663e+06, 125.449
26998, 266, 127, 3, 0, 0.1, 3.38676e+06, 125.449
26999, 266, 117, 0, 0, 0.1, 3.38688e+06, 125.449
27000, 264, 127, 2, 0, 0.1, 3.387e+06, 125.449
27001, 266, 127, 2, 0, 0.1, 3.38713e+06, 125.449
27002, 266, 127, 0, 0, 0.1, 3.38726e+06, 125.449
27003, 266, 127, 0, 0, 0.1, 3.38738e+06, 125.449
27004, 264, 127, 0, 0, 0.1, 3.38751e+06, 125.449
27005, 266, 127, 0, 0, 0.1, 3.38764e+06, 125.449
27006, 296, 127, 0, 0, 0.1, 3.38776e+06, 125.45
27007, 16650, 127, 1, 0, 0.1, 3.38789e+06, 125.45
27008, 16714, 117, 2, 0, 0.1, 3.38801e+06, 125.449
27009, 280, 77, 0, 0, 0.1, 3.38809e+06, 125.447
27010, 29960, 127, 0, 0, 0.1, 3.38821e+06, 125.448
27011, 25866, 137, 3, 0, 0.1, 3.38835e+06, 125.448
27012, 25866, 117, 2, 0, 0.1, 3.38847e+06, 125.448
27013, 29960, 127, 2, 0, 0.1, 3.38859e+06, 125.448
27014, 29962, 127, 2, 0, 0.1, 3.38872e+06, 125.448
27015, 30472, 137, 2, 0, 0.1, 3.38886e+06, 125.448
27016, 25866, 137, 1, 1, 0.1, 3.389e+06, 125.449
27017, 25866, 117, 0, 0, 0.1, 3.38911e+06, 125.448
27018, 30472, 127, 1, 0, 0.1, 3.38924e+06, 125.448
27019, 29189, 127, 3, 0, 0.1, 3.38937e+06, 125.448
27020, 30472, 127, 2, 0, 0.1, 3.38949e+06, 125.448
27021, 25866, 127, 0, 0, 0.1, 3.38962e+06, 125.449
27022, 30472, 127, 1, 0, 0.1, 3.38975e+06, 125.449
27023, 29189, 127, 1, 0, 0.1, 3.38987e+06, 125.449
27024, 29954, 137, 2, 0, 0.1, 3.39001e+06, 125.449
27025, 29962, 137, 2, 0, 0.1, 3.39015e+06, 125.45
27026, 30472, 137, 1, 0, 0.1, 3.39028e+06, 125.45
27027, 29189, 127, 3, 0, 0.1, 3.39041e+06, 125.45
27028, 30472, 127, 2, 0, 0.1, 3.39054e+06, 125.45
27029, 29962, 127, 0, 0, 0.1, 3.39067e+06, 125.45
27030, 30472, 127, 1, 0, 0.1, 3.39079e+06, 125.45
27031, 29189, 127, 1, 0, 0.1, 3.39092e+06, 125.45
27032, 28934, 137, 3, 0, 0.1, 3.39106e+06, 125.451
27033, 28677, 127, 1, 0, 0.1, 3.39118e+06, 125.451
27034, 28934, 127, 3, 0, 0.1, 3.39131e+06, 125.451
27035, 28677, 127, 3, 0, 0.1, 3.39144e+06, 125.451
27036, 29960, 127, 2, 0, 0.1, 3.39156e+06, 125.451
27037, 29962, 127, 2, 0, 0.1, 3.39169e+06, 125.451
27038, 31492, 137, 3, 0, 0.1, 3.39183e+06, 125.451
27039, 31237, 137, 3, 0, 0.1, 3.39197e+06, 125.452
27040, 32528, 127, 1, 0, 0.1, 3.39209e+06, 125.452
27041, 31237, 127, 1, 0, 0.1, 3.39222e+06, 125.452
27042, 31492, 127, 0, 0, 0.1, 3.39235e+06, 125.452
27043, 28938, 127, 0, 0, 0.1, 3.39247e+06, 125.452
27044, 24840, 127, 0, 0, 0.1, 3.3926e+06, 125.452
27045, 16650, 127, 2, 0, 0.1, 3.39273e+06, 125.452
27046, 24840, 127, 1, 0, 0.1, 3.39286e+06, 125.452
27047, 28677, 127, 1, 0, 0.1, 3.39298e+06, 125.452
27048, 28934, 127, 3, 0, 0.1, 3.39311e+06, 125.452
27049, 28677, 127, 1, 0, 0.1, 3.39324e+06, 125.452
27050, 28934, 127, 0, 0, 0.1, 3.39336e+06, 125.452
27051, 28938, 137, 0, 0, 0.1, 3.3935e+06, 125.453
27052, 29193, 137, 1, 0, 0.1, 3.39364e+06, 125.453
27053, 29189, 127, 1, 0, 0.1, 3.39376e+06, 125.453
27054, 29954, 137, 3, 0, 0.1, 3.3939e+06, 125.454
27055, 24581, 127, 3, 0, 0.1, 3.39403e+06, 125.454
27056, 16393, 127, 2, 0, 0.1, 3.39416e+06, 125.454
27057, 10, 127, 0, 0, 0.1, 3.39428e+06, 125.454
27058, 16393, 127, 2, 0, 0.1, 3.39441e+06, 125.454
27059, 10, 127, 2, 0, 0.1, 3.39454e+06, 125.454
27060, 6, 127, 0, 0, 0.1, 3.39466e+06, 125.454
27061, 10, 127, 0, 0, 0.1, 3.39479e+06, 125.454
27062, 16393, 127, 2, 1, 0.1, 3.39492e+06, 125.454
27063, 10, 127, 2, 0, 0.1, 3.39504e+06, 125.454
27064, 6, 127, 0, 0, 0.1, 3.39517e+06, 125.454
27065, 10, 127, 0, 0, 0.1, 3.3953e+06, 125.454
27066, 16393, 127, 2, 0, 0.1, 3.39542e+06, 125.454
27067, 10, 127, 2, 0, 0.1, 3.39555e+06, 125.455
27068, 6, 127, 3, 0, 0.1, 3.39568e+06, 125.455
27069, 16389, 127, 3, 0, 0.1, 3.39581e+06, 125.455
27070, 24856, 127, 1, 0, 0.1, 3.39593e+06, 125.455
27071, 16389, 127, 1, 0, 0.1, 3.39606e+06, 125.455
27072, 6, 127, 0, 0, 0.1, 3.39619e+06, 125.455
27073, 10, 127, 2, 0, 0.1, 3.39631e+06, 125.455
27074, 6, 127, 2, 1, 0.1, 3.39644e+06, 125.455
27075, 6, 117, 0, 0, 0.1, 3.39656e+06, 125.455
27076, 10, 127, 2, 0, 0.1, 3.39668e+06, 125.455
27077, 6, 127, 3, 0, 0.1, 3.39681e+06, 125.455
27078, 16389, 127, 3, 0, 0.1, 3.39694e+06, 125.455
27079, 24856, 127, 2, 0, 0.1, 3.39707e+06, 125.455
27080, 28954, 127, 2, 1, 0.1, 3.39719e+06, 125.455
27081, 31508, 127, 0, 0, 0.1, 3.39732e+06, 125.455
27082, 28954, 77, 2, 0, 0.1, 3.3974e+06, 125.453
27083, 30472, 127, 2, 0, 0.1, 3.39752e+06, 125.453
27084, 29962, 127, 0, 0, 0.1, 3.39765e+06, 125.453
27085, 30472, 127, 1, 0, 0.1, 3.39778e+06, 125.453
27086, 29189, 127, 1, 0, 0.1, 3.39790e+06, 125.453
27087, 29954, 137, 2, 0, 0.1, 3.39804e+06, 125.454
27088, 29962, 137, 2, 0, 0.1, 3.39818e+06, 125.454
27089, 30472, 137, 2, 0, 0.1, 3.39832e+06, 125.455
27090, 29962, 137, 2, 0, 0.1, 3.39845e+06, 125.455
27091, 31492, 137, 3, 0, 0.1, 3.39859e+06, 125.456
27092, 31237, 137, 1, 0, 0.1, 3.39873e+06, 125.456
27093, 31492, 127, 0, 0, 0.1, 3.39885e+06, 125.456
27094, 24842, 127, 2, 0, 0.1, 3.39898e+06, 125.456
27095, 31492, 127, 0, 0, 0.1, 3.39911e+06, 125.456
27096, 24842, 127, 0, 0, 0.1, 3.39924e+06, 125.456
27097, 29448, 127, 1, 0, 0.1, 3.39936e+06, 125.456
27098, 29189, 127, 3, 0, 0.1, 3.39949e+06, 125.456
27099, 29448, 127, 1, 0, 0.1, 3.39962e+06, 125.456
27100, 29189, 127, 1, 0, 0.1, 3.39974e+06, 125.456
27101, 28934, 137, 1, 0, 0.1, 3.39988e+06, 125.457
27102, 28934, 117, 1, 1, 0.1, 3.4e+06, 125.457
27103, 28934, 117, 0, 0, 0.1, 3.40011e+06, 125.456
27104, 28682, 137, 2, 0, 0.1, 3.40025e+06, 125.457
27105, 24582, 127, 3, 0, 0.1, 3.40038e+06, 125.457
27106, 16389, 127, 3, 0, 0.1, 3.40050e+06, 125.457
27107, 24840, 127, 0, 0, 0.1, 3.40063e+06, 125.457
27108, 28938, 127, 0, 0, 0.1, 3.40076e+06, 125.457
27109, 28930, 127, 0, 0, 0.1, 3.40089e+06, 125.457
27110, 28938, 137, 2, 0, 0.1, 3.40102e+06, 125.457
27111, 28930, 127, 0, 0, 0.1, 3.40115e+06, 125.457
27112, 28938, 127, 0, 0, 0.1, 3.40128e+06, 125.457
27113, 30722, 137, 1, 0, 0.1, 3.40141e+06, 125.458
27114, 30722, 117, 3, 0, 0.1, 3.40153e+06, 125.458
27115, 16389, 137, 3, 0, 0.1, 3.40167e+06, 125.458
27116, 25864, 127, 1, 0, 0.1, 3.4018e+06, 125.458
27117, 16389, 127, 3, 0, 0.1, 3.40192e+06, 125.458
27118, 25880, 127, 0, 0, 0.1, 3.40205e+06, 125.458
27119, 30026, 77, 0, 0, 0.1, 3.40213e+06, 125.456
27120, 30472, 127, 1, 0, 0.1, 3.40225e+06, 125.456
27121, 29189, 137, 1, 0, 0.1, 3.40239e+06, 125.457
27122, 29954, 137, 3, 0, 0.1, 3.40253e+06, 125.457
27123, 28677, 127, 2, 1, 0.1, 3.40265e+06, 125.457
27124, 28677, 117, 1, 0, 0.1, 3.40277e+06, 125.457
27125, 29954, 127, 3, 0, 0.1, 3.4029e+06, 125.457
27126, 28677, 127, 1, 0, 0.1, 3.40302e+06, 125.457
27127, 29954, 127, 3, 0, 0.1, 3.40315e+06, 125.457
27128, 28677, 127, 3, 0, 0.1, 3.40328e+06, 125.457
27129, 29960, 127, 2, 1, 0.1, 3.40341e+06, 125.457
27130, 29962, 127, 2, 0, 0.1, 3.40353e+06, 125.457
27131, 29960, 127, 2, 0, 0.1, 3.40366e+06, 125.457
27132, 29962, 127, 2, 0, 0.1, 3.40379e+06, 125.457
27133, 32002, 137, 2, 0, 0.1, 3.40392e+06, 125.458
27134, 29962, 137, 3, 1, 0.1, 3.40406e+06, 125.458
27135, 29962, 117, 2, 0, 0.1, 3.40418e+06, 125.458
27136, 32512, 127, 2, 0, 0.1, 3.40430e+06, 125.458
27137, 28938, 137, 1, 1, 0.1, 3.40444e+06, 125.459
27138, 28938, 117, 0, 0, 0.1, 3.40456e+06, 125.458
27139, 31488, 127, 3, 0, 0.1, 3.40469e+06, 125.458
27140, 31237, 137, 1, 1, 0.1, 3.40482e+06, 125.459
27141, 31488, 127, 3, 0, 0.1, 3.40495e+06, 125.459
27142, 31237, 127, 0, 0, 0.1, 3.40508e+06, 125.459
27143, 31237, 117, 1, 0, 0.1, 3.40519e+06, 125.458
27144, 31488, 127, 2, 0, 0.1, 3.40532e+06, 125.459
27145, 28938, 127, 0, 0, 0.1, 3.40545e+06, 125.459
27146, 31488, 127, 2, 0, 0.1, 3.40558e+06, 125.459
27147, 28938, 127, 3, 1, 0.1, 3.4057e+06, 125.459
27148, 28938, 117, 2, 0, 0.1, 3.40582e+06, 125.458
27149, 28938, 127, 0, 0, 0.1, 3.40595e+06, 125.458
27150, 28938, 127, 2, 0, 0.1, 3.40607e+06, 125.459
27151, 28938, 127, 2, 0, 0.1, 3.4062e+06, 125.459
27152, 29452, 127, 1, 0, 0.1, 3.40633e+06, 125.459
27153, 28677, 137, 0, 0, 0.1, 3.40646e+06, 125.459
27154, 28677, 117, 1, 0, 0.1, 3.40658e+06, 125.459
27155, 61702, 137, 0, 0, 0.1, 3.40672e+06, 125.459
27156, 61961, 137, 1, 0, 0.1, 3.40686e+06, 125.46
27157, 61957, 127, 1, 0, 0.1, 3.40698e+06, 125.46
27158, 61698, 137, 0, 0, 0.1, 3.40712e+06, 125.46
27159, 49162, 137, 3, 0, 0.1, 3.40726e+06, 125.46
27160, 49162, 117, 2, 0, 0.1, 3.40737e+06, 125.46
27161, 49154, 127, 3, 0, 0.1, 3.4075e+06, 125.46
27162, 32773, 127, 1, 0, 0.1, 3.40763e+06, 125.46
27163, 49154, 127, 1, 0, 0.1, 3.40775e+06, 125.46
27164, 49154, 117, 0, 0, 0.1, 3.40787e+06, 125.46
27165, 49162, 127, 2, 0, 0.1, 3.408e+06, 125.46
27166, 49154, 127, 3, 0, 0.1, 3.40812e+06, 125.46
27167, 32773, 127, 3, 0, 0.1, 3.40825e+06, 125.46
27168, 32777, 127, 1, 0, 0.1, 3.40838e+06, 125.46
27169, 32773, 127, 1, 0, 0.1, 3.40851e+06, 125.46
27170, 49154, 127, 1, 0, 0.1, 3.40863e+06, 125.46
27171, 49154, 117, 3, 0, 0.1, 3.40875e+06, 125.46
27172, 32773, 127, 1, 0, 0.1, 3.40888e+06, 125.46
27173, 49154, 127, 0, 0, 0.1, 3.409e+06, 125.46
27174, 49162, 127, 2, 0, 0.1, 3.40913e+06, 125.46
27175, 49154, 127, 0, 0, 0.1, 3.40926e+06, 125.46
27176, 49162, 127, 1, 0, 0.1, 3.40938e+06, 125.46
27177, 49162, 117, 0, 0, 0.1, 3.4095e+06, 125.46
27178, 59395, 127, 3, 0, 0.1, 3.40963e+06, 125.46
27179, 63493, 127, 3, 0, 0.1, 3.40976e+06, 125.46
27180, 63748, 127, 3, 0, 0.1, 3.40988e+06, 125.46
27181, 59397, 137, 1, 0, 0.1, 3.41002e+06, 125.461
27182, 59652, 127, 1, 0, 0.1, 3.41015e+06, 125.461
27183, 51205, 127, 3, 0, 0.1, 3.41027e+06, 125.461
27184, 59652, 127, 2, 0, 0.1, 3.4104e+06, 125.461
27185, 59652, 117, 3, 1, 0.1, 3.41052e+06, 125.46
27186, 59397, 127, 1, 0, 0.1, 3.41064e+06, 125.461
27187, 59652, 127, 1, 1, 0.1, 3.41077e+06, 125.461
27188, 51333, 127, 1, 0, 0.1, 3.4109e+06, 125.461
27189, 34819, 127, 2, 1, 0.1, 3.41103e+06, 125.461
27190, 32778, 127, 2, 0, 0.1, 3.41115e+06, 125.461
27191, 49154, 127, 3, 0, 0.1, 3.41128e+06, 125.461
27192, 32773, 127, 0, 0, 0.1, 3.41141e+06, 125.461
27193, 32773, 117, 1, 0, 0.1, 3.41152e+06, 125.461
27194, 49154, 127, 1, 0, 0.1, 3.41165e+06, 125.461
27195, 49154, 117, 3, 0, 0.1, 3.41177e+06, 125.46
27196, 32773, 127, 1, 0, 0.1, 3.4119e+06, 125.46
27197, 49154, 127, 2, 0, 0.1, 3.41202e+06, 125.46
27198, 57356, 127, 0, 0, 0.1, 3.41215e+06, 125.46
27199, 49154, 127, 1, 1, 0.1, 3.41228e+06, 125.461
27200, 49154, 117, 1, 0, 0.1, 3.41239e+06, 125.46
27201, 49154, 117, 0, 1, 0.1, 3.41251e+06, 125.46
27202, 32778, 127, 2, 0, 0.1, 3.41264e+06, 125.46
27203, 49154, 127, 0, 0, 0.1, 3.41276e+06, 125.46
27204, 32778, 127, 0, 0, 0.1, 3.41289e+06, 125.46
27205, 34819, 127, 0, 0, 0.1, 3.41302e+06, 125.46
27206, 34819, 117, 1, 0, 0.1, 3.41314e+06, 125.46
27207, 34819, 117, 2, 0, 0.1, 3.41325e+06, 125.46
27208, 32778, 127, 2, 0, 0.1, 3.41338e+06, 125.46
27209, 49154, 127, 0, 0, 0.1, 3.41351e+06, 125.46
27210, 32778, 127, 3, 0, 0.1, 3.41363e+06, 125.46
27211, 32778, 117, 0, 0, 0.1, 3.41375e+06, 125.459
27212, 34947, 127, 0, 1, 0.1, 3.41388e+06, 125.459
27213, 34819, 117, 2, 0, 0.1, 3.41399e+06, 125.459
27214, 32778, 127, 0, 0, 0.1, 3.41412e+06, 125.459
27215, 34819, 127, 3, 1, 0.1, 3.41425e+06, 125.459
27216, 51205, 127, 2, 0, 0.1, 3.41438e+06, 125.459
27217, 51205, 117, 3, 0, 0.1, 3.41449e+06, 125.459
27218, 59668, 127, 2, 0, 0.1, 3.41462e+06, 125.459
27219, 59668, 117, 1, 0, 0.1, 3.41474e+06, 125.459
27220, 51333, 127, 3, 0, 0.1, 3.41486e+06, 125.459
27221, 59796, 127, 0, 0, 0.1, 3.41499e+06, 125.459
27222, 61706, 127, 2, 0, 0.1, 3.41512e+06, 125.459
27223, 59796, 127, 0, 1, 0.1, 3.41524e+06, 125.459
27224, 61722, 127, 0, 0, 0.1, 3.41537e+06, 125.459
27225, 62232, 127, 3, 0, 0.1, 3.4155e+06, 125.459
27226, 62232, 117, 3, 0, 0.1, 3.41562e+06, 125.459
27227, 62232, 117, 0, 0, 0.1, 3.41573e+06, 125.458
27228, 57626, 137, 0, 0, 0.1, 3.41587e+06, 125.459
27229, 49426, 127, 2, 0, 0.1, 3.416e+06, 125.459
27230, 57626, 127, 0, 0, 0.1, 3.41612e+06, 125.459
27231, 49426, 127, 3, 0, 0.1, 3.41625e+06, 125.459
27232, 49157, 127, 1, 0, 0.1, 3.41638e+06, 125.459
27233, 49426, 127, 2, 0, 0.1, 3.4165e+06, 125.459
27234, 57610, 127, 0, 0, 0.1, 3.41663e+06, 125.459
27235, 49410, 127, 0, 0, 0.1, 3.41676e+06, 125.459
27236, 57610, 127, 0, 0, 0.1, 3.41688e+06, 125.459
27237, 61698, 127, 3, 0, 0.1, 3.41701e+06, 125.459
27238, 61445, 127, 3, 0, 0.1, 3.41714e+06, 125.459
27239, 61704, 127, 1, 0, 0.1, 3.41727e+06, 125.46
27240, 61445, 127, 1, 0, 0.1, 3.41739e+06, 125.46
27241, 61698, 127, 1, 0, 0.1, 3.41752e+06, 125.46
27242, 61698, 117, 2, 0, 0.1, 3.41764e+06, 125.459
27243, 57610, 127, 3, 0, 0.1, 3.41776e+06, 125.459
27244, 57610, 117, 1, 1, 0.1, 3.41788e+06, 125.459
27245, 57610, 117, 2, 0, 0.1, 3.418e+06, 125.459
27246, 49410, 127, 3, 0, 0.1, 3.41812e+06, 125.459
27247, 49157, 127, 0, 1, 0.1, 3.41825e+06, 125.459
27248, 49157, 117, 1, 0, 0.1, 3.41837e+06, 125.459
27249, 49426, 127, 3, 0, 0.1, 3.4185e+06, 125.459
27250, 49157, 127, 1, 0, 0.1, 3.41862e+06, 125.459
27251, 49426, 127, 3, 0, 0.1, 3.41875e+06, 125.459
27252, 49157, 127, 3, 0, 0.1, 3.41888e+06, 125.459
27253, 57608, 127, 0, 1, 0.1, 3.419e+06, 125.459
27254, 61706, 127, 3, 1, 0.1, 3.41913e+06, 125.459
27255, 28938, 117, 3, 1, 0.1, 3.41925e+06, 125.459
27256, 28938, 117, 2, 0, 0.1, 3.41936e+06, 125.458
27257, 24840, 127, 1, 0, 0.1, 3.41949e+06, 125.458
27258, 16389, 127, 3, 0, 0.1, 3.41962e+06, 125.458
27259, 24872, 127, 2, 0, 0.1, 3.41975e+06, 125.458
27260, 28938, 127, 0, 0, 0.1, 3.41987e+06, 125.458
27261, 24840, 77, 0, 0, 0.1, 3.41995e+06, 125.457
27262, 30472, 137, 2, 0, 0.1, 3.42009e+06, 125.457
27263, 29962, 127, 2, 0, 0.1, 3.42021e+06, 125.457
27264, 30472, 127, 1, 0, 0.1, 3.42034e+06, 125.457
27265, 29189, 137, 1, 0, 0.1, 3.42048e+06, 125.458
27266, 29954, 137, 2, 0, 0.1, 3.42062e+06, 125.458
27267, 29962, 127, 2, 0, 0.1, 3.42074e+06, 125.458
27268, 29960, 127, 2, 0, 0.1, 3.42087e+06, 125.458
27269, 24842, 137, 2, 0, 0.1, 3.42101e+06, 125.459
27270, 31492, 127, 0, 0, 0.1, 3.42113e+06, 125.459
27271, 24842, 127, 2, 0, 0.1, 3.42126e+06, 125.459
27272, 31492, 127, 0, 0, 0.1, 3.42139e+06, 125.459
27273, 24842, 127, 1, 0, 0.1, 3.42151e+06, 125.459
27274, 24842, 117, 0, 0, 0.1, 3.42163e+06, 125.459
27275, 24840, 127, 1, 0, 0.1, 3.42176e+06, 125.459
27276, 28677, 127, 3, 0, 0.1, 3.42188e+06, 125.459
27277, 24840, 127, 0, 0, 0.1, 3.42201e+06, 125.459
27278, 28938, 127, 2, 0, 0.1, 3.42214e+06, 125.459
27279, 24840, 127, 0, 0, 0.1, 3.42227e+06, 125.459
27280, 28938, 127, 0, 1, 0.1, 3.42239e+06, 125.459
27281, 28930, 127, 2, 1, 0.1, 3.42252e+06, 125.459
27282, 28938, 127, 3, 0, 0.1, 3.42265e+06, 125.459
27283, 28938, 117, 0, 0, 0.1, 3.42276e+06, 125.459
27284, 28930, 127, 3, 0, 0.1, 3.42289e+06, 125.459
27285, 28677, 127, 3, 0, 0.1, 3.42302e+06, 125.459
27286, 25864, 127, 1, 0, 0.1, 3.42314e+06, 125.459
27287, 28677, 127, 3, 0, 0.1, 3.42327e+06, 125.459
27288, 25864, 127, 1, 0, 0.1, 3.4234e+06, 125.459
27289, 28677, 127, 1, 0, 0.1, 3.42353e+06, 125.459
27290, 28930, 127, 0, 0, 0.1, 3.42365e+06, 125.459
27291, 28938, 137, 1, 0, 0.1, 3.42379e+06, 125.46
27292, 28938, 117, 0, 0, 0.1, 3.42391e+06, 125.459
27293, 28930, 137, 1, 1, 0.1, 3.42404e+06, 125.46
27294, 28930, 117, 0, 0, 0.1, 3.42416e+06, 125.459
27295, 28938, 137, 1, 0, 0.1, 3.4243e+06, 125.46
27296, 28938, 117, 0, 0, 0.1, 3.42442e+06, 125.459
27297, 29448, 137, 1, 0, 0.1, 3.42455e+06, 125.46
27298, 29189, 127, 3, 0, 0.1, 3.42468e+06, 125.46
27299, 29448, 127, 1, 0, 0.1, 3.42481e+06, 125.46
27300, 29189, 127, 1, 1, 0.1, 3.42493e+06, 125.46
27301, 29699, 137, 0, 0, 0.1, 3.42507e+06, 125.46
27302, 29699, 117, 0, 0, 0.1, 3.42519e+06, 125.46
27303, 29699, 117, 2, 0, 0.1, 3.4253e+06, 125.46
27304, 29706, 127, 0, 0, 0.1, 3.42543e+06, 125.46
27305, 29699, 127, 2, 0, 0.1, 3.42556e+06, 125.46
27306, 29706, 127, 0, 0, 0.1, 3.42568e+06, 125.46
27307, 29699, 127, 2, 0, 0.1, 3.42581e+06, 125.46
27308, 29706, 127, 0, 0, 0.1, 3.42594e+06, 125.46
27309, 29699, 127, 2, 0, 0.1, 3.42607e+06, 125.46
27310, 29706, 127, 2, 0, 0.1, 3.42619e+06, 125.46
27311, 29196, 137, 0, 0, 0.1, 3.42633e+06, 125.461
27312, 24586, 127, 2, 0, 0.1, 3.42646e+06, 125.461
27313, 29196, 127, 2, 1, 0.1, 3.42658e+06, 125.461
27314, 29196, 117, 3, 0, 0.1, 3.4267e+06, 125.46
27315, 29196, 117, 0, 0, 0.1, 3.42682e+06, 125.46
27316, 24586, 127, 0, 0, 0.1, 3.42694e+06, 125.46
27317, 24579, 127, 2, 0, 0.1, 3.42707e+06, 125.46
27318, 24586, 127, 2, 0, 0.1, 3.4272e+06, 125.46
27319, 29196, 127, 1, 0, 0.1, 3.42733e+06, 125.46
27320, 29189, 127, 3, 0, 0.1, 3.42745e+06, 125.46
27321, 29196, 127, 1, 0, 0.1, 3.42758e+06, 125.46
27322, 29189, 127, 1, 0, 0.1, 3.42771e+06, 125.461
27323, 29954, 137, 2, 0, 0.1, 3.42784e+06, 125.461
27324, 29962, 137, 3, 1, 0.1, 3.42798e+06, 125.461
27325, 29962, 117, 2, 0, 0.1, 3.4281e+06, 125.461
27326, 32002, 137, 3, 0, 0.1, 3.42824e+06, 125.461
27327, 30725, 137, 0, 1, 0.1, 3.42837e+06, 125.462
27328, 30725, 117, 3, 0, 0.1, 3.42849e+06, 125.462
27329, 29705, 137, 3, 0, 0.1, 3.42863e+06, 125.462
27330, 29705, 117, 0, 0, 0.1, 3.42874e+06, 125.462
27331, 29705, 117, 0, 1, 0.1, 3.42886e+06, 125.461
27332, 29705, 117, 1, 0, 0.1, 3.42898e+06, 125.461
27333, 28677, 127, 3, 0, 0.1, 3.4291e+06, 125.461
27334, 29705, 127, 3, 0, 0.1, 3.42923e+06, 125.461
27335, 29705, 117, 2, 0, 0.1, 3.42935e+06, 125.461
27336, 16394, 137, 2, 1, 0.1, 3.42948e+06, 125.461
27337, 6, 127, 3, 0, 0.1, 3.42961e+06, 125.461
27338, 5, 127, 3, 0, 0.1, 3.42974e+06, 125.461
27339, 16648, 127, 2, 0, 0.1, 3.42987e+06, 125.461
27340, 24842, 127, 2, 0, 0.1, 3.42999e+06, 125.462
27341, 31492, 127, 3, 0, 0.1, 3.43012e+06, 125.462
27342, 31237, 127, 3, 0, 0.1, 3.43025e+06, 125.462
27343, 32512, 137, 2, 0, 0.1, 3.43038e+06, 125.462
27344, 24842, 137, 1, 1, 0.1, 3.43052e+06, 125.462
27345, 24842, 117, 0, 0, 0.1, 3.43064e+06, 125.462
27346, 31488, 127, 2, 0, 0.1, 3.43076e+06, 125.462
27347, 24842, 127, 3, 1, 0.1, 3.43089e+06, 125.462
27348, 24842, 117, 0, 0, 0.1, 3.43101e+06, 125.462
27349, 31488, 127, 0, 0, 0.1, 3.43114e+06, 125.462
27350, 24842, 127, 0, 1, 0.1, 3.43126e+06, 125.462
27351, 26882, 127, 0, 0, 0.1, 3.43139e+06, 125.462
27352, 16650, 127, 2, 0, 0.1, 3.43152e+06, 125.462
27353, 26882, 127, 3, 0, 0.1, 3.43164e+06, 125.462
27354, 30725, 127, 3, 0, 0.1, 3.43177e+06, 125.462
27355, 31108, 127, 0, 0, 0.1, 3.4319e+06, 125.462
27356, 28938, 137, 1, 0, 0.1, 3.43204e+06, 125.463
27357, 28938, 117, 0, 0, 0.1, 3.43215e+06, 125.462
27358, 28938, 137, 2, 0, 0.1, 3.43229e+06, 125.463
27359, 24906, 127, 2, 0, 0.1, 3.43242e+06, 125.463
27360, 30996, 77, 2, 1, 0.1, 3.43249e+06, 125.461
27361, 30472, 127, 1, 0, 0.1, 3.43262e+06, 125.461
27362, 28677, 137, 3, 0, 0.1, 3.43276e+06, 125.462
27363, 25864, 127, 2, 0, 0.1, 3.43288e+06, 125.462
27364, 29962, 127, 2, 0, 0.1, 3.43301e+06, 125.462
27365, 32002, 127, 2, 0, 0.1, 3.43314e+06, 125.462
27366, 29962, 137, 2, 0, 0.1, 3.43328e+06, 125.462
27367, 32512, 137, 2, 0, 0.1, 3.43341e+06, 125.463
27368, 29962, 137, 1, 0, 0.1, 3.43355e+06, 125.463
27369, 29962, 117, 2, 0, 0.1, 3.43367e+06, 125.463
27370, 29962, 137, 2, 0, 0.1, 3.4338e+06, 125.463
27371, 28940, 137, 0, 0, 0.1, 3.43394e+06, 125.464
27372, 24842, 127, 3, 1, 0.1, 3.43407e+06, 125.464
27373, 24842, 117, 2, 0, 0.1, 3.43418e+06, 125.463
27374, 28940, 127, 3, 1, 0.1, 3.43431e+06, 125.463
27375, 28940, 117, 0, 0, 0.1, 3.43443e+06, 125.463
27376, 24842, 127, 0, 0, 0.1, 3.43456e+06, 125.463
27377, 24842, 127, 2, 0, 0.1, 3.43468e+06, 125.463
27378, 24842, 127, 2, 0, 0.1, 3.43481e+06, 125.463
27379, 28940, 127, 0, 0, 0.1, 3.43494e+06, 125.463
27380, 24842, 127, 0, 0, 0.1, 3.43506e+06, 125.463
27381, 24842, 127, 2, 0, 0.1, 3.43519e+06, 125.463
27382, 24842, 127, 2, 0, 0.1, 3.43532e+06, 125.464
27383, 28940, 127, 1, 0, 0.1, 3.43544e+06, 125.464
27384, 28677, 127, 3, 0, 0.1, 3.43557e+06, 125.464
27385, 28940, 127, 1, 0, 0.1, 3.4357e+06, 125.464
27386, 28677, 127, 1, 0, 0.1, 3.43582e+06, 125.464
27387, 61702, 137, 3, 0, 0.1, 3.43596e+06, 125.464
27388, 61445, 127, 0, 1, 0.1, 3.43609e+06, 125.464
27389, 61445, 117, 3, 0, 0.1, 3.43621e+06, 125.464
27390, 57612, 127, 3, 0, 0.1, 3.43633e+06, 125.464
27391, 57612, 117, 1, 1, 0.1, 3.43645e+06, 125.464
27392, 61445, 127, 1, 0, 0.1, 3.43658e+06, 125.464
27393, 61702, 127, 2, 0, 0.1, 3.4367e+06, 125.464
27394, 61702, 117, 3, 0, 0.1, 3.43682e+06, 125.463
27395, 61445, 127, 3, 0, 0.1, 3.43695e+06, 125.464
27396, 57612, 127, 2, 0, 0.1, 3.43708e+06, 125.464
27397, 57612, 117, 1, 1, 0.1, 3.43719e+06, 125.463
27398, 61445, 127, 1, 0, 0.1, 3.43732e+06, 125.463
27399, 61702, 127, 3, 0, 0.1, 3.43745e+06, 125.463
27400, 61445, 127, 3, 0, 0.1, 3.43757e+06, 125.463
27401, 57612, 127, 0, 0, 0.1, 3.4377e+06, 125.464
27402, 49418, 127, 3, 1, 0.1, 3.43783e+06, 125.464
27403, 49418, 117, 0, 0, 0.1, 3.43794e+06, 125.463
27404, 57610, 127, 0, 0, 0.1, 3.43807e+06, 125.463
27405, 64256, 127, 2, 1, 0.1, 3.4382e+06, 125.463
27406, 57610, 127, 2, 0, 0.1, 3.43832e+06, 125.463
27407, 49418, 127, 3, 0, 0.1, 3.43845e+06, 125.463
27408, 49418, 117, 0, 0, 0.1, 3.43857e+06, 125.463
27409, 57610, 127, 0, 0, 0.1, 3.4387e+06, 125.463
27410, 64384, 127, 1, 0, 0.1, 3.43882e+06, 125.463
27411, 64133, 127, 3, 0, 0.1, 3.43895e+06, 125.463
27412, 64384, 127, 1, 0, 0.1, 3.43908e+06, 125.463
27413, 64133, 127, 1, 0, 0.1, 3.4392e+06, 125.463
27414, 64388, 137, 1, 0, 0.1, 3.43934e+06, 125.464
27415, 64005, 127, 1, 0, 0.1, 3.43947e+06, 125.464
27416, 64643, 137, 1, 0, 0.1, 3.43960e+06, 125.464
27417, 64515, 117, 2, 0, 0.1, 3.43972e+06, 125.464
27418, 57354, 137, 1, 0, 0.1, 3.43986e+06, 125.464
27419, 57354, 117, 2, 0, 0.1, 3.43998e+06, 125.464
27420, 63490, 127, 1, 0, 0.1, 3.4401e+06, 125.464
27421, 63490, 117, 3, 0, 0.1, 3.44022e+06, 125.464
27422, 63493, 127, 1, 0, 0.1, 3.44035e+06, 125.464
27423, 63490, 127, 1, 0, 0.1, 3.44047e+06, 125.464
27424, 63490, 117, 1, 0, 0.1, 3.44059e+06, 125.464
27425, 63490, 117, 1, 0, 0.1, 3.44071e+06, 125.463
27426, 63490, 117, 1, 0, 0.1, 3.44082e+06, 125.463
27427, 63490, 117, 0, 0, 0.1, 3.44094e+06, 125.463
27428, 57354, 127, 2, 0, 0.1, 3.44107e+06, 125.463
27429, 63490, 127, 2, 0, 0.1, 3.4412e+06, 125.463
27430, 61964, 127, 0, 1, 0.1, 3.44132e+06, 125.463
27431, 63490, 127, 1, 0, 0.1, 3.44145e+06, 125.463
27432, 63490, 117, 0, 1, 0.1, 3.44157e+06, 125.463
27433, 57354, 127, 1, 0, 0.1, 3.44169e+06, 125.463
27434, 57354, 117, 2, 0, 0.1, 3.44181e+06, 125.462
27435, 63490, 127, 3, 0, 0.1, 3.44194e+06, 125.462
27436, 63493, 127, 3, 0, 0.1, 3.44206e+06, 125.463
27437, 49161, 137, 2, 0, 0.1, 3.4422e+06, 125.463
27438, 32774, 127, 1, 0, 0.1, 3.44233e+06, 125.463
27439, 32774, 117, 3, 0, 0.1, 3.44245e+06, 125.463
27440, 32773, 127, 1, 0, 0.1, 3.44257e+06, 125.463
27441, 32774, 127, 3, 0, 0.1, 3.4427e+06, 125.463
27442, 32773, 127, 1, 0, 0.1, 3.44283e+06, 125.463
27443, 32774, 127, 1, 1, 0.1, 3.44295e+06, 125.463
27444, 32774, 117, 3, 0, 0.1, 3.44307e+06, 125.463
27445, 32773, 127, 0, 0, 0.1, 3.4432e+06, 125.463
27446, 32773, 117, 0, 0, 0.1, 3.44332e+06, 125.462
27447, 32773, 117, 3, 0, 0.1, 3.44343e+06, 125.462
27448, 33036, 127, 2, 1, 0.1, 3.44356e+06, 125.462
27449, 33036, 117, 3, 0, 0.1, 3.44368e+06, 125.462
27450, 33036, 117, 1, 1, 0.1, 3.44379e+06, 125.462
27451, 32773, 127, 1, 0, 0.1, 3.44392e+06, 125.462
27452, 32774, 127, 0, 1, 0.1, 3.44405e+06, 125.462
27453, 49161, 127, 0, 0, 0.1, 3.44417e+06, 125.462
27454, 49161, 117, 2, 0, 0.1, 3.44429e+06, 125.461
27455, 32774, 127, 0, 0, 0.1, 3.44442e+06, 125.461
27456, 49161, 127, 2, 0, 0.1, 3.44454e+06, 125.461
27457, 32774, 127, 3, 0, 0.1, 3.44467e+06, 125.462
27458, 32773, 127, 3, 0, 0.1, 3.4448e+06, 125.462
27459, 33052, 127, 0, 0, 0.1, 3.44493e+06, 125.462
27460, 49434, 127, 0, 0, 0.1, 3.44505e+06, 125.462
27461, 57626, 127, 0, 0, 0.1, 3.44518e+06, 125.462
27462, 63760, 127, 0, 0, 0.1, 3.44531e+06, 125.462
27463, 61722, 127, 0, 0, 0.1, 3.44543e+06, 125.462
27464, 63890, 127, 3, 0, 0.1, 3.44556e+06, 125.462
27465, 63493, 137, 3, 0, 0.1, 3.4457e+06, 125.462
27466, 63748, 127, 3, 0, 0.1, 3.44582e+06, 125.462
27467, 32773, 137, 1, 1, 0.1, 3.44596e+06, 125.463
27468, 49412, 127, 2, 0, 0.1, 3.44609e+06, 125.463
27469, 49412, 117, 0, 0, 0.1, 3.44621e+06, 125.463
27470, 57610, 127, 0, 0, 0.1, 3.44633e+06, 125.463
27471, 61706, 127, 0, 0, 0.1, 3.44646e+06, 125.463
27472, 61706, 127, 1, 1, 0.1, 3.44659e+06, 125.463
27473, 61706, 117, 2, 0, 0.1, 3.4467e+06, 125.462
27474, 61706, 127, 0, 0, 0.1, 3.44683e+06, 125.462
27475, 61706, 127, 0, 0, 0.1, 3.44696e+06, 125.463
27476, 61706, 137, 0, 0, 0.1, 3.4471e+06, 125.463
27477, 61706, 137, 2, 0, 0.1, 3.44723e+06, 125.463
27478, 61706, 127, 2, 0, 0.1, 3.44736e+06, 125.463
27479, 57610, 127, 2, 0, 0.1, 3.44749e+06, 125.463
27480, 49418, 127, 2, 0, 0.1, 3.44761e+06, 125.464
27481, 33034, 127, 0, 0, 0.1, 3.44774e+06, 125.464
27482, 49418, 127, 3, 0, 0.1, 3.44787e+06, 125.464
27483, 49418, 117, 2, 0, 0.1, 3.44798e+06, 125.463
27484, 33034, 127, 2, 1, 0.1, 3.44811e+06, 125.463
27485, 33044, 127, 2, 0, 0.1, 3.44824e+06, 125.463
27486, 33028, 117, 2, 1, 0.1, 3.44836e+06, 125.463
27487, 260, 117, 1, 0, 0.1, 3.44847e+06, 125.463
27488, 5, 127, 3, 0, 0.1, 3.4486e+06, 125.463
27489, 276, 127, 2, 0, 0.1, 3.44873e+06, 125.463
27490, 260, 117, 0, 0, 0.1, 3.44884e+06, 125.463
27491, 266, 127, 0, 0, 0.1, 3.44897e+06, 125.463
27492, 16666, 127, 2, 0, 0.1, 3.4491e+06, 125.463
27493, 282, 127, 2, 0, 0.1, 3.44922e+06, 125.463
27494, 276, 127, 1, 0, 0.1, 3.44935e+06, 125.463
27495, 5, 127, 1, 0, 0.1, 3.44948e+06, 125.463
27496, 16642, 127, 2, 0, 0.1, 3.44960e+06, 125.463
27497, 24858, 127, 2, 0, 0.1, 3.44973e+06, 125.463
27498, 30992, 127, 3, 0, 0.1, 3.44986e+06, 125.463
27499, 30725, 127, 1, 0, 0.1, 3.44999e+06, 125.463
27500, 30992, 127, 0, 0, 0.1, 3.45011e+06, 125.463
27501, 24842, 77, 0, 0, 0.1, 3.45019e+06, 125.461
27502, 30472, 127, 2, 0, 0.1, 3.45032e+06, 125.462
27503, 29962, 127, 0, 0, 0.1, 3.45044e+06, 125.462
27504, 30472, 127, 0, 0, 0.1, 3.45057e+06, 125.462
27505, 29962, 127, 0, 1, 0.1, 3.4507e+06, 125.462
27506, 32002, 127, 2, 0, 0.1, 3.45082e+06, 125.462
27507, 29962, 127, 0, 0, 0.1, 3.45095e+06, 125.462
27508, 32002, 127, 3, 0, 0.1, 3.45108e+06, 125.462
27509, 30725, 127, 3, 0, 0.1, 3.45121e+06, 125.462
27510, 31745, 137, 3, 0, 0.1, 3.45134e+06, 125.462
27511, 30725, 127, 3, 0, 0.1, 3.45147e+06, 125.462
27512, 30725, 137, 3, 0, 0.1, 3.45161e+06, 125.463
27513, 30725, 127, 1, 0, 0.1, 3.45173e+06, 125.463
27514, 30725, 127, 3, 0, 0.1, 3.45186e+06, 125.463
27515, 30725, 127, 3, 0, 0.1, 3.45199e+06, 125.463
27516, 25673, 137, 1, 0, 0.1, 3.45212e+06, 125.463
27517, 16389, 127, 1, 0, 0.1, 3.45225e+06, 125.463
27518, 24709, 127, 3, 1, 0.1, 3.45238e+06, 125.463
27519, 16517, 77, 2, 0, 0.1, 3.45246e+06, 125.462
27520, 30472, 137, 2, 0, 0.1, 3.45259e+06, 125.462
27521, 25866, 127, 0, 0, 0.1, 3.45272e+06, 125.462
27522, 30472, 127, 1, 0, 0.1, 3.45285e+06, 125.462
27523, 29189, 127, 1, 0, 0.1, 3.45297e+06, 125.462
27524, 29954, 137, 2, 0, 0.1, 3.45311e+06, 125.463
27525, 29962, 127, 0, 0, 0.1, 3.45324e+06, 125.463
27526, 29954, 127, 2, 0, 0.1, 3.45336e+06, 125.463
27527, 29962, 127, 2, 0, 0.1, 3.45349e+06, 125.463
27528, 30472, 127, 1, 0, 0.1, 3.45362e+06, 125.463
27529, 28677, 137, 2, 0, 0.1, 3.45376e+06, 125.463
27530, 28677, 117, 1, 0, 0.1, 3.45387e+06, 125.463
27531, 28934, 127, 3, 0, 0.1, 3.454e+06, 125.463
27532, 28677, 127, 3, 0, 0.1, 3.45413e+06, 125.463
27533, 29960, 127, 2, 0, 0.1, 3.45425e+06, 125.463
27534, 29962, 137, 2, 0, 0.1, 3.45439e+06, 125.464
27535, 31492, 137, 2, 0, 0.1, 3.45453e+06, 125.464
27536, 31492, 117, 3, 0, 0.1, 3.45464e+06, 125.464
27537, 27141, 127, 3, 0, 0.1, 3.45477e+06, 125.464
27538, 32512, 127, 2, 0, 0.1, 3.4549e+06, 125.464
27539, 29962, 127, 0, 0, 0.1, 3.45503e+06, 125.464
27540, 32512, 127, 2, 0, 0.1, 3.45515e+06, 125.464
27541, 29962, 127, 2, 0, 0.1, 3.45528e+06, 125.464
27542, 24842, 137, 2, 0, 0.1, 3.45542e+06, 125.464
27543, 28940, 127, 0, 0, 0.1, 3.45554e+06, 125.465
27544, 24842, 127, 0, 0, 0.1, 3.45567e+06, 125.465
27545, 24842, 127, 0, 0, 0.1, 3.4558e+06, 125.465
27546, 31488, 127, 1, 0, 0.1, 3.45592e+06, 125.465
27547, 27141, 127, 3, 0, 0.1, 3.45605e+06, 125.465
27548, 31488, 127, 0, 0, 0.1, 3.45618e+06, 125.465
27549, 24842, 127, 1, 0, 0.1, 3.45631e+06, 125.465
27550, 24842, 117, 0, 0, 0.1, 3.45642e+06, 125.465
27551, 26882, 127, 3, 0, 0.1, 3.45655e+06, 125.465
27552, 30853, 127, 3, 0, 0.1, 3.45668e+06, 125.465
27553, 31108, 127, 1, 0, 0.1, 3.4568e+06, 125.465
27554, 30853, 127, 3, 0, 0.1, 3.45693e+06, 125.465
27555, 31108, 127, 0, 0, 0.1, 3.45706e+06, 125.465
27556, 29002, 127, 0, 0, 0.1, 3.45718e+06, 125.465
27557, 29002, 127, 0, 0, 0.1, 3.45731e+06, 125.465
27558, 16458, 137, 1, 0, 0.1, 3.45745e+06, 125.465
27559, 16394, 67, 1, 0, 0.1, 3.45752e+06, 125.463
27560, 29962, 117, 2, 0, 0.1, 3.45763e+06, 125.463
27561, 29960, 137, 2, 0, 0.1, 3.45777e+06, 125.463
27562, 29962, 127, 2, 0, 0.1, 3.4579e+06, 125.463
27563, 32002, 137, 2, 0, 0.1, 3.45803e+06, 125.464
27564, 29962, 127, 0, 0, 0.1, 3.45816e+06, 125.464
27565, 32002, 127, 3, 0, 0.1, 3.45829e+06, 125.464
27566, 30725, 137, 3, 0, 0.1, 3.45842e+06, 125.464
27567, 30980, 137, 3, 0, 0.1, 3.45856e+06, 125.465
27568, 30725, 137, 1, 0, 0.1, 3.4587e+06, 125.465
27569, 30980, 127, 0, 0, 0.1, 3.45883e+06, 125.465
27570, 28938, 127, 2, 0, 0.1, 3.45895e+06, 125.465
27571, 30980, 127, 3, 0, 0.1, 3.45908e+06, 125.465
27572, 30725, 127, 3, 0, 0.1, 3.45921e+06, 125.465
27573, 16389, 137, 3, 0, 0.1, 3.45934e+06, 125.466
27574, 5, 127, 2, 0, 0.1, 3.45947e+06, 125.466
27575, 5, 117, 3, 0, 0.1, 3.45959e+06, 125.466
27576, 16652, 127, 2, 0, 0.1, 3.45972e+06, 125.466
27577, 16668, 117, 3, 1, 0.1, 3.45983e+06, 125.465
27578, 16668, 117, 2, 0, 0.1, 3.45995e+06, 125.465
27579, 16652, 67, 3, 0, 0.1, 3.46002e+06, 125.463
27580, 29962, 117, 3, 1, 0.1, 3.46013e+06, 125.463
27581, 29962, 117, 0, 0, 0.1, 3.46025e+06, 125.462
27582, 30472, 137, 2, 0, 0.1, 3.46039e+06, 125.463
27583, 29962, 127, 0, 0, 0.1, 3.46051e+06, 125.463
27584, 30472, 127, 1, 0, 0.1, 3.46064e+06, 125.463
27585, 29189, 127, 3, 0, 0.1, 3.46077e+06, 125.463
27586, 30472, 127, 1, 0, 0.1, 3.4609e+06, 125.463
27587, 29189, 127, 1, 0, 0.1, 3.46102e+06, 125.463
27588, 29954, 137, 3, 0, 0.1, 3.46116e+06, 125.463
27589, 28677, 127, 1, 0, 0.1, 3.46129e+06, 125.463
27590, 29954, 127, 2, 0, 0.1, 3.46141e+06, 125.464
27591, 29962, 137, 0, 0, 0.1, 3.46155e+06, 125.464
27592, 29954, 127, 3, 0, 0.1, 3.46168e+06, 125.464
27593, 28677, 127, 3, 0, 0.1, 3.4618e+06, 125.464
27594, 29960, 127, 2, 0, 0.1, 3.46193e+06, 125.464
27595, 29962, 127, 0, 0, 0.1, 3.46206e+06, 125.464
27596, 29960, 127, 0, 0, 0.1, 3.46218e+06, 125.464
27597, 29962, 137, 2, 0, 0.1, 3.46232e+06, 125.465
27598, 29960, 127, 1, 0, 0.1, 3.46245e+06, 125.465
27599, 24581, 127, 3, 0, 0.1, 3.46258e+06, 125.465
27600, 29960, 127, 0, 0, 0.1, 3.4627e+06, 125.465
27601, 29962, 127, 2, 0, 0.1, 3.46283e+06, 125.465
27602, 29960, 127, 2, 0, 0.1, 3.46296e+06, 125.465
27603, 29962, 127, 2, 0, 0.1, 3.46308e+06, 125.465
27604, 29960, 137, 0, 0, 0.1, 3.46322e+06, 125.465
27605, 29962, 127, 2, 0, 0.1, 3.46335e+06, 125.465
27606, 29960, 127, 0, 1, 0.1, 3.46348e+06, 125.465
27607, 29962, 127, 3, 1, 0.1, 3.4636e+06, 125.466
27608, 29962, 117, 2, 0, 0.1, 3.46372e+06, 125.465
27609, 29960, 127, 2, 0, 0.1, 3.46385e+06, 125.465
27610, 29962, 137, 3, 0, 0.1, 3.46398e+06, 125.466
27611, 29962, 117, 2, 0, 0.1, 3.4641e+06, 125.465
27612, 32002, 137, 2, 1, 0.1, 3.46424e+06, 125.466
27613, 25866, 127, 2, 0, 0.1, 3.46436e+06, 125.466
27614, 32512, 127, 2, 0, 0.1, 3.46449e+06, 125.466
27615, 29962, 127, 2, 0, 0.1, 3.46462e+06, 125.466
27616, 29962, 127, 2, 0, 0.1, 3.46474e+06, 125.466
27617, 29452, 137, 0, 0, 0.1, 3.46488e+06, 125.466
27618, 28938, 127, 0, 0, 0.1, 3.46501e+06, 125.467
27619, 24842, 127, 0, 0, 0.1, 3.46514e+06, 125.467
27620, 31488, 127, 1, 0, 0.1, 3.46526e+06, 125.467
27621, 31237, 127, 1, 1, 0.1, 3.46539e+06, 125.467
27622, 31492, 137, 3, 0, 0.1, 3.46553e+06, 125.467
27623, 31237, 127, 3, 0, 0.1, 3.46565e+06, 125.467
27624, 27392, 127, 2, 0, 0.1, 3.46578e+06, 125.467
27625, 24842, 127, 2, 1, 0.1, 3.46591e+06, 125.467
27626, 28938, 127, 0, 1, 0.1, 3.46604e+06, 125.467
27627, 24842, 127, 0, 0, 0.1, 3.46616e+06, 125.467
27628, 27392, 127, 3, 0, 0.1, 3.46629e+06, 125.467
27629, 18949, 127, 3, 0, 0.1, 3.46642e+06, 125.467
27630, 27141, 127, 3, 0, 0.1, 3.46654e+06, 125.468
27631, 31237, 127, 1, 0, 0.1, 3.46667e+06, 125.468
27632, 27141, 127, 1, 0, 0.1, 3.4668e+06, 125.468
27633, 18949, 127, 1, 1, 0.1, 3.46692e+06, 125.468
27634, 27392, 127, 1, 0, 0.1, 3.46705e+06, 125.468
27635, 31237, 127, 3, 0, 0.1, 3.46718e+06, 125.468
27636, 27392, 127, 2, 0, 0.1, 3.46730e+06, 125.468
27637, 24842, 127, 0, 0, 0.1, 3.46743e+06, 125.468
27638, 27392, 127, 0, 0, 0.1, 3.46756e+06, 125.468
27639, 24842, 127, 3, 0, 0.1, 3.46769e+06, 125.468
27640, 24842, 117, 2, 0, 0.1, 3.4678e+06, 125.468
27641, 27392, 127, 3, 0, 0.1, 3.46793e+06, 125.468
27642, 18949, 127, 1, 0, 0.1, 3.46806e+06, 125.468
27643, 27392, 127, 1, 1, 0.1, 3.46818e+06, 125.468
27644, 31237, 127, 1, 0, 0.1, 3.46831e+06, 125.468
27645, 31492, 127, 2, 1, 0.1, 3.46844e+06, 125.468
27646, 31492, 117, 3, 0, 0.1, 3.46856e+06, 125.468
27647, 31237, 127, 3, 0, 0.1, 3.46868e+06, 125.468
27648, 27392, 127, 2, 0, 0.1, 3.46881e+06, 125.468
27649, 24842, 127, 0, 0, 0.1, 3.46894e+06, 125.468
27650, 27392, 127, 0, 0, 0.1, 3.46906e+06, 125.468
27651, 24842, 127, 2, 0, 0.1, 3.46919e+06, 125.468
27652, 27392, 127, 0, 0, 0.1, 3.46932e+06, 125.468
27653, 24842, 127, 2, 0, 0.1, 3.46944e+06, 125.468
27654, 27392, 127, 0, 0, 0.1, 3.46957e+06, 125.468
27655, 24842, 127, 0, 0, 0.1, 3.4697e+06, 125.468
27656, 30978, 127, 3, 0, 0.1, 3.46982e+06, 125.468
27657, 30725, 127, 0, 1, 0.1, 3.46995e+06, 125.468
27658, 30725, 117, 3, 0, 0.1, 3.47007e+06, 125.468
27659, 26884, 137, 3, 0, 0.1, 3.47021e+06, 125.468
27660, 30725, 127, 1, 0, 0.1, 3.47033e+06, 125.468
27661, 26884, 127, 0, 0, 0.1, 3.47046e+06, 125.469
27662, 28938, 127, 2, 0, 0.1, 3.47059e+06, 125.469
27663, 26884, 127, 0, 0, 0.1, 3.47071e+06, 125.469
27664, 28938, 127, 2, 0, 0.1, 3.47084e+06, 125.469
27665, 26884, 127, 3, 0, 0.1, 3.47097e+06, 125.469
27666, 30725, 127, 1, 0, 0.1, 3.4711e+06, 125.469
27667, 26884, 127, 3, 0, 0.1, 3.47122e+06, 125.469
27668, 30725, 127, 1, 0, 0.1, 3.47135e+06, 125.469
27669, 26884, 127, 0, 0, 0.1, 3.47148e+06, 125.469
27670, 28938, 127, 0, 0, 0.1, 3.4716e+06, 125.469
27671, 28938, 127, 0, 0, 0.1, 3.47173e+06, 125.469
27672, 28938, 137, 3, 0, 0.1, 3.47187e+06, 125.47
27673, 28938, 117, 1, 1, 0.1, 3.47198e+06, 125.469
27674, 28938, 117, 0, 0, 0.1, 3.4721e+06, 125.469
27675, 28938, 137, 0, 0, 0.1, 3.47224e+06, 125.469
27676, 16394, 137, 2, 0, 0.1, 3.47238e+06, 125.47
27677, 10, 127, 2, 0, 0.1, 3.4725e+06, 125.47
27678, 10, 127, 0, 0, 0.1, 3.47263e+06, 125.47
27679, 10, 127, 2, 0, 0.1, 3.47276e+06, 125.47
27680, 10, 127, 0, 0, 0.1, 3.47288e+06, 125.47
27681, 10, 127, 2, 0, 0.1, 3.47301e+06, 125.47
27682, 10, 127, 2, 0, 0.1, 3.47314e+06, 125.47
27683, 10, 127, 2, 0, 0.1, 3.47326e+06, 125.47
27684, 16394, 127, 2, 0, 0.1, 3.47339e+06, 125.47
27685, 26628, 127, 3, 0, 0.1, 3.47352e+06, 125.47
27686, 30725, 127, 1, 0, 0.1, 3.47364e+06, 125.47
27687, 26628, 127, 2, 0, 0.1, 3.47377e+06, 125.47
27688, 26628, 117, 3, 0, 0.1, 3.47389e+06, 125.47
27689, 30725, 127, 3, 0, 0.1, 3.47402e+06, 125.47
27690, 30725, 127, 3, 0, 0.1, 3.47414e+06, 125.47
27691, 24581, 137, 0, 1, 0.1, 3.47428e+06, 125.471
27692, 24581, 117, 1, 0, 0.1, 3.4744e+06, 125.47
27693, 16389, 127, 3, 0, 0.1, 3.47452e+06, 125.47
27694, 24581, 127, 1, 0, 0.1, 3.47465e+06, 125.47
27695, 16389, 127, 2, 1, 0.1, 3.47478e+06, 125.47
27696, 16389, 117, 1, 0, 0.1, 3.4749e+06, 125.47
27697, 5, 127, 3, 0, 0.1, 3.47502e+06, 125.47
27698, 16389, 127, 1, 0, 0.1, 3.47515e+06, 125.47
27699, 5, 127, 0, 0, 0.1, 3.47528e+06, 125.47
27700, 5, 117, 1, 0, 0.1, 3.47539e+06, 125.47
27701, 4, 127, 3, 0, 0.1, 3.47552e+06, 125.47
27702, 5, 127, 1, 0, 0.1, 3.47565e+06, 125.47
27703, 4, 127, 1, 0, 0.1, 3.47577e+06, 125.47
27704, 5, 127, 2, 0, 0.1, 3.4759e+06, 125.47
27705, 5, 117, 3, 0, 0.1, 3.47602e+06, 125.47
27706, 4, 127, 2, 0, 0.1, 3.47614e+06, 125.47
27707, 4, 117, 2, 1, 0.1, 3.47626e+06, 125.47
27708, 4, 117, 1, 0, 0.1, 3.47638e+06, 125.469
27709, 5, 127, 3, 0, 0.1, 3.47651e+06, 125.469
27710, 4, 127, 3, 0, 0.1, 3.47663e+06, 125.469
27711, 5, 127, 2, 0, 0.1, 3.47676e+06, 125.47
27712, 5, 117, 3, 0, 0.1, 3.47688e+06, 125.469
27713, 16389, 127, 1, 0, 0.1, 3.477e+06, 125.469
27714, 5, 127, 2, 1, 0.1, 3.47713e+06, 125.469
27715, 5, 117, 0, 0, 0.1, 3.47725e+06, 125.469
27716, 5, 117, 3, 0, 0.1, 3.47736e+06, 125.469
27717, 16389, 127, 1, 0, 0.1, 3.47749e+06, 125.469
27718, 5, 127, 0, 0, 0.1, 3.47762e+06, 125.469
27719, 5, 117, 0, 0, 0.1, 3.47774e+06, 125.469
27720, 5, 117, 1, 0, 0.1, 3.47785e+06, 125.468
27721, 4, 127, 2, 0, 0.1, 3.47798e+06, 125.468
27722, 4, 117, 3, 0, 0.1, 3.4781e+06, 125.468
27723, 5, 127, 3, 0, 0.1, 3.47822e+06, 125.468
27724, 16389, 127, 1, 0, 0.1, 3.47835e+06, 125.468
27725, 5, 127, 1, 0, 0.1, 3.47848e+06, 125.468
27726, 4, 127, 1, 0, 0.1, 3.47860e+06, 125.468
27727, 5, 127, 3, 0, 0.1, 3.47873e+06, 125.468
27728, 4, 127, 3, 0, 0.1, 3.47886e+06, 125.468
27729, 5, 127, 3, 0, 0.1, 3.47899e+06, 125.468
27730, 16389, 127, 3, 0, 0.1, 3.47911e+06, 125.468
27731, 24581, 127, 1, 0, 0.1, 3.47924e+06, 125.468
27732, 16389, 127, 3, 0, 0.1, 3.47937e+06, 125.469
27733, 24581, 127, 3, 0, 0.1, 3.47949e+06, 125.469
27734, 28940, 127, 1, 0, 0.1, 3.47962e+06, 125.469
27735, 24581, 127, 1, 0, 0.1, 3.47975e+06, 125.469
27736, 16389, 127, 2, 0, 0.1, 3.47988e+06, 125.469
27737, 16389, 117, 0, 1, 0.1, 3.47999e+06, 125.468
27738, 16389, 117, 1, 0, 0.1, 3.48011e+06, 125.468
27739, 5, 127, 3, 0, 0.1, 3.48024e+06, 125.468
27740, 16389, 127, 3, 0, 0.1, 3.48036e+06, 125.468
27741, 24581, 127, 1, 0, 0.1, 3.48049e+06, 125.468
27742, 16389, 127, 2, 1, 0.1, 3.48062e+06, 125.468
27743, 16389, 117, 1, 0, 0.1, 3.48073e+06, 125.468
27744, 5, 127, 0, 0, 0.1, 3.48086e+06, 125.468
27745, 5, 117, 3, 0, 0.1, 3.48098e+06, 125.468
27746, 16389, 127, 1, 0, 0.1, 3.48110e+06, 125.468
27747, 5, 127, 3, 0, 0.1, 3.48123e+06, 125.468
27748, 16389, 127, 3, 0, 0.1, 3.48136e+06, 125.468
27749, 24581, 127, 3, 0, 0.1, 3.48149e+06, 125.468
27750, 28940, 127, 1, 0, 0.1, 3.48161e+06, 125.468
27751, 24581, 127, 3, 0, 0.1, 3.48174e+06, 125.468
27752, 28940, 127, 1, 0, 0.1, 3.48187e+06, 125.468
27753, 24581, 127, 3, 0, 0.1, 3.48199e+06, 125.468
27754, 28940, 127, 1, 0, 0.1, 3.48212e+06, 125.468
27755, 24581, 127, 1, 0, 0.1, 3.48225e+06, 125.468
27756, 16389, 127, 3, 0, 0.1, 3.48238e+06, 125.468
27757, 24581, 127, 3, 0, 0.1, 3.4825e+06, 125.468
27758, 28940, 127, 1, 0, 0.1, 3.48263e+06, 125.468
27759, 24581, 127, 1, 0, 0.1, 3.48276e+06, 125.469
27760, 16389, 127, 3, 0, 0.1, 3.48288e+06, 125.469
27761, 24581, 127, 3, 0, 0.1, 3.48301e+06, 125.469
27762, 28940, 127, 0, 0, 0.1, 3.48314e+06, 125.469
27763, 28954, 127, 2, 1, 0.1, 3.48326e+06, 125.469
27764, 28956, 127, 2, 0, 0.1, 3.48339e+06, 125.469
27765, 28956, 67, 3, 0, 0.1, 3.48346e+06, 125.467
27766, 29962, 117, 2, 0, 0.1, 3.48358e+06, 125.466
27767, 30472, 137, 1, 0, 0.1, 3.48371e+06, 125.467
27768, 28677, 137, 1, 0, 0.1, 3.48385e+06, 125.467
27769, 29954, 127, 2, 0, 0.1, 3.48398e+06, 125.467
27770, 29962, 137, 0, 0, 0.1, 3.48411e+06, 125.468
27771, 29954, 127, 0, 0, 0.1, 3.48424e+06, 125.468
27772, 29962, 127, 0, 0, 0.1, 3.48437e+06, 125.468
27773, 32002, 137, 1, 1, 0.1, 3.4845e+06, 125.468
27774, 32002, 117, 3, 0, 0.1, 3.48462e+06, 125.468
27775, 30725, 127, 3, 0, 0.1, 3.48475e+06, 125.468
27776, 29960, 137, 2, 0, 0.1, 3.48488e+06, 125.468
27777, 29962, 127, 0, 0, 0.1, 3.48501e+06, 125.468
27778, 29960, 127, 1, 0, 0.1, 3.48514e+06, 125.469
27779, 28677, 127, 1, 1, 0.1, 3.48527e+06, 125.469
27780, 25858, 127, 3, 0, 0.1, 3.48539e+06, 125.469
27781, 28677, 127, 3, 0, 0.1, 3.48552e+06, 125.469
27782, 29960, 127, 1, 0, 0.1, 3.48565e+06, 125.469
27783, 28677, 127, 1, 0, 0.1, 3.48577e+06, 125.469
27784, 25858, 127, 2, 0, 0.1, 3.4859e+06, 125.469
27785, 25866, 127, 2, 0, 0.1, 3.48603e+06, 125.469
27786, 29954, 127, 2, 0, 0.1, 3.48616e+06, 125.469
27787, 29962, 127, 2, 0, 0.1, 3.48628e+06, 125.469
27788, 30472, 137, 1, 0, 0.1, 3.48642e+06, 125.469
27789, 28677, 137, 0, 1, 0.1, 3.48656e+06, 125.47
27790, 28677, 117, 1, 0, 0.1, 3.48667e+06, 125.47
27791, 28934, 127, 3, 0, 0.1, 3.4868e+06, 125.47
27792, 28677, 127, 3, 0, 0.1, 3.48693e+06, 125.47
27793, 29960, 127, 2, 0, 0.1, 3.48705e+06, 125.47
27794, 29962, 137, 2, 0, 0.1, 3.48719e+06, 125.47
27795, 31492, 137, 1, 1, 0.1, 3.48733e+06, 125.471
27796, 30725, 137, 3, 0, 0.1, 3.48746e+06, 125.471
27797, 30980, 127, 0, 0, 0.1, 3.48759e+06, 125.471
27798, 24842, 127, 0, 0, 0.1, 3.48772e+06, 125.471
27799, 24840, 127, 2, 0, 0.1, 3.48785e+06, 125.471
27800, 24842, 127, 2, 0, 0.1, 3.48797e+06, 125.471
27801, 30980, 127, 3, 0, 0.1, 3.4881e+06, 125.471
27802, 30725, 127, 3, 0, 0.1, 3.48823e+06, 125.471
27803, 32000, 137, 0, 0, 0.1, 3.48836e+06, 125.472
27804, 29962, 137, 3, 0, 0.1, 3.4885e+06, 125.472
27805, 29962, 117, 2, 0, 0.1, 3.48862e+06, 125.472
27806, 27904, 127, 2, 0, 0.1, 3.48874e+06, 125.472
27807, 29962, 127, 0, 1, 0.1, 3.48887e+06, 125.472
27808, 27904, 127, 0, 0, 0.1, 3.489e+06, 125.472
27809, 29962, 127, 2, 0, 0.1, 3.48913e+06, 125.472
27810, 27904, 127, 3, 0, 0.1, 3.48925e+06, 125.472
27811, 18437, 127, 1, 0, 0.1, 3.48938e+06, 125.472
27812, 27904, 127, 1, 0, 0.1, 3.48951e+06, 125.472
27813, 18437, 127, 3, 0, 0.1, 3.48963e+06, 125.472
27814, 27904, 127, 3, 0, 0.1, 3.48976e+06, 125.472
27815, 18437, 127, 1, 0, 0.1, 3.48989e+06, 125.472
27816, 27904, 127, 2, 0, 0.1, 3.49002e+06, 125.472
27817, 29962, 127, 2, 0, 0.1, 3.49014e+06, 125.472
27818, 29962, 127, 2, 0, 0.1, 3.49027e+06, 125.473
27819, 28940, 137, 3, 0, 0.1, 3.49041e+06, 125.473
27820, 28940, 117, 0, 0, 0.1, 3.49052e+06, 125.473
27821, 24842, 127, 0, 0, 0.1, 3.49065e+06, 125.473
27822, 16650, 127, 0, 0, 0.1, 3.49078e+06, 125.473
27823, 26880, 127, 3, 0, 0.1, 3.4909e+06, 125.473
27824, 18437, 127, 1, 0, 0.1, 3.49103e+06, 125.473
27825, 26880, 127, 1, 1, 0.1, 3.49116e+06, 125.473
27826, 18437, 127, 3, 0, 0.1, 3.49128e+06, 125.473
27827, 26880, 127, 3, 0, 0.1, 3.49141e+06, 125.473
27828, 18437, 127, 3, 0, 0.1, 3.49154e+06, 125.473
27829, 26629, 127, 3, 0, 0.1, 3.49167e+06, 125.473
27830, 30725, 127, 1, 0, 0.1, 3.49179e+06, 125.473
27831, 26629, 127, 3, 0, 0.1, 3.49192e+06, 125.473
27832, 30725, 127, 3, 0, 0.1, 3.49205e+06, 125.473
27833, 31745, 127, 3, 0, 0.1, 3.49217e+06, 125.473
27834, 2053, 137, 3, 0, 0.1, 3.49231e+06, 125.474
27835, 18437, 127, 3, 0, 0.1, 3.49244e+06, 125.474
27836, 26629, 127, 1, 0, 0.1, 3.49256e+06, 125.474
27837, 18437, 127, 3, 0, 0.1, 3.49269e+06, 125.474
27838, 26629, 127, 3, 0, 0.1, 3.49282e+06, 125.474
27839, 31745, 127, 1, 0, 0.1, 3.49295e+06, 125.474
27840, 26629, 127, 1, 0, 0.1, 3.49307e+06, 125.474
27841, 18437, 127, 3, 0, 0.1, 3.4932e+06, 125.474
27842, 26629, 127, 1, 1, 0.1, 3.49333e+06, 125.474
27843, 18437, 127, 1, 0, 0.1, 3.49345e+06, 125.474
27844, 2053, 127, 1, 0, 0.1, 3.49358e+06, 125.474
27845, 3073, 127, 1, 0, 0.1, 3.49371e+06, 125.474
27846, 2053, 127, 2, 0, 0.1, 3.49384e+06, 125.474
27847, 2053, 117, 2, 0, 0.1, 3.49395e+06, 125.474
27848, 2053, 117, 3, 1, 0.1, 3.49407e+06, 125.474
27849, 3073, 127, 0, 0, 0.1, 3.4942e+06, 125.474
27850, 3073, 117, 2, 0, 0.1, 3.49431e+06, 125.474
27851, 1034, 127, 2, 0, 0.1, 3.49444e+06, 125.474
27852, 1034, 127, 0, 0, 0.1, 3.49457e+06, 125.474
27853, 1034, 127, 2, 0, 0.1, 3.49469e+06, 125.474
27854, 1034, 127, 2, 0, 0.1, 3.49482e+06, 125.474
27855, 17418, 127, 2, 0, 0.1, 3.49495e+06, 125.474
27856, 25610, 127, 2, 0, 0.1, 3.49508e+06, 125.474
27857, 29706, 127, 1, 1, 0.1, 3.4952e+06, 125.474
27858, 29706, 117, 0, 0, 0.1, 3.49532e+06, 125.474
27859, 25610, 127, 2, 0, 0.1, 3.49545e+06, 125.474
27860, 29706, 127, 0, 0, 0.1, 3.49557e+06, 125.474
27861, 25610, 127, 2, 0, 0.1, 3.4957e+06, 125.474
27862, 29706, 127, 2, 0, 0.1, 3.49583e+06, 125.474
27863, 29706, 127, 2, 0, 0.1, 3.49595e+06, 125.474
27864, 29706, 137, 0, 0, 0.1, 3.49609e+06, 125.474
27865, 29706, 127, 2, 0, 0.1, 3.49622e+06, 125.474
27866, 29706, 127, 2, 0, 0.1, 3.49634e+06, 125.474
27867, 29706, 137, 2, 0, 0.1, 3.49648e+06, 125.475
27868, 31364, 137, 3, 0, 0.1, 3.49662e+06, 125.475
27869, 31365, 137, 3, 0, 0.1, 3.49676e+06, 125.476
27870, 31237, 137, 1, 0, 0.1, 3.49689e+06, 125.476
27871, 31365, 127, 3, 1, 0.1, 3.49702e+06, 125.476
27872, 31365, 127, 1, 0, 0.1, 3.49715e+06, 125.476
27873, 31365, 127, 1, 0, 0.1, 3.49727e+06, 125.476
27874, 31236, 127, 3, 0, 0.1, 3.4974e+06, 125.476
27875, 31365, 127, 1, 0, 0.1, 3.49753e+06, 125.476
27876, 31236, 127, 3, 0, 0.1, 3.49766e+06, 125.476
27877, 31365, 127, 2, 0, 0.1, 3.49778e+06, 125.476
27878, 31237, 117, 3, 0, 0.1, 3.4979e+06, 125.476
27879, 31237, 127, 1, 0, 0.1, 3.49803e+06, 125.476
27880, 31237, 127, 1, 0, 0.1, 3.49815e+06, 125.476
27881, 31236, 127, 0, 0, 0.1, 3.49828e+06, 125.476
27882, 28682, 127, 2, 0, 0.1, 3.49841e+06, 125.476
27883, 31236, 127, 0, 0, 0.1, 3.49853e+06, 125.476
27884, 28682, 127, 0, 0, 0.1, 3.49866e+06, 125.476
27885, 24586, 127, 1, 1, 0.1, 3.49879e+06, 125.477
27886, 24586, 117, 2, 0, 0.1, 3.49890e+06, 125.476
27887, 28682, 127, 0, 0, 0.1, 3.49903e+06, 125.476
27888, 24586, 127, 2, 0, 0.1, 3.49916e+06, 125.476
27889, 28682, 127, 2, 0, 0.1, 3.49929e+06, 125.476
27890, 31236, 127, 0, 0, 0.1, 3.49941e+06, 125.476
27891, 28682, 127, 2, 0, 0.1, 3.49954e+06, 125.477
27892, 31236, 127, 3, 0, 0.1, 3.49967e+06, 125.477
27893, 31237, 127, 3, 0, 0.1, 3.49979e+06, 125.477
27894, 31237, 127, 0, 0, 0.1, 3.49992e+06, 125.477
27895, 31237, 117, 3, 1, 0.1, 3.50004e+06, 125.476
27896, 31237, 137, 3, 0, 0.1, 3.50018e+06, 125.477
27897, 31492, 87, 3, 0, 0.1, 3.50026e+06, 125.475
27898, 29962, 117, 0, 0, 0.1, 3.50038e+06, 125.475
27899, 25864, 127, 2, 0, 0.1, 3.50051e+06, 125.475
27900, 29962, 127, 2, 0, 0.1, 3.50063e+06, 125.475
27901, 30472, 127, 1, 0, 0.1, 3.50076e+06, 125.475
27902, 28677, 137, 3, 0, 0.1, 3.5009e+06, 125.476
27903, 29960, 127, 2, 0, 0.1, 3.50102e+06, 125.476
27904, 29962, 137, 2, 0, 0.1, 3.50116e+06, 125.476
27905, 32002, 137, 3, 0, 0.1, 3.5013e+06, 125.477
27906, 30725, 137, 2, 1, 0.1, 3.50144e+06, 125.477
27907, 30725, 117, 3, 0, 0.1, 3.50155e+06, 125.477
27908, 30980, 137, 3, 0, 0.1, 3.50169e+06, 125.477
27909, 30725, 127, 3, 0, 0.1, 3.50182e+06, 125.477
27910, 30725, 137, 1, 0, 0.1, 3.50195e+06, 125.478
27911, 30725, 127, 1, 1, 0.1, 3.50208e+06, 125.478
27912, 30980, 127, 3, 0, 0.1, 3.50221e+06, 125.478
27913, 30725, 127, 3, 0, 0.1, 3.50233e+06, 125.478
27914, 30725, 127, 0, 1, 0.1, 3.50246e+06, 125.478
27915, 30725, 117, 3, 0, 0.1, 3.50258e+06, 125.477
27916, 28677, 137, 3, 0, 0.1, 3.50272e+06, 125.478
27917, 28940, 127, 1, 0, 0.1, 3.50284e+06, 125.478
27918, 28677, 127, 3, 0, 0.1, 3.50297e+06, 125.478
27919, 28940, 127, 0, 1, 0.1, 3.5031e+06, 125.478
27920, 24858, 137, 3, 0, 0.1, 3.50323e+06, 125.478
27921, 24858, 67, 3, 0, 0.1, 3.5033e+06, 125.476
27922, 29962, 117, 3, 1, 0.1, 3.50342e+06, 125.476
27923, 29962, 117, 2, 0, 0.1, 3.50353e+06, 125.476
27924, 29960, 137, 2, 0, 0.1, 3.50367e+06, 125.476
27925, 25866, 127, 2, 0, 0.1, 3.5038e+06, 125.476
27926, 32002, 127, 3, 0, 0.1, 3.50392e+06, 125.476
27927, 30725, 127, 3, 0, 0.1, 3.50405e+06, 125.476
27928, 30980, 127, 3, 0, 0.1, 3.50418e+06, 125.476
27929, 30725, 137, 1, 0, 0.1, 3.50432e+06, 125.477
27930, 30980, 127, 3, 0, 0.1, 3.50444e+06, 125.477
27931, 30725, 127, 3, 0, 0.1, 3.50457e+06, 125.477
27932, 30725, 137, 3, 0, 0.1, 3.50471e+06, 125.477
27933, 28677, 137, 1, 0, 0.1, 3.50484e+06, 125.478
27934, 24581, 127, 3, 0, 0.1, 3.50497e+06, 125.478
27935, 28677, 127, 1, 0, 0.1, 3.5051e+06, 125.478
27936, 24581, 127, 1, 0, 0.1, 3.50522e+06, 125.478
27937, 28677, 127, 3, 0, 0.1, 3.50535e+06, 125.478
27938, 24581, 127, 0, 1, 0.1, 3.50548e+06, 125.478
27939, 24581, 117, 3, 0, 0.1, 3.5056e+06, 125.478
27940, 28677, 127, 1, 0, 0.1, 3.50572e+06, 125.478
27941, 24581, 127, 3, 0, 0.1, 3.50585e+06, 125.478
27942, 28677, 127, 1, 0, 0.1, 3.50598e+06, 125.478
27943, 24581, 127, 3, 0, 0.1, 3.5061e+06, 125.478
27944, 28677, 127, 3, 0, 0.1, 3.50623e+06, 125.478
27945, 28940, 127, 1, 0, 0.1, 3.50636e+06, 125.478
27946, 28677, 127, 3, 0, 0.1, 3.50648e+06, 125.478
27947, 28940, 127, 1, 0, 0.1, 3.50661e+06, 125.478
27948, 28677, 127, 0, 1, 0.1, 3.50674e+06, 125.478
27949, 28677, 117, 1, 0, 0.1, 3.50686e+06, 125.478
27950, 24581, 127, 3, 0, 0.1, 3.50698e+06, 125.478
27951, 28677, 127, 3, 0, 0.1, 3.50711e+06, 125.478
27952, 28940, 127, 0, 0, 0.1, 3.50724e+06, 125.478
27953, 28954, 137, 0, 0, 0.1, 3.50737e+06, 125.478
27954, 28992, 87, 3, 0, 0.1, 3.50746e+06, 125.477
27955, 29962, 117, 0, 0, 0.1, 3.50758e+06, 125.477
27956, 29960, 127, 2, 0, 0.1, 3.50770e+06, 125.477
27957, 29962, 127, 2, 0, 0.1, 3.50783e+06, 125.477
27958, 30472, 127, 0, 0, 0.1, 3.50796e+06, 125.477
27959, 29962, 127, 2, 0, 0.1, 3.50809e+06, 125.477
27960, 30472, 127, 1, 0, 0.1, 3.50821e+06, 125.477
27961, 28677, 137, 3, 0, 0.1, 3.50835e+06, 125.477
27962, 29960, 127, 1, 0, 0.1, 3.50848e+06, 125.478
27963, 28677, 127, 3, 0, 0.1, 3.5086e+06, 125.478
27964, 29960, 127, 2, 0, 0.1, 3.50873e+06, 125.478
27965, 29962, 137, 2, 0, 0.1, 3.50887e+06, 125.478
27966, 32002, 137, 3, 0, 0.1, 3.50900e+06, 125.478
27967, 30725, 137, 3, 0, 0.1, 3.50914e+06, 125.479
27968, 30980, 137, 2, 0, 0.1, 3.50928e+06, 125.479
27969, 30980, 117, 0, 0, 0.1, 3.5094e+06, 125.479
27970, 28938, 137, 2, 0, 0.1, 3.50953e+06, 125.479
27971, 30980, 127, 1, 1, 0.1, 3.50966e+06, 125.479
27972, 30725, 127, 1, 0, 0.1, 3.50979e+06, 125.479
27973, 27906, 127, 0, 0, 0.1, 3.50991e+06, 125.48
27974, 17674, 127, 2, 0, 0.1, 3.51004e+06, 125.48
27975, 27906, 127, 2, 0, 0.1, 3.51017e+06, 125.48
27976, 29962, 127, 0, 0, 0.1, 3.5103e+06, 125.48
27977, 27906, 127, 3, 0, 0.1, 3.51042e+06, 125.48
27978, 30725, 127, 3, 0, 0.1, 3.51055e+06, 125.48
27979, 30980, 127, 3, 0, 0.1, 3.51068e+06, 125.48
27980, 30725, 137, 1, 0, 0.1, 3.51081e+06, 125.48
27981, 30980, 127, 0, 0, 0.1, 3.51094e+06, 125.48
27982, 24842, 127, 0, 0, 0.1, 3.51107e+06, 125.48
27983, 24842, 127, 2, 0, 0.1, 3.51119e+06, 125.48
27984, 24842, 127, 2, 0, 0.1, 3.51132e+06, 125.481
27985, 30980, 127, 0, 0, 0.1, 3.51145e+06, 125.481
27986, 24842, 127, 0, 0, 0.1, 3.51158e+06, 125.481
27987, 24842, 127, 0, 0, 0.1, 3.5117e+06, 125.481
27988, 28938, 127, 0, 0, 0.1, 3.51183e+06, 125.481
27989, 28938, 127, 0, 0, 0.1, 3.51196e+06, 125.481
27990, 28938, 137, 0, 0, 0.1, 3.51209e+06, 125.481
27991, 31233, 137, 2, 0, 0.1, 3.51223e+06, 125.482
27992, 28682, 127, 2, 0, 0.1, 3.51236e+06, 125.482
27993, 24586, 127, 2, 0, 0.1, 3.51248e+06, 125.482
27994, 16394, 127, 2, 0, 0.1, 3.51261e+06, 125.482
27995, 16394, 127, 0, 0, 0.1, 3.51274e+06, 125.482
27996, 16394, 127, 2, 1, 0.1, 3.51286e+06, 125.482
27997, 16394, 127, 2, 0, 0.1, 3.51299e+06, 125.482
27998, 24586, 127, 2, 0, 0.1, 3.51312e+06, 125.482
27999, 30724, 127, 3, 0, 0.1, 3.51325e+06, 125.482
28000, 30725, 127, 1, 0, 0.1, 3.51337e+06, 125.482
28001, 30724, 127, 3, 0, 0.1, 3.5135e+06, 125.482
28002, 30725, 127, 3, 0, 0.1, 3.51363e+06, 125.482
28003, 24581, 137, 3, 0, 0.1, 3.51376e+06, 125.483
28004, 28677, 127, 1, 0, 0.1, 3.51389e+06, 125.483
28005, 24581, 127, 3, 0, 0.1, 3.51402e+06, 125.483
28006, 28677, 127, 3, 0, 0.1, 3.51414e+06, 125.483
28007, 28940, 127, 1, 0, 0.1, 3.51427e+06, 125.483
28008, 28677, 127, 1, 0, 0.1, 3.5144e+06, 125.483
28009, 24581, 127, 3, 0, 0.1, 3.51453e+06, 125.483
28010, 28677, 127, 0, 0, 0.1, 3.51465e+06, 125.483
28011, 28677, 117, 3, 0, 0.1, 3.51477e+06, 125.483
28012, 28940, 127, 0, 0, 0.1, 3.5149e+06, 125.483
28013, 28954, 137, 0, 0, 0.1, 3.51503e+06, 125.483
28014, 29504, 77, 1, 1, 0.1, 3.51511e+06, 125.481
28015, 29962, 117, 0, 1, 0.1, 3.51523e+06, 125.481
28016, 30472, 127, 1, 0, 0.1, 3.51536e+06, 125.481
28017, 29189, 127, 1, 0, 0.1, 3.51548e+06, 125.481
28018, 29954, 137, 2, 0, 0.1, 3.51562e+06, 125.482
28019, 25866, 127, 0, 0, 0.1, 3.51575e+06, 125.482
28020, 29954, 127, 0, 0, 0.1, 3.51587e+06, 125.482
28021, 29962, 127, 2, 0, 0.1, 3.516e+06, 125.482
28022, 29954, 127, 2, 0, 0.1, 3.51613e+06, 125.482
28023, 25866, 127, 2, 0, 0.1, 3.51625e+06, 125.482
28024, 32002, 127, 2, 0, 0.1, 3.51638e+06, 125.482
28025, 29962, 127, 2, 0, 0.1, 3.51651e+06, 125.482
28026, 30472, 137, 1, 0, 0.1, 3.51664e+06, 125.482
28027, 29189, 137, 3, 0, 0.1, 3.51678e+06, 125.483
28028, 30472, 127, 1, 1, 0.1, 3.51691e+06, 125.483
28029, 29189, 127, 1, 0, 0.1, 3.51704e+06, 125.483
28030, 28934, 137, 3, 0, 0.1, 3.51717e+06, 125.483
28031, 28677, 127, 1, 0, 0.1, 3.5173e+06, 125.483
28032, 28934, 127, 0, 0, 0.1, 3.51743e+06, 125.483
28033, 24586, 137, 1, 1, 0.1, 3.51756e+06, 125.484
28034, 24586, 117, 2, 0, 0.1, 3.51768e+06, 125.484
28035, 24582, 127, 3, 0, 0.1, 3.51781e+06, 125.484
28036, 28677, 127, 0, 1, 0.1, 3.51794e+06, 125.484
28037, 28677, 117, 3, 0, 0.1, 3.51805e+06, 125.483
28038, 29960, 127, 0, 0, 0.1, 3.51818e+06, 125.483
28039, 29962, 127, 3, 1, 0.1, 3.51831e+06, 125.483
28040, 29962, 117, 2, 0, 0.1, 3.51842e+06, 125.483
28041, 29960, 127, 2, 0, 0.1, 3.51855e+06, 125.483
28042, 28938, 137, 0, 0, 0.1, 3.51869e+06, 125.484
28043, 24840, 127, 1, 0, 0.1, 3.51881e+06, 125.484
28044, 16389, 127, 1, 0, 0.1, 3.51894e+06, 125.484
28045, 16390, 127, 0, 0, 0.1, 3.51907e+06, 125.484
28046, 24586, 127, 0, 0, 0.1, 3.5192e+06, 125.484
28047, 29193, 127, 1, 0, 0.1, 3.51932e+06, 125.484
28048, 29189, 127, 3, 0, 0.1, 3.51945e+06, 125.484
28049, 29193, 127, 1, 0, 0.1, 3.51958e+06, 125.484
28050, 29189, 127, 3, 0, 0.1, 3.5197e+06, 125.484
28051, 29193, 127, 1, 0, 0.1, 3.51983e+06, 125.484
28052, 29189, 127, 1, 0, 0.1, 3.51996e+06, 125.484
28053, 29954, 137, 3, 0, 0.1, 3.52009e+06, 125.485
28054, 28677, 127, 1, 0, 0.1, 3.52022e+06, 125.485
28055, 29954, 127, 2, 0, 0.1, 3.52035e+06, 125.485
28056, 29962, 137, 2, 0, 0.1, 3.52048e+06, 125.485
28057, 25866, 137, 0, 0, 0.1, 3.52062e+06, 125.486
28058, 17674, 127, 2, 0, 0.1, 3.52075e+06, 125.486
28059, 25866, 127, 2, 0, 0.1, 3.52088e+06, 125.486
28060, 29962, 127, 2, 0, 0.1, 3.521e+06, 125.486
28061, 29962, 127, 2, 0, 0.1, 3.52113e+06, 125.486
28062, 29962, 137, 2, 0, 0.1, 3.52127e+06, 125.486
28063, 29962, 137, 2, 0, 0.1, 3.5214e+06, 125.487
28064, 262, 137, 1, 0, 0.1, 3.52154e+06, 125.487
28065, 262, 117, 2, 0, 0.1, 3.52166e+06, 125.487
28066, 262, 117, 0, 0, 0.1, 3.52178e+06, 125.486
28067, 266, 127, 2, 0, 0.1, 3.5219e+06, 125.486
28068, 262, 127, 2, 0, 0.1, 3.52203e+06, 125.486
28069, 262, 117, 0, 0, 0.1, 3.52215e+06, 125.486
28070, 266, 127, 2, 0, 0.1, 3.52227e+06, 125.486
28071, 262, 127, 3, 1, 0.1, 3.5224e+06, 125.486
28072, 16389, 127, 3, 0, 0.1, 3.52253e+06, 125.486
28073, 24844, 127, 2, 1, 0.1, 3.52265e+06, 125.486
28074, 24844, 117, 0, 1, 0.1, 3.52277e+06, 125.486
28075, 30978, 127, 0, 0, 0.1, 3.5229e+06, 125.486
28076, 28938, 127, 2, 0, 0.1, 3.52302e+06, 125.486
28077, 30978, 127, 3, 0, 0.1, 3.52315e+06, 125.486
28078, 30725, 127, 3, 0, 0.1, 3.52328e+06, 125.486
28079, 28681, 137, 3, 0, 0.1, 3.52342e+06, 125.487
28080, 28681, 117, 3, 0, 0.1, 3.52353e+06, 125.486
28081, 28681, 117, 2, 0, 0.1, 3.52365e+06, 125.486
28082, 63494, 137, 3, 0, 0.1, 3.52379e+06, 125.487
28083, 63493, 137, 1, 0, 0.1, 3.52392e+06, 125.487
28084, 63494, 127, 3, 0, 0.1, 3.52405e+06, 125.487
28085, 63493, 127, 1, 0, 0.1, 3.52418e+06, 125.487
28086, 63494, 127, 3, 0, 0.1, 3.52430e+06, 125.487
28087, 63493, 127, 3, 0, 0.1, 3.52443e+06, 125.487
28088, 57612, 137, 3, 0, 0.1, 3.52457e+06, 125.488
28089, 57612, 117, 0, 0, 0.1, 3.52469e+06, 125.487
28090, 61706, 127, 2, 0, 0.1, 3.52481e+06, 125.487
28091, 57612, 127, 1, 1, 0.1, 3.52494e+06, 125.487
28092, 49157, 127, 3, 0, 0.1, 3.52507e+06, 125.487
28093, 57612, 127, 3, 0, 0.1, 3.52519e+06, 125.487
28094, 57612, 117, 2, 0, 0.1, 3.52531e+06, 125.487
28095, 57612, 117, 0, 0, 0.1, 3.52543e+06, 125.487
28096, 61706, 127, 0, 0, 0.1, 3.52556e+06, 125.487
28097, 61706, 127, 0, 0, 0.1, 3.52568e+06, 125.487
28098, 64256, 137, 2, 0, 0.1, 3.52582e+06, 125.487
28099, 61706, 127, 0, 0, 0.1, 3.52595e+06, 125.487
28100, 64256, 127, 2, 0, 0.1, 3.52607e+06, 125.487
28101, 61706, 127, 3, 0, 0.1, 3.5262e+06, 125.488
28102, 61706, 117, 0, 0, 0.1, 3.52632e+06, 125.487
28103, 64256, 127, 0, 0, 0.1, 3.52644e+06, 125.487
28104, 61706, 137, 0, 1, 0.1, 3.52658e+06, 125.488
28105, 63746, 137, 1, 0, 0.1, 3.52672e+06, 125.488
28106, 63746, 117, 0, 0, 0.1, 3.52684e+06, 125.488
28107, 61706, 137, 1, 0, 0.1, 3.52697e+06, 125.488
28108, 61706, 117, 0, 0, 0.1, 3.52709e+06, 125.488
28109, 57608, 137, 3, 0, 0.1, 3.52723e+06, 125.488
28110, 57608, 117, 0, 0, 0.1, 3.52734e+06, 125.488
28111, 61706, 127, 2, 0, 0.1, 3.52747e+06, 125.488
28112, 57608, 127, 0, 0, 0.1, 3.5276e+06, 125.488
28113, 61706, 127, 2, 0, 0.1, 3.52772e+06, 125.488
28114, 57608, 127, 0, 0, 0.1, 3.52785e+06, 125.488
28115, 61706, 127, 2, 0, 0.1, 3.52798e+06, 125.488
28116, 57608, 127, 0, 0, 0.1, 3.52810e+06, 125.488
28117, 61706, 127, 2, 0, 0.1, 3.52823e+06, 125.488
28118, 57608, 127, 2, 0, 0.1, 3.52836e+06, 125.488
28119, 61706, 127, 0, 1, 0.1, 3.52849e+06, 125.489
28120, 57608, 127, 2, 0, 0.1, 3.52861e+06, 125.489
28121, 61706, 127, 2, 0, 0.1, 3.52874e+06, 125.489
28122, 63746, 127, 0, 0, 0.1, 3.52887e+06, 125.489
28123, 61706, 127, 0, 0, 0.1, 3.52899e+06, 125.489
28124, 57608, 127, 2, 0, 0.1, 3.52912e+06, 125.489
28125, 61706, 127, 2, 0, 0.1, 3.52925e+06, 125.489
28126, 63746, 127, 3, 0, 0.1, 3.52938e+06, 125.489
28127, 63493, 137, 3, 0, 0.1, 3.52951e+06, 125.489
28128, 63748, 127, 0, 0, 0.1, 3.52964e+06, 125.489
28129, 61706, 127, 0, 0, 0.1, 3.52977e+06, 125.489
28130, 61706, 137, 0, 0, 0.1, 3.5299e+06, 125.49
28131, 61706, 127, 3, 0, 0.1, 3.53003e+06, 125.49
28132, 61706, 117, 3, 1, 0.1, 3.53015e+06, 125.49
28133, 61706, 117, 2, 0, 0.1, 3.53026e+06, 125.489
28134, 61706, 127, 0, 0, 0.1, 3.53039e+06, 125.489
28135, 61706, 127, 2, 0, 0.1, 3.53052e+06, 125.489
28136, 61706, 127, 0, 0, 0.1, 3.53064e+06, 125.489
28137, 61706, 127, 0, 0, 0.1, 3.53077e+06, 125.489
28138, 61706, 137, 0, 0, 0.1, 3.53091e+06, 125.49
28139, 61706, 127, 0, 0, 0.1, 3.53104e+06, 125.49
28140, 64129, 137, 3, 0, 0.1, 3.53117e+06, 125.49
28141, 64133, 137, 1, 0, 0.1, 3.53131e+06, 125.491
28142, 64001, 127, 3, 0, 0.1, 3.53144e+06, 125.491
28143, 64005, 127, 0, 0, 0.1, 3.53156e+06, 125.491
28144, 64005, 117, 0, 0, 0.1, 3.53168e+06, 125.491
28145, 64005, 117, 1, 0, 0.1, 3.5318e+06, 125.49
28146, 64001, 127, 2, 0, 0.1, 3.53192e+06, 125.49
28147, 61450, 127, 2, 0, 0.1, 3.53205e+06, 125.49
28148, 57354, 127, 3, 0, 0.1, 3.53218e+06, 125.49
28149, 57354, 117, 2, 0, 0.1, 3.5323e+06, 125.49
28150, 49162, 127, 0, 0, 0.1, 3.53242e+06, 125.49
28151, 57354, 127, 0, 0, 0.1, 3.53255e+06, 125.49
28152, 61450, 127, 3, 0, 0.1, 3.53268e+06, 125.49
28153, 61450, 117, 3, 0, 0.1, 3.53279e+06, 125.49
28154, 61450, 117, 2, 0, 0.1, 3.53291e+06, 125.49
28155, 57354, 127, 3, 1, 0.1, 3.53304e+06, 125.49
28156, 57354, 117, 2, 1, 0.1, 3.53316e+06, 125.489
28157, 49162, 127, 0, 0, 0.1, 3.53328e+06, 125.489
28158, 57354, 127, 2, 0, 0.1, 3.53341e+06, 125.49
28159, 49162, 127, 2, 0, 0.1, 3.53354e+06, 125.49
28160, 57354, 127, 2, 0, 0.1, 3.53366e+06, 125.49
28161, 61450, 127, 2, 0, 0.1, 3.53379e+06, 125.49
28162, 63492, 127, 1, 0, 0.1, 3.53392e+06, 125.49
28163, 63493, 127, 1, 0, 0.1, 3.53404e+06, 125.49
28164, 59650, 127, 3, 0, 0.1, 3.53417e+06, 125.49
28165, 63493, 127, 3, 0, 0.1, 3.5343e+06, 125.49
28166, 63492, 127, 3, 0, 0.1, 3.53442e+06, 125.49
28167, 63493, 137, 3, 0, 0.1, 3.53456e+06, 125.49
28168, 63493, 127, 1, 0, 0.1, 3.53469e+06, 125.49
28169, 63493, 127, 1, 0, 0.1, 3.53482e+06, 125.49
28170, 59396, 127, 3, 0, 0.1, 3.53494e+06, 125.491
28171, 63493, 127, 2, 0, 0.1, 3.53507e+06, 125.491
28172, 63493, 117, 0, 0, 0.1, 3.53519e+06, 125.49
28173, 63493, 117, 3, 0, 0.1, 3.5353e+06, 125.49
28174, 63493, 127, 3, 0, 0.1, 3.53543e+06, 125.49
28175, 63493, 137, 1, 0, 0.1, 3.53557e+06, 125.49
28176, 63493, 127, 1, 0, 0.1, 3.5357e+06, 125.491
28177, 59397, 127, 3, 0, 0.1, 3.53582e+06, 125.491
28178, 63493, 127, 3, 0, 0.1, 3.53595e+06, 125.491
28179, 63493, 127, 0, 0, 0.1, 3.53608e+06, 125.491
28180, 63493, 117, 1, 0, 0.1, 3.53619e+06, 125.49
28181, 63493, 127, 1, 0, 0.1, 3.53632e+06, 125.49
28182, 26629, 127, 3, 1, 0.1, 3.53645e+06, 125.49
28183, 30725, 127, 3, 0, 0.1, 3.53657e+06, 125.491
28184, 30725, 127, 3, 0, 0.1, 3.5367e+06, 125.491
28185, 28956, 137, 2, 0, 0.1, 3.53684e+06, 125.491
28186, 28956, 117, 2, 1, 0.1, 3.53696e+06, 125.491
28187, 28956, 117, 1, 0, 0.1, 3.53707e+06, 125.49
28188, 28805, 127, 0, 0, 0.1, 3.5372e+06, 125.49
28189, 28677, 67, 2, 1, 0.1, 3.53727e+06, 125.488
28190, 30472, 127, 2, 0, 0.1, 3.53739e+06, 125.488
28191, 29962, 137, 2, 0, 0.1, 3.53753e+06, 125.489
28192, 32002, 127, 2, 0, 0.1, 3.53766e+06, 125.489
28193, 29962, 137, 2, 0, 0.1, 3.53779e+06, 125.489
28194, 32512, 137, 0, 0, 0.1, 3.53793e+06, 125.49
28195, 29962, 127, 3, 1, 0.1, 3.53806e+06, 125.49
28196, 29962, 117, 2, 0, 0.1, 3.53818e+06, 125.489
28197, 32512, 127, 2, 0, 0.1, 3.5383e+06, 125.49
28198, 29962, 137, 2, 0, 0.1, 3.53844e+06, 125.49
28199, 29962, 127, 2, 0, 0.1, 3.53857e+06, 125.49
28200, 28940, 137, 1, 0, 0.1, 3.5387e+06, 125.49
28201, 28677, 127, 1, 0, 0.1, 3.53883e+06, 125.49
28202, 61446, 137, 3, 0, 0.1, 3.53897e+06, 125.491
28203, 57349, 127, 1, 0, 0.1, 3.53909e+06, 125.491
28204, 61446, 127, 1, 0, 0.1, 3.53922e+06, 125.491
28205, 61446, 117, 2, 0, 0.1, 3.53934e+06, 125.491
28206, 61446, 117, 3, 0, 0.1, 3.53946e+06, 125.49
28207, 57349, 127, 3, 0, 0.1, 3.53958e+06, 125.49
28208, 49420, 127, 0, 0, 0.1, 3.53971e+06, 125.49
28209, 57610, 127, 0, 0, 0.1, 3.53984e+06, 125.49
28210, 61706, 127, 2, 0, 0.1, 3.53996e+06, 125.491
28211, 57610, 127, 0, 0, 0.1, 3.54009e+06, 125.491
28212, 61706, 127, 0, 0, 0.1, 3.54022e+06, 125.491
28213, 64256, 127, 1, 0, 0.1, 3.54034e+06, 125.491
28214, 64005, 137, 3, 0, 0.1, 3.54048e+06, 125.491
28215, 64256, 127, 2, 0, 0.1, 3.54061e+06, 125.491
28216, 61706, 127, 0, 0, 0.1, 3.54074e+06, 125.491
28217, 64256, 127, 0, 0, 0.1, 3.54086e+06, 125.491
28218, 61706, 127, 0, 0, 0.1, 3.54099e+06, 125.491
28219, 59650, 127, 0, 0, 0.1, 3.54112e+06, 125.491
28220, 61706, 127, 2, 1, 0.1, 3.54124e+06, 125.491
28221, 59650, 127, 0, 0, 0.1, 3.54137e+06, 125.491
28222, 61706, 127, 2, 0, 0.1, 3.5415e+06, 125.492
28223, 59650, 127, 2, 0, 0.1, 3.54162e+06, 125.492
28224, 61706, 127, 2, 0, 0.1, 3.54175e+06, 125.492
28225, 64256, 127, 0, 0, 0.1, 3.54188e+06, 125.492
28226, 61706, 127, 2, 0, 0.1, 3.54200e+06, 125.492
28227, 64256, 127, 3, 0, 0.1, 3.54213e+06, 125.492
28228, 64005, 137, 1, 0, 0.1, 3.54227e+06, 125.492
28229, 64256, 127, 1, 0, 0.1, 3.5424e+06, 125.492
28230, 64005, 127, 0, 0, 0.1, 3.54252e+06, 125.492
28231, 64005, 117, 2, 1, 0.1, 3.54264e+06, 125.492
28232, 64005, 117, 1, 0, 0.1, 3.54276e+06, 125.492
28233, 64260, 137, 0, 0, 0.1, 3.54289e+06, 125.492
28234, 61706, 137, 0, 1, 0.1, 3.54303e+06, 125.493
28235, 61704, 137, 0, 0, 0.1, 3.54317e+06, 125.493
28236, 61706, 127, 0, 0, 0.1, 3.5433e+06, 125.493
28237, 63746, 137, 0, 0, 0.1, 3.54343e+06, 125.493
28238, 61706, 137, 2, 0, 0.1, 3.54357e+06, 125.494
28239, 63746, 127, 0, 0, 0.1, 3.5437e+06, 125.494
28240, 61706, 127, 2, 0, 0.1, 3.54382e+06, 125.494
28241, 63746, 127, 3, 0, 0.1, 3.54395e+06, 125.494
28242, 57349, 137, 0, 0, 0.1, 3.54409e+06, 125.494
28243, 57349, 117, 1, 0, 0.1, 3.5442e+06, 125.494
28244, 61698, 127, 2, 0, 0.1, 3.54433e+06, 125.494
28245, 57610, 127, 1, 0, 0.1, 3.54446e+06, 125.494
28246, 57610, 117, 0, 1, 0.1, 3.54458e+06, 125.494
28247, 61698, 127, 0, 0, 0.1, 3.5447e+06, 125.494
28248, 61706, 127, 0, 0, 0.1, 3.54483e+06, 125.494
28249, 63746, 137, 2, 0, 0.1, 3.54497e+06, 125.494
28250, 61706, 127, 2, 0, 0.1, 3.54509e+06, 125.494
28251, 57602, 127, 1, 0, 0.1, 3.54522e+06, 125.495
28252, 57602, 117, 0, 0, 0.1, 3.54534e+06, 125.494
28253, 61706, 127, 0, 0, 0.1, 3.54546e+06, 125.494
28254, 63746, 127, 3, 0, 0.1, 3.54559e+06, 125.494
28255, 63493, 137, 0, 0, 0.1, 3.54573e+06, 125.495
28256, 63493, 117, 1, 0, 0.1, 3.54584e+06, 125.494
28257, 63746, 127, 3, 0, 0.1, 3.54597e+06, 125.494
28258, 63493, 127, 2, 0, 0.1, 3.5461e+06, 125.495
28259, 63493, 117, 1, 0, 0.1, 3.54622e+06, 125.494
28260, 63746, 127, 2, 1, 0.1, 3.54634e+06, 125.494
28261, 61706, 127, 2, 0, 0.1, 3.54647e+06, 125.494
28262, 57602, 127, 1, 0, 0.1, 3.5466e+06, 125.494
28263, 57602, 117, 1, 0, 0.1, 3.54671e+06, 125.494
28264, 57602, 117, 0, 0, 0.1, 3.54683e+06, 125.494
28265, 61706, 127, 0, 0, 0.1, 3.54696e+06, 125.494
28266, 63746, 127, 3, 0, 0.1, 3.54708e+06, 125.494
28267, 63493, 127, 1, 0, 0.1, 3.54721e+06, 125.494
28268, 63746, 127, 2, 0, 0.1, 3.54734e+06, 125.494
28269, 61706, 127, 0, 0, 0.1, 3.54747e+06, 125.494
28270, 63746, 127, 0, 0, 0.1, 3.54759e+06, 125.494
28271, 61706, 137, 2, 0, 0.1, 3.54773e+06, 125.495
28272, 63746, 127, 0, 1, 0.1, 3.54786e+06, 125.495
28273, 61706, 127, 0, 1, 0.1, 3.54798e+06, 125.495
28274, 62216, 137, 2, 0, 0.1, 3.54812e+06, 125.495
28275, 61706, 127, 0, 0, 0.1, 3.54825e+06, 125.495
28276, 62216, 127, 3, 0, 0.1, 3.54838e+06, 125.495
28277, 62216, 117, 2, 0, 0.1, 3.54849e+06, 125.495
28278, 61706, 127, 2, 0, 0.1, 3.54862e+06, 125.495
28279, 63746, 127, 0, 0, 0.1, 3.54875e+06, 125.495
28280, 61706, 127, 0, 0, 0.1, 3.54887e+06, 125.495
28281, 62216, 127, 0, 0, 0.1, 3.549e+06, 125.495
28282, 61450, 137, 2, 0, 0.1, 3.54914e+06, 125.495
28283, 61960, 127, 1, 0, 0.1, 3.54926e+06, 125.496
28284, 61957, 137, 2, 0, 0.1, 3.5494e+06, 125.496
28285, 61957, 117, 3, 0, 0.1, 3.54952e+06, 125.496
28286, 61960, 127, 1, 1, 0.1, 3.54964e+06, 125.496
28287, 61957, 127, 1, 0, 0.1, 3.54977e+06, 125.496
28288, 62467, 137, 1, 0, 0.1, 3.54991e+06, 125.496
28289, 62467, 117, 2, 0, 0.1, 3.55003e+06, 125.496
28290, 61450, 137, 2, 0, 0.1, 3.55016e+06, 125.496
28291, 61964, 127, 2, 0, 0.1, 3.55029e+06, 125.496
28292, 61964, 117, 0, 0, 0.1, 3.55041e+06, 125.496
28293, 61450, 127, 0, 0, 0.1, 3.55053e+06, 125.496
28294, 57347, 127, 0, 0, 0.1, 3.55066e+06, 125.496
28295, 57347, 117, 3, 0, 0.1, 3.55078e+06, 125.496
28296, 49157, 127, 1, 0, 0.1, 3.55090e+06, 125.496
28297, 57347, 127, 0, 0, 0.1, 3.55103e+06, 125.496
28298, 57347, 117, 0, 0, 0.1, 3.55115e+06, 125.496
28299, 57347, 117, 3, 0, 0.1, 3.55127e+06, 125.495
28300, 49157, 127, 3, 0, 0.1, 3.55139e+06, 125.495
28301, 57352, 127, 0, 0, 0.1, 3.55152e+06, 125.495
28302, 28682, 127, 0, 0, 0.1, 3.55165e+06, 125.495
28303, 31233, 127, 1, 1, 0.1, 3.55177e+06, 125.496
28304, 31237, 137, 1, 0, 0.1, 3.55191e+06, 125.496
28305, 30982, 137, 3, 0, 0.1, 3.55205e+06, 125.496
28306, 30725, 127, 3, 0, 0.1, 3.55218e+06, 125.496
28307, 30721, 127, 2, 0, 0.1, 3.5523e+06, 125.496
28308, 28682, 127, 2, 0, 0.1, 3.55243e+06, 125.496
28309, 24584, 127, 0, 0, 0.1, 3.55256e+06, 125.497
28310, 28682, 127, 2, 0, 0.1, 3.55268e+06, 125.497
28311, 24600, 127, 1, 0, 0.1, 3.55281e+06, 125.497
28312, 16389, 127, 0, 0, 0.1, 3.55294e+06, 125.497
28313, 16517, 117, 0, 0, 0.1, 3.55305e+06, 125.496
28314, 16389, 67, 3, 0, 0.1, 3.55312e+06, 125.494
28315, 29962, 117, 2, 0, 0.1, 3.55324e+06, 125.494
28316, 29960, 127, 2, 0, 0.1, 3.55336e+06, 125.494
28317, 29962, 127, 3, 1, 0.1, 3.55349e+06, 125.494
28318, 29962, 117, 2, 0, 0.1, 3.55361e+06, 125.494
28319, 32002, 137, 2, 0, 0.1, 3.55375e+06, 125.494
28320, 29962, 137, 0, 0, 0.1, 3.55388e+06, 125.495
28321, 32002, 127, 3, 0, 0.1, 3.55401e+06, 125.495
28322, 30725, 127, 3, 0, 0.1, 3.55414e+06, 125.495
28323, 30980, 127, 0, 0, 0.1, 3.55426e+06, 125.495
28324, 28938, 127, 0, 0, 0.1, 3.55439e+06, 125.495
28325, 28938, 127, 2, 0, 0.1, 3.55452e+06, 125.495
28326, 28938, 127, 0, 0, 0.1, 3.55464e+06, 125.495
28327, 28938, 127, 2, 0, 0.1, 3.55477e+06, 125.495
28328, 28938, 127, 2, 0, 0.1, 3.5549e+06, 125.495
28329, 30980, 127, 3, 0, 0.1, 3.55503e+06, 125.495
28330, 30725, 137, 3, 0, 0.1, 3.55516e+06, 125.496
28331, 30725, 137, 3, 0, 0.1, 3.5553e+06, 125.496
28332, 30725, 137, 3, 0, 0.1, 3.55544e+06, 125.496
28333, 28940, 137, 1, 0, 0.1, 3.55557e+06, 125.497
28334, 28677, 127, 3, 0, 0.1, 3.5557e+06, 125.497
28335, 28940, 127, 0, 0, 0.1, 3.55583e+06, 125.497
28336, 28954, 137, 3, 0, 0.1, 3.55596e+06, 125.497
28337, 28954, 67, 3, 0, 0.1, 3.55603e+06, 125.495
28338, 29962, 117, 2, 0, 0.1, 3.55615e+06, 125.495
28339, 30472, 137, 1, 0, 0.1, 3.55629e+06, 125.495
28340, 28677, 137, 1, 0, 0.1, 3.55642e+06, 125.496
28341, 29954, 127, 2, 0, 0.1, 3.55655e+06, 125.496
28342, 29962, 137, 3, 0, 0.1, 3.55669e+06, 125.496
28343, 29962, 117, 2, 0, 0.1, 3.5568e+06, 125.496
28344, 30472, 137, 2, 0, 0.1, 3.55694e+06, 125.496
28345, 29962, 127, 0, 0, 0.1, 3.55707e+06, 125.496
28346, 30472, 127, 1, 0, 0.1, 3.5572e+06, 125.496
28347, 28677, 137, 1, 0, 0.1, 3.55733e+06, 125.497
28348, 28934, 127, 3, 0, 0.1, 3.55746e+06, 125.497
28349, 28677, 127, 1, 0, 0.1, 3.55759e+06, 125.497
28350, 28934, 127, 3, 0, 0.1, 3.55771e+06, 125.497
28351, 28677, 127, 1, 0, 0.1, 3.55784e+06, 125.497
28352, 28934, 127, 3, 0, 0.1, 3.55797e+06, 125.497
28353, 28677, 127, 3, 0, 0.1, 3.55809e+06, 125.497
28354, 29960, 127, 3, 1, 0.1, 3.55822e+06, 125.497
28355, 29960, 117, 2, 0, 0.1, 3.55834e+06, 125.497
28356, 29962, 127, 1, 1, 0.1, 3.55846e+06, 125.497
28357, 29962, 117, 2, 0, 0.1, 3.55858e+06, 125.497
28358, 31492, 137, 3, 0, 0.1, 3.55872e+06, 125.497
28359, 31237, 137, 3, 0, 0.1, 3.55886e+06, 125.497
28360, 31488, 127, 0, 0, 0.1, 3.55898e+06, 125.497
28361, 28938, 127, 0, 0, 0.1, 3.55911e+06, 125.498
28362, 30978, 137, 2, 1, 0.1, 3.55925e+06, 125.498
28363, 28938, 127, 0, 0, 0.1, 3.55937e+06, 125.498
28364, 30978, 127, 2, 0, 0.1, 3.5595e+06, 125.498
28365, 28938, 127, 2, 0, 0.1, 3.55963e+06, 125.498
28366, 31488, 127, 2, 0, 0.1, 3.55976e+06, 125.498
28367, 28938, 127, 2, 1, 0.1, 3.55988e+06, 125.498
28368, 28938, 127, 2, 0, 0.1, 3.56001e+06, 125.498
28369, 29452, 127, 1, 0, 0.1, 3.56014e+06, 125.498
28370, 28677, 137, 0, 0, 0.1, 3.56027e+06, 125.499
28371, 28677, 117, 3, 0, 0.1, 3.56039e+06, 125.498
28372, 28940, 127, 1, 0, 0.1, 3.56052e+06, 125.498
28373, 28677, 127, 1, 0, 0.1, 3.56064e+06, 125.499
28374, 49158, 137, 2, 0, 0.1, 3.56078e+06, 125.499
28375, 49158, 117, 3, 0, 0.1, 3.5609e+06, 125.499
28376, 32773, 127, 3, 0, 0.1, 3.56102e+06, 125.499
28377, 49420, 127, 1, 0, 0.1, 3.56115e+06, 125.499
28378, 32773, 127, 1, 0, 0.1, 3.56128e+06, 125.499
28379, 49158, 127, 0, 0, 0.1, 3.56141e+06, 125.499
28380, 57353, 127, 1, 0, 0.1, 3.56153e+06, 125.499
28381, 61445, 127, 3, 0, 0.1, 3.56166e+06, 125.499
28382, 57353, 127, 3, 0, 0.1, 3.56179e+06, 125.499
28383, 57353, 117, 1, 0, 0.1, 3.5619e+06, 125.499
28384, 61445, 127, 1, 0, 0.1, 3.56203e+06, 125.499
28385, 61698, 127, 3, 0, 0.1, 3.56216e+06, 125.499
28386, 61445, 127, 1, 0, 0.1, 3.56228e+06, 125.499
28387, 61698, 127, 0, 1, 0.1, 3.56241e+06, 125.499
28388, 61450, 137, 2, 0, 0.1, 3.56255e+06, 125.499
28389, 61442, 127, 3, 0, 0.1, 3.56268e+06, 125.499
28390, 57349, 127, 1, 0, 0.1, 3.5628e+06, 125.499
28391, 61442, 127, 2, 0, 0.1, 3.56293e+06, 125.499
28392, 61964, 127, 0, 0, 0.1, 3.56306e+06, 125.5
28393, 61442, 127, 1, 0, 0.1, 3.56318e+06, 125.5
28394, 61442, 117, 0, 0, 0.1, 3.5633e+06, 125.499
28395, 61450, 127, 1, 0, 0.1, 3.56343e+06, 125.499
28396, 61450, 117, 1, 0, 0.1, 3.56354e+06, 125.499
28397, 61450, 117, 0, 0, 0.1, 3.56366e+06, 125.499
28398, 63491, 127, 1, 0, 0.1, 3.56379e+06, 125.499
28399, 63491, 117, 1, 0, 0.1, 3.56391e+06, 125.498
28400, 63491, 117, 3, 0, 0.1, 3.56402e+06, 125.498
28401, 51205, 137, 3, 0, 0.1, 3.56416e+06, 125.499
28402, 59652, 127, 1, 1, 0.1, 3.56429e+06, 125.499
28403, 51205, 127, 1, 0, 0.1, 3.56441e+06, 125.499
28404, 51203, 127, 2, 1, 0.1, 3.56454e+06, 125.499
28405, 57354, 127, 1, 0, 0.1, 3.56467e+06, 125.499
28406, 57354, 117, 0, 0, 0.1, 3.56478e+06, 125.499
28407, 51203, 127, 3, 1, 0.1, 3.56491e+06, 125.499
28408, 51205, 127, 1, 0, 0.1, 3.56504e+06, 125.499
28409, 51203, 127, 3, 1, 0.1, 3.56517e+06, 125.499
28410, 51205, 127, 0, 0, 0.1, 3.56529e+06, 125.499
28411, 51205, 117, 3, 0, 0.1, 3.56541e+06, 125.498
28412, 59652, 127, 2, 0, 0.1, 3.56554e+06, 125.498
28413, 59652, 117, 3, 0, 0.1, 3.56565e+06, 125.498
28414, 63493, 127, 2, 1, 0.1, 3.56578e+06, 125.498
28415, 63493, 117, 1, 0, 0.1, 3.5659e+06, 125.498
28416, 59780, 127, 3, 0, 0.1, 3.56602e+06, 125.498
28417, 63621, 127, 1, 0, 0.1, 3.56615e+06, 125.498
28418, 59780, 127, 0, 0, 0.1, 3.56628e+06, 125.498
28419, 49418, 127, 3, 1, 0.1, 3.56641e+06, 125.498
28420, 49418, 117, 0, 0, 0.1, 3.56652e+06, 125.498
28421, 57608, 127, 0, 0, 0.1, 3.56665e+06, 125.498
28422, 57610, 127, 1, 1, 0.1, 3.56678e+06, 125.498
28423, 57610, 117, 0, 0, 0.1, 3.56689e+06, 125.498
28424, 61698, 127, 3, 0, 0.1, 3.56702e+06, 125.498
28425, 61445, 127, 3, 0, 0.1, 3.56715e+06, 125.498
28426, 62728, 127, 0, 0, 0.1, 3.56728e+06, 125.498
28427, 62730, 127, 2, 0, 0.1, 3.5674e+06, 125.498
28428, 62728, 127, 2, 0, 0.1, 3.56753e+06, 125.498
28429, 57610, 137, 3, 0, 0.1, 3.56767e+06, 125.498
28430, 57610, 117, 0, 0, 0.1, 3.56778e+06, 125.498
28431, 61704, 127, 0, 0, 0.1, 3.56791e+06, 125.498
28432, 61706, 127, 2, 0, 0.1, 3.56804e+06, 125.498
28433, 61704, 127, 0, 0, 0.1, 3.56816e+06, 125.498
28434, 61706, 127, 0, 0, 0.1, 3.56829e+06, 125.498
28435, 62216, 137, 1, 0, 0.1, 3.56843e+06, 125.499
28436, 61957, 137, 3, 0, 0.1, 3.56856e+06, 125.499
28437, 62216, 127, 0, 1, 0.1, 3.56869e+06, 125.499
28438, 57674, 137, 1, 0, 0.1, 3.56883e+06, 125.499
28439, 57610, 117, 3, 1, 0.1, 3.56895e+06, 125.499
28440, 57674, 117, 1, 0, 0.1, 3.56906e+06, 125.499
28441, 57674, 117, 0, 0, 0.1, 3.56918e+06, 125.499
28442, 63938, 127, 3, 0, 0.1, 3.56931e+06, 125.499
28443, 63493, 127, 1, 0, 0.1, 3.56943e+06, 125.499
28444, 63810, 127, 1, 1, 0.1, 3.56956e+06, 125.499
28445, 63810, 117, 1, 1, 0.1, 3.56968e+06, 125.498
28446, 63810, 117, 0, 0, 0.1, 3.5698e+06, 125.498
28447, 61706, 127, 0, 0, 0.1, 3.56992e+06, 125.498
28448, 64320, 127, 3, 0, 0.1, 3.57005e+06, 125.498
28449, 59909, 137, 3, 1, 0.1, 3.57019e+06, 125.499
28450, 64005, 127, 1, 0, 0.1, 3.57031e+06, 125.499
28451, 59909, 127, 1, 0, 0.1, 3.57044e+06, 125.499
28452, 60224, 127, 0, 0, 0.1, 3.57057e+06, 125.499
28453, 61706, 127, 0, 0, 0.1, 3.57069e+06, 125.499
28454, 61770, 127, 0, 1, 0.1, 3.57082e+06, 125.499
28455, 61961, 137, 1, 0, 0.1, 3.57096e+06, 125.499
28456, 61445, 137, 2, 1, 0.1, 3.5711e+06, 125.5
28457, 61445, 117, 0, 1, 0.1, 3.57121e+06, 125.499
28458, 61445, 117, 3, 0, 0.1, 3.57133e+06, 125.499
28459, 61513, 127, 2, 0, 0.1, 3.57146e+06, 125.499
28460, 57418, 127, 1, 0, 0.1, 3.57158e+06, 125.499
28461, 57418, 117, 3, 0, 0.1, 3.5717e+06, 125.499
28462, 57418, 117, 2, 0, 0.1, 3.57182e+06, 125.499
28463, 49162, 127, 0, 0, 0.1, 3.57194e+06, 125.499
28464, 57354, 127, 0, 0, 0.1, 3.57207e+06, 125.499
28465, 61449, 127, 2, 0, 0.1, 3.5722e+06, 125.499
28466, 57354, 127, 2, 0, 0.1, 3.57232e+06, 125.499
28467, 49162, 127, 0, 0, 0.1, 3.57245e+06, 125.499
28468, 57418, 127, 3, 0, 0.1, 3.57258e+06, 125.499
28469, 57418, 117, 0, 1, 0.1, 3.5727e+06, 125.499
28470, 61513, 127, 0, 1, 0.1, 3.57282e+06, 125.499
28471, 61513, 117, 3, 1, 0.1, 3.57294e+06, 125.498
28472, 61513, 117, 3, 0, 0.1, 3.57306e+06, 125.498
28473, 61513, 117, 3, 0, 0.1, 3.57317e+06, 125.498
28474, 28745, 117, 3, 0, 0.1, 3.57329e+06, 125.498
28475, 28745, 117, 0, 0, 0.1, 3.57341e+06, 125.497
28476, 28745, 117, 3, 0, 0.1, 3.57352e+06, 125.497
28477, 28681, 117, 1, 0, 0.1, 3.57364e+06, 125.497
28478, 28677, 127, 3, 0, 0.1, 3.57377e+06, 125.497
28479, 28681, 127, 1, 0, 0.1, 3.5739e+06, 125.497
28480, 28677, 127, 2, 1, 0.1, 3.57402e+06, 125.497
28481, 28677, 117, 1, 0, 0.1, 3.57414e+06, 125.496
28482, 49155, 137, 2, 0, 0.1, 3.57428e+06, 125.497
28483, 57356, 127, 1, 0, 0.1, 3.5744e+06, 125.497
28484, 61445, 127, 3, 0, 0.1, 3.57453e+06, 125.497
28485, 57356, 127, 2, 0, 0.1, 3.57466e+06, 125.497
28486, 57356, 117, 1, 0, 0.1, 3.57478e+06, 125.497
28487, 61445, 127, 1, 0, 0.1, 3.5749e+06, 125.497
28488, 62466, 127, 2, 0, 0.1, 3.57503e+06, 125.497
28489, 61450, 137, 2, 0, 0.1, 3.57517e+06, 125.497
28490, 63494, 127, 3, 0, 0.1, 3.57529e+06, 125.497
28491, 59397, 137, 1, 1, 0.1, 3.57543e+06, 125.498
28492, 51206, 127, 3, 0, 0.1, 3.57556e+06, 125.498
28493, 59397, 127, 2, 1, 0.1, 3.57568e+06, 125.498
28494, 59397, 117, 0, 1, 0.1, 3.5758e+06, 125.498
28495, 59397, 117, 3, 0, 0.1, 3.57592e+06, 125.497
28496, 64513, 127, 2, 0, 0.1, 3.57604e+06, 125.497
28497, 62474, 127, 2, 0, 0.1, 3.57617e+06, 125.497
28498, 62472, 137, 2, 0, 0.1, 3.57631e+06, 125.498
28499, 62474, 127, 2, 0, 0.1, 3.57644e+06, 125.498
28500, 32770, 137, 3, 0, 0.1, 3.57657e+06, 125.498
28501, 32773, 127, 3, 0, 0.1, 3.5767e+06, 125.498
28502, 49160, 127, 2, 0, 0.1, 3.57683e+06, 125.498
28503, 32778, 127, 2, 0, 0.1, 3.57695e+06, 125.498
28504, 49160, 127, 2, 0, 0.1, 3.57708e+06, 125.498
28505, 57354, 127, 0, 0, 0.1, 3.57721e+06, 125.498
28506, 49160, 127, 0, 0, 0.1, 3.57734e+06, 125.499
28507, 32778, 127, 2, 0, 0.1, 3.57746e+06, 125.499
28508, 49160, 127, 0, 1, 0.1, 3.57759e+06, 125.499
28509, 32778, 127, 2, 0, 0.1, 3.57772e+06, 125.499
28510, 49160, 127, 0, 0, 0.1, 3.57784e+06, 125.499
28511, 32778, 127, 2, 0, 0.1, 3.57797e+06, 125.499
28512, 49160, 127, 1, 0, 0.1, 3.5781e+06, 125.499
28513, 32773, 127, 1, 0, 0.1, 3.57822e+06, 125.499
28514, 32770, 127, 1, 0, 0.1, 3.57835e+06, 125.499
28515, 32770, 117, 2, 0, 0.1, 3.57847e+06, 125.499
28516, 49162, 127, 1, 0, 0.1, 3.5786e+06, 125.499
28517, 49162, 117, 2, 0, 0.1, 3.57871e+06, 125.498
28518, 57352, 127, 1, 0, 0.1, 3.57884e+06, 125.498
28519, 61445, 127, 3, 0, 0.1, 3.57897e+06, 125.498
28520, 57352, 127, 3, 0, 0.1, 3.57909e+06, 125.499
28521, 57352, 117, 3, 0, 0.1, 3.57921e+06, 125.498
28522, 57352, 117, 1, 0, 0.1, 3.57933e+06, 125.498
28523, 61445, 127, 1, 0, 0.1, 3.57945e+06, 125.498
28524, 61702, 127, 3, 0, 0.1, 3.57958e+06, 125.498
28525, 61445, 127, 3, 1, 0.1, 3.57971e+06, 125.498
28526, 57352, 127, 3, 1, 0.1, 3.57984e+06, 125.498
28527, 57352, 117, 1, 0, 0.1, 3.57995e+06, 125.498
28528, 61445, 127, 3, 0, 0.1, 3.58008e+06, 125.498
28529, 57352, 127, 1, 0, 0.1, 3.58021e+06, 125.498
28530, 61445, 127, 3, 0, 0.1, 3.58033e+06, 125.498
28531, 57352, 127, 1, 0, 0.1, 3.58046e+06, 125.498
28532, 61445, 127, 3, 1, 0.1, 3.58059e+06, 125.498
28533, 57352, 127, 3, 0, 0.1, 3.58071e+06, 125.498
28534, 57352, 117, 2, 1, 0.1, 3.58083e+06, 125.498
28535, 49162, 127, 2, 0, 0.1, 3.58096e+06, 125.498
28536, 59396, 127, 0, 1, 0.1, 3.58108e+06, 125.498
28537, 49162, 127, 2, 0, 0.1, 3.58121e+06, 125.498
28538, 59412, 127, 3, 0, 0.1, 3.58134e+06, 125.498
28539, 63493, 127, 1, 0, 0.1, 3.58147e+06, 125.498
28540, 59412, 127, 1, 0, 0.1, 3.58159e+06, 125.498
28541, 51333, 127, 3, 0, 0.1, 3.58172e+06, 125.498
28542, 59540, 127, 3, 0, 0.1, 3.58185e+06, 125.498
28543, 63621, 127, 1, 0, 0.1, 3.58197e+06, 125.498
28544, 59524, 127, 3, 0, 0.1, 3.5821e+06, 125.498
28545, 63621, 127, 1, 0, 0.1, 3.58223e+06, 125.498
28546, 59524, 127, 3, 0, 0.1, 3.58236e+06, 125.499
28547, 63621, 127, 0, 0, 0.1, 3.58248e+06, 125.499
28548, 63493, 117, 3, 0, 0.1, 3.5826e+06, 125.498
28549, 63632, 127, 3, 0, 0.1, 3.58273e+06, 125.498
28550, 59397, 137, 0, 0, 0.1, 3.58286e+06, 125.499
28551, 59525, 117, 0, 0, 0.1, 3.58298e+06, 125.498
28552, 59525, 117, 3, 0, 0.1, 3.5831e+06, 125.498
28553, 63621, 127, 1, 0, 0.1, 3.58322e+06, 125.498
28554, 59397, 127, 3, 0, 0.1, 3.58335e+06, 125.498
28555, 63493, 127, 1, 0, 0.1, 3.58348e+06, 125.498
28556, 59397, 127, 3, 0, 0.1, 3.58360e+06, 125.498
28557, 63493, 127, 1, 0, 0.1, 3.58373e+06, 125.498
28558, 59397, 127, 1, 0, 0.1, 3.58386e+06, 125.498
28559, 51216, 127, 1, 0, 0.1, 3.58399e+06, 125.498
28560, 34821, 127, 3, 0, 0.1, 3.58411e+06, 125.499
28561, 51200, 127, 3, 0, 0.1, 3.58424e+06, 125.499
28562, 59397, 127, 1, 0, 0.1, 3.58437e+06, 125.499
28563, 51200, 127, 1, 0, 0.1, 3.58449e+06, 125.499
28564, 34821, 127, 0, 0, 0.1, 3.58462e+06, 125.499
28565, 34821, 117, 1, 0, 0.1, 3.58474e+06, 125.498
28566, 34820, 127, 3, 0, 0.1, 3.58486e+06, 125.499
28567, 34821, 127, 2, 0, 0.1, 3.58499e+06, 125.499
28568, 34821, 117, 2, 0, 0.1, 3.58511e+06, 125.498
28569, 34821, 117, 2, 0, 0.1, 3.58523e+06, 125.498
28570, 34821, 117, 0, 0, 0.1, 3.58534e+06, 125.498
28571, 34821, 117, 2, 0, 0.1, 3.58546e+06, 125.497
28572, 34821, 117, 0, 0, 0.1, 3.58558e+06, 125.497
28573, 34821, 117, 1, 0, 0.1, 3.58569e+06, 125.497
28574, 34820, 127, 2, 1, 0.1, 3.58582e+06, 125.497
28575, 34820, 117, 1, 0, 0.1, 3.58594e+06, 125.497
28576, 34821, 127, 2, 1, 0.1, 3.58606e+06, 125.497
28577, 34821, 117, 1, 0, 0.1, 3.58618e+06, 125.496
28578, 51203, 127, 3, 0, 0.1, 3.58631e+06, 125.496
28579, 34821, 127, 0, 0, 0.1, 3.58644e+06, 125.496
28580, 34821, 117, 1, 0, 0.1, 3.58655e+06, 125.496
28581, 51203, 127, 3, 0, 0.1, 3.58668e+06, 125.496
28582, 2053, 127, 1, 0, 0.1, 3.58681e+06, 125.496
28583, 18435, 127, 2, 0, 0.1, 3.58693e+06, 125.496
28584, 24586, 127, 2, 1, 0.1, 3.58706e+06, 125.496
28585, 28674, 127, 0, 0, 0.1, 3.58719e+06, 125.496
28586, 24586, 127, 2, 0, 0.1, 3.58732e+06, 125.496
28587, 28674, 127, 2, 0, 0.1, 3.58744e+06, 125.496
28588, 29196, 127, 1, 0, 0.1, 3.58757e+06, 125.497
28589, 5, 137, 3, 0, 0.1, 3.58771e+06, 125.497
28590, 12, 127, 0, 0, 0.1, 3.58783e+06, 125.497
28591, 2, 127, 2, 0, 0.1, 3.58796e+06, 125.497
28592, 12, 127, 2, 0, 0.1, 3.58809e+06, 125.497
28593, 12, 117, 0, 0, 0.1, 3.5882e+06, 125.497
28594, 2, 127, 1, 0, 0.1, 3.58833e+06, 125.497
28595, 2, 117, 0, 0, 0.1, 3.58845e+06, 125.497
28596, 10, 127, 3, 0, 0.1, 3.58858e+06, 125.497
28597, 10, 117, 2, 0, 0.1, 3.58869e+06, 125.496
28598, 2, 127, 1, 0, 0.1, 3.58882e+06, 125.496
28599, 2, 117, 1, 1, 0.1, 3.58894e+06, 125.496
28600, 2, 117, 3, 0, 0.1, 3.58905e+06, 125.496
28601, 5, 127, 1, 0, 0.1, 3.58918e+06, 125.496
28602, 2, 127, 1, 0, 0.1, 3.58931e+06, 125.496
28603, 2, 117, 3, 0, 0.1, 3.58942e+06, 125.496
28604, 5, 127, 1, 0, 0.1, 3.58955e+06, 125.496
28605, 2, 127, 2, 0, 0.1, 3.58968e+06, 125.496
28606, 12, 127, 3, 0, 0.1, 3.58980e+06, 125.496
28607, 12, 117, 0, 0, 0.1, 3.58992e+06, 125.495
28608, 2, 127, 0, 0, 0.1, 3.59005e+06, 125.495
28609, 10, 127, 2, 0, 0.1, 3.59018e+06, 125.496
28610, 2, 127, 2, 0, 0.1, 3.5903e+06, 125.496
28611, 12, 127, 1, 0, 0.1, 3.59043e+06, 125.496
28612, 5, 127, 1, 0, 0.1, 3.59056e+06, 125.496
28613, 16646, 127, 3, 0, 0.1, 3.59068e+06, 125.496
28614, 5, 127, 3, 0, 0.1, 3.59081e+06, 125.496
28615, 12, 127, 1, 0, 0.1, 3.59094e+06, 125.496
28616, 5, 127, 3, 0, 0.1, 3.59106e+06, 125.496
28617, 12, 127, 2, 0, 0.1, 3.59119e+06, 125.496
28618, 12, 117, 2, 0, 0.1, 3.59131e+06, 125.496
28619, 12, 117, 3, 0, 0.1, 3.59143e+06, 125.495
28620, 12, 117, 0, 0, 0.1, 3.59154e+06, 125.495
28621, 2, 127, 0, 0, 0.1, 3.59167e+06, 125.495
28622, 10, 127, 0, 0, 0.1, 3.5918e+06, 125.495
28623, 2051, 127, 2, 0, 0.1, 3.59192e+06, 125.495
28624, 10, 127, 2, 0, 0.1, 3.59205e+06, 125.495
28625, 2, 127, 1, 0, 0.1, 3.59218e+06, 125.495
28626, 2, 117, 0, 0, 0.1, 3.5923e+06, 125.495
28627, 10, 127, 2, 0, 0.1, 3.59242e+06, 125.495
28628, 2, 127, 3, 0, 0.1, 3.59255e+06, 125.495
28629, 5, 127, 3, 0, 0.1, 3.59268e+06, 125.495
28630, 9, 127, 3, 0, 0.1, 3.5928e+06, 125.495
28631, 9, 117, 3, 0, 0.1, 3.59292e+06, 125.495
28632, 9, 117, 3, 0, 0.1, 3.59304e+06, 125.495
28633, 9, 117, 2, 1, 0.1, 3.59315e+06, 125.494
28634, 6, 127, 0, 0, 0.1, 3.59328e+06, 125.494
28635, 9, 127, 2, 0, 0.1, 3.59341e+06, 125.494
28636, 6, 127, 0, 0, 0.1, 3.59354e+06, 125.494
28637, 9, 127, 0, 1, 0.1, 3.59366e+06, 125.495
28638, 9, 117, 1, 1, 0.1, 3.59378e+06, 125.494
28639, 5, 127, 2, 0, 0.1, 3.59391e+06, 125.494
28640, 5, 117, 0, 1, 0.1, 3.59402e+06, 125.494
28641, 5, 117, 1, 0, 0.1, 3.59414e+06, 125.494
28642, 2, 127, 1, 0, 0.1, 3.59427e+06, 125.494
28643, 2, 117, 1, 0, 0.1, 3.59438e+06, 125.493
28644, 2, 117, 0, 0, 0.1, 3.5945e+06, 125.493
28645, 10, 127, 2, 0, 0.1, 3.59463e+06, 125.493
28646, 2, 127, 0, 0, 0.1, 3.59476e+06, 125.493
28647, 10, 127, 3, 1, 0.1, 3.59488e+06, 125.493
28648, 10, 117, 0, 0, 0.1, 3.595e+06, 125.493
28649, 2051, 127, 1, 0, 0.1, 3.59513e+06, 125.493
28650, 2051, 117, 0, 0, 0.1, 3.59524e+06, 125.493
28651, 2051, 117, 0, 0, 0.1, 3.59536e+06, 125.492
28652, 2051, 117, 2, 0, 0.1, 3.59548e+06, 125.492
28653, 10, 127, 0, 0, 0.1, 3.5956e+06, 125.492
28654, 2051, 127, 1, 0, 0.1, 3.59573e+06, 125.492
28655, 2051, 117, 2, 0, 0.1, 3.59585e+06, 125.492
28656, 10, 127, 2, 0, 0.1, 3.59598e+06, 125.492
28657, 2, 127, 2, 0, 0.1, 3.5961e+06, 125.492
28658, 12, 127, 3, 0, 0.1, 3.59623e+06, 125.492
28659, 12, 117, 3, 0, 0.1, 3.59635e+06, 125.492
28660, 12, 117, 2, 0, 0.1, 3.59646e+06, 125.492
28661, 12, 117, 0, 0, 0.1, 3.59658e+06, 125.491
28662, 2, 127, 2, 1, 0.1, 3.59671e+06, 125.491
28663, 12, 127, 3, 0, 0.1, 3.59683e+06, 125.491
28664, 12, 117, 2, 0, 0.1, 3.59695e+06, 125.491
28665, 12, 117, 2, 1, 0.1, 3.59707e+06, 125.491
28666, 12, 117, 1, 1, 0.1, 3.59718e+06, 125.49
28667, 5, 127, 3, 0, 0.1, 3.59731e+06, 125.491
28668, 12, 127, 1, 0, 0.1, 3.59744e+06, 125.491
28669, 5, 127, 0, 0, 0.1, 3.59757e+06, 125.491
28670, 5, 117, 1, 0, 0.1, 3.59768e+06, 125.49
28671, 16646, 127, 2, 0, 0.1, 3.59781e+06, 125.49
28672, 16646, 117, 0, 0, 0.1, 3.59793e+06, 125.49
28673, 24842, 127, 2, 0, 0.1, 3.59805e+06, 125.49
28674, 16646, 127, 2, 0, 0.1, 3.59818e+06, 125.49
28675, 16646, 117, 2, 0, 0.1, 3.5983e+06, 125.49
28676, 16646, 117, 2, 0, 0.1, 3.59842e+06, 125.49
28677, 16646, 117, 0, 1, 0.1, 3.59853e+06, 125.489
28678, 24842, 127, 0, 0, 0.1, 3.59866e+06, 125.489
28679, 28938, 127, 0, 0, 0.1, 3.59879e+06, 125.489
28680, 28938, 127, 0, 1, 0.1, 3.59891e+06, 125.489
28681, 28938, 137, 0, 0, 0.1, 3.59905e+06, 125.49
28682, 28938, 127, 2, 0, 0.1, 3.59918e+06, 125.49
28683, 28938, 127, 0, 0, 0.1, 3.5993e+06, 125.49
28684, 28938, 127, 0, 1, 0.1, 3.59943e+06, 125.49
28685, 28938, 137, 2, 0, 0.1, 3.59957e+06, 125.49
28686, 28938, 127, 0, 0, 0.1, 3.5997e+06, 125.491
28687, 28938, 127, 0, 0, 0.1, 3.59982e+06, 125.491
28688, 28930, 137, 3, 0, 0.1, 3.59996e+06, 125.491
28689, 28677, 127, 1, 0, 0.1, 3.60009e+06, 125.491
28690, 28930, 127, 0, 0, 0.1, 3.60021e+06, 125.491
28691, 16650, 137, 1, 0, 0.1, 3.60035e+06, 125.491
28692, 16650, 117, 3, 1, 0.1, 3.60047e+06, 125.491
28693, 16650, 117, 0, 0, 0.1, 3.60058e+06, 125.491
28694, 24834, 127, 0, 1, 0.1, 3.60071e+06, 125.491
28695, 28938, 127, 2, 0, 0.1, 3.60084e+06, 125.491
28696, 24834, 127, 3, 0, 0.1, 3.60096e+06, 125.491
28697, 16389, 127, 3, 0, 0.1, 3.60109e+06, 125.491
28698, 12, 127, 3, 0, 0.1, 3.60122e+06, 125.491
28699, 12, 117, 0, 0, 0.1, 3.60134e+06, 125.491
28700, 10, 127, 2, 0, 0.1, 3.60146e+06, 125.491
28701, 12, 127, 1, 0, 0.1, 3.60159e+06, 125.491
28702, 16389, 127, 1, 0, 0.1, 3.60172e+06, 125.491
28703, 24834, 127, 0, 0, 0.1, 3.60184e+06, 125.491
28704, 28938, 127, 0, 0, 0.1, 3.60197e+06, 125.491
28705, 28938, 127, 2, 0, 0.1, 3.6021e+06, 125.491
28706, 28938, 127, 2, 0, 0.1, 3.60222e+06, 125.491
28707, 24834, 127, 3, 0, 0.1, 3.60235e+06, 125.491
28708, 16389, 127, 1, 0, 0.1, 3.60248e+06, 125.491
28709, 24834, 127, 3, 0, 0.1, 3.60261e+06, 125.491
28710, 16389, 127, 3, 0, 0.1, 3.60273e+06, 125.491
28711, 12, 127, 0, 0, 0.1, 3.60286e+06, 125.491
28712, 10, 127, 2, 0, 0.1, 3.60299e+06, 125.492
28713, 12, 127, 0, 0, 0.1, 3.60311e+06, 125.492
28714, 10, 127, 0, 1, 0.1, 3.60324e+06, 125.492
28715, 3, 127, 2, 0, 0.1, 3.60337e+06, 125.492
28716, 10, 127, 2, 0, 0.1, 3.6035e+06, 125.492
28717, 12, 127, 1, 1, 0.1, 3.60362e+06, 125.492
28718, 16389, 127, 2, 0, 0.1, 3.60375e+06, 125.492
28719, 16389, 117, 3, 0, 0.1, 3.60387e+06, 125.492
28720, 12, 127, 3, 0, 0.1, 3.60399e+06, 125.492
28721, 12, 117, 0, 0, 0.1, 3.60411e+06, 125.491
28722, 10, 127, 2, 0, 0.1, 3.60424e+06, 125.491
28723, 12, 127, 0, 0, 0.1, 3.60436e+06, 125.491
28724, 10, 127, 0, 0, 0.1, 3.60449e+06, 125.491
28725, 3, 127, 3, 0, 0.1, 3.60462e+06, 125.492
28726, 5, 127, 3, 0, 0.1, 3.60474e+06, 125.492
28727, 8, 127, 2, 0, 0.1, 3.60487e+06, 125.492
28728, 10, 127, 0, 0, 0.1, 3.605e+06, 125.492
28729, 8, 127, 0, 0, 0.1, 3.60513e+06, 125.492
28730, 10, 127, 2, 0, 0.1, 3.60525e+06, 125.492
28731, 8, 127, 1, 0, 0.1, 3.60538e+06, 125.492
28732, 5, 127, 3, 1, 0.1, 3.60551e+06, 125.492
28733, 24, 127, 2, 0, 0.1, 3.60563e+06, 125.492
28734, 26, 127, 0, 0, 0.1, 3.60576e+06, 125.492
28735, 8, 77, 0, 0, 0.1, 3.60584e+06, 125.49
28736, 25864, 137, 2, 0, 0.1, 3.60598e+06, 125.491
28737, 29962, 127, 2, 0, 0.1, 3.6061e+06, 125.491
28738, 30472, 127, 1, 0, 0.1, 3.60623e+06, 125.491
28739, 28677, 137, 1, 0, 0.1, 3.60637e+06, 125.491
28740, 25858, 127, 0, 0, 0.1, 3.60649e+06, 125.491
28741, 29962, 127, 0, 0, 0.1, 3.60662e+06, 125.491
28742, 29954, 127, 0, 0, 0.1, 3.60675e+06, 125.491
28743, 29962, 137, 2, 0, 0.1, 3.60688e+06, 125.492
28744, 29954, 127, 2, 0, 0.1, 3.60701e+06, 125.492
28745, 25866, 127, 2, 0, 0.1, 3.60714e+06, 125.492
28746, 25858, 127, 2, 0, 0.1, 3.60726e+06, 125.492
28747, 25866, 127, 2, 0, 0.1, 3.60739e+06, 125.492
28748, 30472, 127, 2, 0, 0.1, 3.60752e+06, 125.492
28749, 29962, 127, 2, 0, 0.1, 3.60765e+06, 125.492
28750, 31492, 137, 0, 0, 0.1, 3.60778e+06, 125.492
28751, 24842, 127, 0, 0, 0.1, 3.60791e+06, 125.493
28752, 29448, 127, 0, 1, 0.1, 3.60804e+06, 125.493
28753, 24842, 127, 2, 0, 0.1, 3.60816e+06, 125.493
28754, 29448, 127, 1, 0, 0.1, 3.60829e+06, 125.493
28755, 29189, 127, 1, 0, 0.1, 3.60842e+06, 125.493
28756, 28934, 137, 2, 1, 0.1, 3.60856e+06, 125.493
28757, 28934, 117, 3, 0, 0.1, 3.60867e+06, 125.493
28758, 24581, 127, 3, 0, 0.1, 3.6088e+06, 125.493
28759, 16648, 127, 3, 0, 0.1, 3.60893e+06, 125.493
28760, 16648, 117, 0, 0, 0.1, 3.60904e+06, 125.493
28761, 16650, 127, 2, 0, 0.1, 3.60917e+06, 125.493
28762, 16648, 127, 3, 0, 0.1, 3.6093e+06, 125.493
28763, 16648, 117, 0, 0, 0.1, 3.60941e+06, 125.492
28764, 16650, 127, 2, 0, 0.1, 3.60954e+06, 125.493
28765, 16648, 127, 2, 0, 0.1, 3.60967e+06, 125.493
28766, 24842, 127, 0, 0, 0.1, 3.6098e+06, 125.493
28767, 16648, 127, 2, 0, 0.1, 3.60992e+06, 125.493
28768, 24842, 127, 2, 0, 0.1, 3.61005e+06, 125.493
28769, 31492, 127, 1, 0, 0.1, 3.61018e+06, 125.493
28770, 31237, 127, 3, 0, 0.1, 3.6103e+06, 125.493
28771, 31492, 127, 0, 0, 0.1, 3.61043e+06, 125.493
28772, 24842, 127, 2, 0, 0.1, 3.61056e+06, 125.493
28773, 31492, 127, 1, 0, 0.1, 3.61068e+06, 125.493
28774, 31237, 127, 3, 0, 0.1, 3.61081e+06, 125.493
28775, 31492, 127, 3, 0, 0.1, 3.61094e+06, 125.493
28776, 31237, 127, 2, 0, 0.1, 3.61106e+06, 125.493
28777, 31237, 117, 1, 0, 0.1, 3.61118e+06, 125.493
28778, 31492, 127, 3, 0, 0.1, 3.61131e+06, 125.493
28779, 31237, 127, 3, 0, 0.1, 3.61144e+06, 125.493
28780, 32528, 137, 1, 0, 0.1, 3.61157e+06, 125.493
28781, 31237, 127, 2, 0, 0.1, 3.6117e+06, 125.493
28782, 31237, 117, 2, 0, 0.1, 3.61182e+06, 125.493
28783, 31237, 117, 3, 0, 0.1, 3.61193e+06, 125.493
28784, 32512, 127, 2, 0, 0.1, 3.61206e+06, 125.493
28785, 29962, 127, 2, 0, 0.1, 3.61219e+06, 125.493
28786, 29962, 137, 2, 0, 0.1, 3.61232e+06, 125.493
28787, 28940, 137, 0, 0, 0.1, 3.61246e+06, 125.494
28788, 24842, 127, 0, 0, 0.1, 3.61259e+06, 125.494
28789, 28954, 127, 3, 0, 0.1, 3.61272e+06, 125.494
28790, 28938, 117, 0, 0, 0.1, 3.61283e+06, 125.494
28791, 31504, 127, 1, 0, 0.1, 3.61296e+06, 125.494
28792, 31237, 127, 2, 0, 0.1, 3.61309e+06, 125.494
28793, 31237, 117, 0, 1, 0.1, 3.6132e+06, 125.493
28794, 31237, 117, 1, 0, 0.1, 3.61332e+06, 125.493
28795, 31492, 127, 1, 0, 0.1, 3.61345e+06, 125.493
28796, 31237, 127, 2, 0, 0.1, 3.61358e+06, 125.493
28797, 31237, 117, 1, 0, 0.1, 3.61369e+06, 125.493
28798, 31747, 137, 2, 0, 0.1, 3.61383e+06, 125.493
28799, 28682, 137, 3, 0, 0.1, 3.61397e+06, 125.494
28800, 28682, 117, 2, 0, 0.1, 3.61408e+06, 125.493
28801, 30722, 127, 3, 0, 0.1, 3.61421e+06, 125.493
28802, 30725, 137, 1, 0, 0.1, 3.61435e+06, 125.494
28803, 30722, 127, 2, 0, 0.1, 3.61447e+06, 125.494
28804, 29196, 127, 1, 0, 0.1, 3.6146e+06, 125.494
28805, 29189, 137, 1, 0, 0.1, 3.61474e+06, 125.494
28806, 262, 137, 1, 0, 0.1, 3.61488e+06, 125.495
28807, 262, 117, 0, 0, 0.1, 3.61499e+06, 125.494
28808, 266, 127, 2, 0, 0.1, 3.61512e+06, 125.494
28809, 262, 127, 1, 0, 0.1, 3.61525e+06, 125.495
28810, 262, 117, 3, 0, 0.1, 3.61536e+06, 125.494
28811, 16389, 127, 1, 0, 0.1, 3.61549e+06, 125.494
28812, 262, 127, 0, 0, 0.1, 3.61562e+06, 125.494
28813, 266, 127, 0, 0, 0.1, 3.61574e+06, 125.494
28814, 266, 127, 2, 0, 0.1, 3.61587e+06, 125.494
28815, 266, 127, 1, 1, 0.1, 3.616e+06, 125.494
28816, 266, 117, 2, 0, 0.1, 3.61612e+06, 125.494
28817, 262, 127, 3, 0, 0.1, 3.61624e+06, 125.494
28818, 16389, 127, 0, 0, 0.1, 3.61637e+06, 125.494
28819, 16389, 117, 1, 0, 0.1, 3.61649e+06, 125.494
28820, 262, 127, 3, 0, 0.1, 3.61661e+06, 125.494
28821, 16389, 127, 3, 0, 0.1, 3.61674e+06, 125.494
28822, 24588, 127, 1, 0, 0.1, 3.61687e+06, 125.494
28823, 16389, 127, 0, 0, 0.1, 3.61699e+06, 125.494
28824, 16389, 117, 3, 0, 0.1, 3.61711e+06, 125.494
28825, 24588, 127, 1, 1, 0.1, 3.61724e+06, 125.494
28826, 16389, 127, 3, 0, 0.1, 3.61736e+06, 125.494
28827, 24588, 127, 1, 0, 0.1, 3.61749e+06, 125.494
28828, 16389, 127, 3, 0, 0.1, 3.61762e+06, 125.494
28829, 24588, 127, 0, 0, 0.1, 3.61775e+06, 125.494
28830, 30722, 127, 2, 0, 0.1, 3.61787e+06, 125.494
28831, 24588, 127, 2, 0, 0.1, 3.618e+06, 125.494
28832, 24588, 117, 0, 0, 0.1, 3.61812e+06, 125.494
28833, 30722, 127, 3, 0, 0.1, 3.61824e+06, 125.494
28834, 30725, 127, 0, 1, 0.1, 3.61837e+06, 125.494
28835, 30725, 117, 3, 0, 0.1, 3.61849e+06, 125.494
28836, 28681, 137, 2, 0, 0.1, 3.61862e+06, 125.494
28837, 32774, 137, 1, 0, 0.1, 3.61876e+06, 125.495
28838, 32774, 117, 3, 0, 0.1, 3.61888e+06, 125.494
28839, 32773, 127, 3, 0, 0.1, 3.61901e+06, 125.494
28840, 49420, 127, 0, 0, 0.1, 3.61913e+06, 125.494
28841, 57626, 127, 2, 0, 0.1, 3.61926e+06, 125.494
28842, 49436, 127, 0, 0, 0.1, 3.61939e+06, 125.495
28843, 57626, 127, 2, 0, 0.1, 3.61951e+06, 125.495
28844, 49436, 127, 3, 0, 0.1, 3.61964e+06, 125.495
28845, 49436, 117, 2, 0, 0.1, 3.61976e+06, 125.494
28846, 49436, 117, 2, 0, 0.1, 3.61988e+06, 125.494
28847, 49436, 117, 3, 1, 0.1, 3.61999e+06, 125.494
28848, 49436, 117, 0, 0, 0.1, 3.62011e+06, 125.493
28849, 57626, 127, 0, 0, 0.1, 3.62024e+06, 125.493
28850, 61722, 127, 2, 1, 0.1, 3.62036e+06, 125.494
28851, 57626, 127, 2, 0, 0.1, 3.62049e+06, 125.494
28852, 49420, 127, 1, 0, 0.1, 3.62062e+06, 125.494
28853, 32773, 127, 3, 0, 0.1, 3.62074e+06, 125.494
28854, 49436, 127, 2, 0, 0.1, 3.62087e+06, 125.494
28855, 49436, 117, 2, 0, 0.1, 3.62099e+06, 125.493
28856, 49436, 117, 2, 0, 0.1, 3.62110e+06, 125.493
28857, 49436, 117, 3, 1, 0.1, 3.62122e+06, 125.493
28858, 49436, 117, 0, 0, 0.1, 3.62134e+06, 125.493
28859, 57626, 127, 2, 0, 0.1, 3.62147e+06, 125.493
28860, 49436, 127, 2, 0, 0.1, 3.62159e+06, 125.493
28861, 49436, 117, 2, 0, 0.1, 3.62171e+06, 125.492
28862, 49436, 117, 2, 0, 0.1, 3.62183e+06, 125.492
28863, 49436, 117, 0, 0, 0.1, 3.62194e+06, 125.492
28864, 57626, 127, 0, 0, 0.1, 3.62207e+06, 125.492
28865, 61722, 127, 2, 0, 0.1, 3.6222e+06, 125.492
28866, 57626, 127, 0, 0, 0.1, 3.62232e+06, 125.492
28867, 61722, 127, 0, 0, 0.1, 3.62245e+06, 125.492
28868, 63760, 127, 3, 0, 0.1, 3.62258e+06, 125.492
28869, 63621, 137, 3, 0, 0.1, 3.62272e+06, 125.492
28870, 63493, 127, 1, 0, 0.1, 3.62284e+06, 125.493
28871, 63493, 127, 3, 0, 0.1, 3.62297e+06, 125.493
28872, 63493, 127, 3, 0, 0.1, 3.6231e+06, 125.493
28873, 63493, 137, 3, 0, 0.1, 3.62323e+06, 125.493
28874, 64577, 127, 0, 0, 0.1, 3.62336e+06, 125.493
28875, 64577, 117, 0, 0, 0.1, 3.62348e+06, 125.493
28876, 64577, 117, 3, 0, 0.1, 3.6236e+06, 125.492
28877, 63493, 127, 1, 0, 0.1, 3.62372e+06, 125.493
28878, 64577, 127, 2, 0, 0.1, 3.62385e+06, 125.493
28879, 62474, 137, 2, 0, 0.1, 3.62399e+06, 125.493
28880, 62474, 127, 2, 0, 0.1, 3.62411e+06, 125.493
28881, 62474, 137, 1, 0, 0.1, 3.62425e+06, 125.493
28882, 62538, 117, 3, 0, 0.1, 3.62437e+06, 125.493
28883, 62474, 117, 0, 0, 0.1, 3.62448e+06, 125.493
28884, 62474, 127, 3, 1, 0.1, 3.62461e+06, 125.493
28885, 62474, 117, 2, 0, 0.1, 3.62473e+06, 125.493
28886, 62474, 127, 3, 0, 0.1, 3.62486e+06, 125.493
28887, 62474, 117, 2, 0, 0.1, 3.62497e+06, 125.492
28888, 62474, 137, 1, 1, 0.1, 3.62511e+06, 125.493
28889, 62474, 117, 0, 0, 0.1, 3.62523e+06, 125.492
28890, 58378, 127, 0, 0, 0.1, 3.62535e+06, 125.493
28891, 50186, 127, 0, 0, 0.1, 3.62548e+06, 125.493
28892, 58378, 127, 2, 0, 0.1, 3.62561e+06, 125.493
28893, 50186, 127, 1, 0, 0.1, 3.62573e+06, 125.493
28894, 50186, 117, 1, 0, 0.1, 3.62585e+06, 125.492
28895, 50186, 117, 2, 1, 0.1, 3.62597e+06, 125.492
28896, 58378, 127, 1, 0, 0.1, 3.6261e+06, 125.492
28897, 58378, 117, 0, 0, 0.1, 3.62621e+06, 125.492
28898, 50186, 127, 0, 0, 0.1, 3.62634e+06, 125.492
28899, 58378, 127, 2, 0, 0.1, 3.62647e+06, 125.492
28900, 50186, 127, 3, 0, 0.1, 3.62659e+06, 125.492
28901, 50186, 117, 3, 0, 0.1, 3.62671e+06, 125.492
28902, 50186, 117, 0, 0, 0.1, 3.62683e+06, 125.491
28903, 58378, 127, 1, 0, 0.1, 3.62695e+06, 125.491
28904, 58378, 117, 2, 0, 0.1, 3.62707e+06, 125.491
28905, 50186, 127, 0, 0, 0.1, 3.6272e+06, 125.491
28906, 58378, 127, 2, 0, 0.1, 3.62732e+06, 125.491
28907, 50186, 127, 3, 0, 0.1, 3.62745e+06, 125.491
28908, 50186, 117, 2, 0, 0.1, 3.62757e+06, 125.491
28909, 58378, 127, 2, 0, 0.1, 3.6277e+06, 125.491
28910, 62474, 127, 0, 0, 0.1, 3.62782e+06, 125.491
28911, 58378, 127, 2, 0, 0.1, 3.62795e+06, 125.491
28912, 62474, 127, 1, 0, 0.1, 3.62808e+06, 125.491
28913, 62474, 117, 2, 0, 0.1, 3.62819e+06, 125.491
28914, 62474, 127, 2, 0, 0.1, 3.62832e+06, 125.491
28915, 49162, 137, 2, 0, 0.1, 3.62846e+06, 125.491
28916, 57354, 127, 0, 0, 0.1, 3.62858e+06, 125.491
28917, 49162, 127, 0, 0, 0.1, 3.62871e+06, 125.491
28918, 32778, 127, 2, 0, 0.1, 3.62884e+06, 125.492
28919, 49162, 127, 2, 0, 0.1, 3.62897e+06, 125.492
28920, 57354, 127, 0, 0, 0.1, 3.62909e+06, 125.492
28921, 49162, 127, 2, 0, 0.1, 3.62922e+06, 125.492
28922, 57354, 127, 0, 0, 0.1, 3.62935e+06, 125.492
28923, 49162, 127, 2, 0, 0.1, 3.62947e+06, 125.492
28924, 57354, 127, 1, 0, 0.1, 3.6296e+06, 125.492
28925, 57354, 117, 1, 0, 0.1, 3.62972e+06, 125.492
28926, 57354, 117, 0, 0, 0.1, 3.62984e+06, 125.491
28927, 49162, 127, 0, 0, 0.1, 3.62996e+06, 125.491
28928, 32778, 127, 1, 0, 0.1, 3.63009e+06, 125.491
28929, 32778, 117, 2, 0, 0.1, 3.63021e+06, 125.491
28930, 49162, 127, 2, 0, 0.1, 3.63033e+06, 125.491
28931, 57354, 127, 2, 0, 0.1, 3.63046e+06, 125.491
28932, 61450, 127, 2, 0, 0.1, 3.63059e+06, 125.491
28933, 64164, 127, 3, 0, 0.1, 3.63071e+06, 125.491
28934, 64165, 127, 1, 1, 0.1, 3.63084e+06, 125.491
28935, 64164, 127, 1, 0, 0.1, 3.63097e+06, 125.491
28936, 64165, 137, 1, 0, 0.1, 3.63110e+06, 125.492
28937, 31397, 127, 1, 0, 0.1, 3.63123e+06, 125.492
28938, 31397, 137, 1, 0, 0.1, 3.63137e+06, 125.492
28939, 32704, 87, 3, 0, 0.1, 3.63146e+06, 125.491
28940, 29962, 117, 2, 0, 0.1, 3.63157e+06, 125.491
28941, 29960, 127, 2, 1, 0.1, 3.6317e+06, 125.491
28942, 29962, 137, 2, 0, 0.1, 3.63184e+06, 125.491
28943, 32002, 137, 3, 0, 0.1, 3.63197e+06, 125.491
28944, 30725, 127, 3, 0, 0.1, 3.6321e+06, 125.492
28945, 30980, 127, 3, 0, 0.1, 3.63223e+06, 125.492
28946, 30725, 127, 3, 0, 0.1, 3.63236e+06, 125.492
28947, 30725, 137, 3, 0, 0.1, 3.63249e+06, 125.492
28948, 30725, 127, 3, 0, 0.1, 3.63262e+06, 125.492
28949, 28940, 137, 1, 0, 0.1, 3.63276e+06, 125.492
28950, 24581, 127, 3, 0, 0.1, 3.63288e+06, 125.493
28951, 28940, 127, 1, 0, 0.1, 3.63301e+06, 125.493
28952, 24581, 127, 1, 0, 0.1, 3.63314e+06, 125.493
28953, 16389, 127, 1, 0, 0.1, 3.63326e+06, 125.493
28954, 24581, 127, 3, 0, 0.1, 3.63339e+06, 125.493
28955, 16389, 127, 3, 0, 0.1, 3.63352e+06, 125.493
28956, 24581, 127, 1, 0, 0.1, 3.63364e+06, 125.493
28957, 16389, 127, 3, 0, 0.1, 3.63377e+06, 125.493
28958, 24581, 127, 1, 0, 0.1, 3.6339e+06, 125.493
28959, 16389, 127, 3, 0, 0.1, 3.63403e+06, 125.493
28960, 24581, 127, 3, 0, 0.1, 3.63415e+06, 125.493
28961, 28940, 127, 1, 0, 0.1, 3.63428e+06, 125.493
28962, 24581, 127, 3, 0, 0.1, 3.63441e+06, 125.493
28963, 28940, 127, 1, 0, 0.1, 3.63453e+06, 125.493
28964, 24581, 127, 3, 0, 0.1, 3.63466e+06, 125.493
28965, 28940, 127, 1, 0, 0.1, 3.63479e+06, 125.493
28966, 24581, 127, 1, 0, 0.1, 3.63492e+06, 125.493
28967, 16389, 127, 1, 0, 0.1, 3.63504e+06, 125.493
28968, 24581, 127, 3, 0, 0.1, 3.63517e+06, 125.493
28969, 16389, 127, 3, 0, 0.1, 3.6353e+06, 125.494
28970, 24581, 127, 1, 0, 0.1, 3.63542e+06, 125.494
28971, 16389, 127, 3, 0, 0.1, 3.63555e+06, 125.494
28972, 24581, 127, 1, 0, 0.1, 3.63568e+06, 125.494
28973, 16389, 127, 3, 0, 0.1, 3.6358e+06, 125.494
28974, 24581, 127, 3, 0, 0.1, 3.63593e+06, 125.494
28975, 28940, 127, 1, 0, 0.1, 3.63606e+06, 125.494
28976, 24581, 127, 1, 0, 0.1, 3.63618e+06, 125.494
28977, 16389, 127, 3, 0, 0.1, 3.63631e+06, 125.494
28978, 24581, 127, 1, 0, 0.1, 3.63644e+06, 125.494
28979, 16389, 127, 3, 0, 0.1, 3.63657e+06, 125.494
28980, 24581, 127, 3, 0, 0.1, 3.63669e+06, 125.494
28981, 28940, 127, 1, 0, 0.1, 3.63682e+06, 125.494
28982, 24581, 127, 3, 0, 0.1, 3.63695e+06, 125.494
28983, 28940, 127, 1, 0, 0.1, 3.63707e+06, 125.494
28984, 24581, 127, 3, 1, 0.1, 3.6372e+06, 125.494
28985, 28940, 127, 0, 0, 0.1, 3.63733e+06, 125.494
28986, 28954, 127, 0, 0, 0.1, 3.63746e+06, 125.494
28987, 31040, 87, 3, 0, 0.1, 3.63754e+06, 125.493
28988, 29962, 117, 2, 0, 0.1, 3.63766e+06, 125.493
28989, 30472, 127, 1, 0, 0.1, 3.63779e+06, 125.493
28990, 28677, 137, 3, 0, 0.1, 3.63792e+06, 125.493
28991, 29960, 127, 1, 0, 0.1, 3.63805e+06, 125.493
28992, 28677, 127, 0, 1, 0.1, 3.63818e+06, 125.493
28993, 28677, 117, 1, 0, 0.1, 3.63829e+06, 125.493
28994, 29954, 127, 2, 0, 0.1, 3.63842e+06, 125.493
28995, 29962, 127, 2, 0, 0.1, 3.63855e+06, 125.493
28996, 30472, 127, 1, 0, 0.1, 3.63868e+06, 125.493
28997, 28677, 137, 3, 0, 0.1, 3.63881e+06, 125.494
28998, 29960, 127, 0, 0, 0.1, 3.63894e+06, 125.494
28999, 29962, 127, 2, 0, 0.1, 3.63907e+06, 125.494
29000, 29960, 127, 1, 0, 0.1, 3.63919e+06, 125.494
29001, 28677, 127, 3, 0, 0.1, 3.63932e+06, 125.494
29002, 29960, 127, 1, 0, 0.1, 3.63945e+06, 125.494
29003, 28677, 127, 1, 0, 0.1, 3.63957e+06, 125.494
29004, 28934, 127, 0, 0, 0.1, 3.6397e+06, 125.494
29005, 24586, 137, 0, 0, 0.1, 3.63984e+06, 125.494
29006, 29193, 127, 3, 0, 0.1, 3.63996e+06, 125.494
29007, 29193, 117, 1, 1, 0.1, 3.64008e+06, 125.494
29008, 29189, 127, 3, 0, 0.1, 3.64021e+06, 125.494
29009, 29193, 127, 1, 0, 0.1, 3.64034e+06, 125.494
29010, 29189, 127, 1, 0, 0.1, 3.64046e+06, 125.494
29011, 29954, 137, 2, 0, 0.1, 3.6406e+06, 125.495
29012, 29962, 127, 2, 0, 0.1, 3.64073e+06, 125.495
29013, 29962, 127, 2, 0, 0.1, 3.64085e+06, 125.495
29014, 29962, 137, 0, 0, 0.1, 3.64099e+06, 125.495
29015, 29962, 127, 0, 1, 0.1, 3.64112e+06, 125.495
29016, 25866, 127, 2, 0, 0.1, 3.64124e+06, 125.495
29017, 29962, 127, 3, 1, 0.1, 3.64137e+06, 125.495
29018, 29962, 117, 1, 1, 0.1, 3.64149e+06, 125.495
29019, 29962, 117, 2, 0, 0.1, 3.64161e+06, 125.495
29020, 29962, 127, 2, 0, 0.1, 3.64173e+06, 125.495
29021, 25866, 137, 2, 0, 0.1, 3.64187e+06, 125.495
29022, 29962, 127, 2, 0, 0.1, 3.642e+06, 125.495
29023, 29962, 127, 2, 0, 0.1, 3.64212e+06, 125.495
29024, 30982, 137, 0, 0, 0.1, 3.64226e+06, 125.496
29025, 28938, 127, 1, 0, 0.1, 3.64239e+06, 125.496
29026, 28938, 117, 0, 0, 0.1, 3.64250e+06, 125.495
29027, 24842, 127, 0, 0, 0.1, 3.64263e+06, 125.495
29028, 16650, 127, 0, 0, 0.1, 3.64276e+06, 125.496
29029, 266, 127, 2, 0, 0.1, 3.64289e+06, 125.496
29030, 16650, 127, 0, 0, 0.1, 3.64301e+06, 125.496
29031, 266, 127, 2, 0, 0.1, 3.64314e+06, 125.496
29032, 16650, 127, 2, 0, 0.1, 3.64327e+06, 125.496
29033, 24842, 127, 2, 0, 0.1, 3.64339e+06, 125.496
29034, 28938, 127, 0, 0, 0.1, 3.64352e+06, 125.496
29035, 24842, 127, 0, 0, 0.1, 3.64365e+06, 125.496
29036, 16650, 127, 1, 1, 0.1, 3.64378e+06, 125.496
29037, 16650, 117, 2, 0, 0.1, 3.64389e+06, 125.496
29038, 24842, 127, 0, 0, 0.1, 3.64402e+06, 125.496
29039, 16650, 127, 2, 0, 0.1, 3.64415e+06, 125.496
29040, 24842, 127, 0, 0, 0.1, 3.64427e+06, 125.496
29041, 16650, 127, 2, 0, 0.1, 3.6444e+06, 125.496
29042, 24842, 127, 0, 0, 0.1, 3.64453e+06, 125.496
29043, 16650, 127, 2, 1, 0.1, 3.64465e+06, 125.496
29044, 24842, 127, 0, 0, 0.1, 3.64478e+06, 125.496
29045, 16650, 127, 0, 0, 0.1, 3.64491e+06, 125.496
29046, 266, 127, 2, 0, 0.1, 3.64504e+06, 125.496
29047, 16650, 127, 0, 0, 0.1, 3.64516e+06, 125.496
29048, 266, 127, 0, 0, 0.1, 3.64529e+06, 125.496
29049, 16650, 127, 2, 0, 0.1, 3.64542e+06, 125.496
29050, 266, 127, 0, 0, 0.1, 3.64554e+06, 125.496
29051, 16650, 127, 3, 1, 0.1, 3.64567e+06, 125.496
29052, 16650, 117, 2, 0, 0.1, 3.64579e+06, 125.496
29053, 266, 127, 2, 0, 0.1, 3.64591e+06, 125.496
29054, 16650, 127, 2, 0, 0.1, 3.64604e+06, 125.496
29055, 24842, 127, 0, 0, 0.1, 3.64617e+06, 125.496
29056, 16650, 127, 1, 0, 0.1, 3.6463e+06, 125.496
29057, 16650, 117, 3, 0, 0.1, 3.64641e+06, 125.496
29058, 16650, 117, 0, 0, 0.1, 3.64653e+06, 125.496
29059, 266, 127, 2, 0, 0.1, 3.64666e+06, 125.496
29060, 16650, 127, 0, 1, 0.1, 3.64678e+06, 125.496
29061, 266, 127, 2, 1, 0.1, 3.64691e+06, 125.496
29062, 16650, 127, 0, 0, 0.1, 3.64704e+06, 125.496
29063, 266, 127, 2, 0, 0.1, 3.64716e+06, 125.496
29064, 16650, 127, 0, 0, 0.1, 3.64729e+06, 125.496
29065, 266, 127, 2, 0, 0.1, 3.64742e+06, 125.496
29066, 16650, 127, 0, 0, 0.1, 3.64754e+06, 125.496
29067, 266, 127, 2, 0, 0.1, 3.64767e+06, 125.496
29068, 16650, 127, 3, 1, 0.1, 3.6478e+06, 125.496
29069, 16650, 117, 1, 1, 0.1, 3.64792e+06, 125.496
29070, 16650, 117, 2, 0, 0.1, 3.64803e+06, 125.496
29071, 24842, 127, 2, 0, 0.1, 3.64816e+06, 125.496
29072, 28938, 127, 0, 0, 0.1, 3.64829e+06, 125.496
29073, 24842, 127, 1, 0, 0.1, 3.64841e+06, 125.496
29074, 24842, 117, 0, 0, 0.1, 3.64853e+06, 125.496
29075, 16650, 127, 2, 0, 0.1, 3.64866e+06, 125.496
29076, 24858, 127, 2, 0, 0.1, 3.64878e+06, 125.496
29077, 28954, 127, 1, 0, 0.1, 3.64891e+06, 125.496
29078, 28954, 117, 2, 0, 0.1, 3.64903e+06, 125.495
29079, 30998, 127, 0, 0, 0.1, 3.64916e+06, 125.495
29080, 28954, 127, 2, 0, 0.1, 3.64928e+06, 125.495
29081, 30998, 127, 3, 0, 0.1, 3.64941e+06, 125.496
29082, 24581, 137, 2, 1, 0.1, 3.64955e+06, 125.496
29083, 24613, 117, 0, 0, 0.1, 3.64966e+06, 125.496
29084, 24581, 67, 3, 0, 0.1, 3.64973e+06, 125.494
29085, 29962, 117, 2, 0, 0.1, 3.64985e+06, 125.493
29086, 30472, 137, 0, 0, 0.1, 3.64998e+06, 125.494
29087, 29962, 127, 2, 0, 0.1, 3.65011e+06, 125.494
29088, 30472, 127, 2, 0, 0.1, 3.65024e+06, 125.494
29089, 29962, 127, 2, 0, 0.1, 3.65037e+06, 125.494
29090, 32002, 127, 2, 0, 0.1, 3.65049e+06, 125.494
29091, 29962, 137, 0, 0, 0.1, 3.65063e+06, 125.494
29092, 32002, 127, 2, 0, 0.1, 3.65076e+06, 125.494
29093, 29962, 127, 3, 0, 0.1, 3.65088e+06, 125.494
29094, 29962, 117, 2, 0, 0.1, 3.651e+06, 125.494
29095, 32512, 137, 2, 0, 0.1, 3.65114e+06, 125.495
29096, 29962, 137, 2, 0, 0.1, 3.65128e+06, 125.495
29097, 24842, 137, 0, 0, 0.1, 3.65141e+06, 125.495
29098, 28938, 127, 0, 0, 0.1, 3.65154e+06, 125.495
29099, 31488, 127, 3, 0, 0.1, 3.65167e+06, 125.495
29100, 31237, 137, 1, 0, 0.1, 3.6518e+06, 125.496
29101, 31488, 127, 2, 1, 0.1, 3.65193e+06, 125.496
29102, 28938, 127, 1, 0, 0.1, 3.65206e+06, 125.496
29103, 28938, 117, 2, 0, 0.1, 3.65217e+06, 125.496
29104, 24842, 127, 2, 0, 0.1, 3.6523e+06, 125.496
29105, 28940, 127, 1, 0, 0.1, 3.65243e+06, 125.496
29106, 28677, 127, 1, 0, 0.1, 3.65256e+06, 125.496
29107, 61702, 137, 3, 0, 0.1, 3.65269e+06, 125.496
29108, 61445, 127, 1, 0, 0.1, 3.65282e+06, 125.496
29109, 61702, 127, 0, 0, 0.1, 3.65295e+06, 125.496
29110, 57353, 137, 0, 0, 0.1, 3.65308e+06, 125.497
29111, 57353, 117, 2, 0, 0.1, 3.6532e+06, 125.496
29112, 49158, 127, 3, 0, 0.1, 3.65333e+06, 125.496
29113, 32773, 127, 3, 0, 0.1, 3.65345e+06, 125.496
29114, 49420, 127, 1, 0, 0.1, 3.65358e+06, 125.497
29115, 32773, 127, 1, 0, 0.1, 3.65371e+06, 125.497
29116, 49158, 127, 0, 0, 0.1, 3.65384e+06, 125.497
29117, 57353, 127, 3, 0, 0.1, 3.65396e+06, 125.497
29118, 57353, 117, 1, 0, 0.1, 3.65408e+06, 125.496
29119, 61445, 127, 1, 0, 0.1, 3.65421e+06, 125.496
29120, 62722, 127, 2, 0, 0.1, 3.65433e+06, 125.497
29121, 62220, 137, 3, 0, 0.1, 3.65447e+06, 125.497
29122, 62220, 117, 0, 0, 0.1, 3.65459e+06, 125.497
29123, 61698, 127, 3, 0, 0.1, 3.65471e+06, 125.497
29124, 57349, 127, 3, 0, 0.1, 3.65484e+06, 125.497
29125, 49161, 127, 0, 0, 0.1, 3.65497e+06, 125.497
29126, 49161, 117, 1, 0, 0.1, 3.65508e+06, 125.496
29127, 57349, 127, 1, 1, 0.1, 3.65521e+06, 125.497
29128, 61698, 127, 0, 0, 0.1, 3.65534e+06, 125.497
29129, 61706, 127, 0, 0, 0.1, 3.65547e+06, 125.497
29130, 63491, 137, 3, 0, 0.1, 3.6556e+06, 125.497
29131, 63493, 137, 3, 0, 0.1, 3.65574e+06, 125.497
29132, 63748, 137, 1, 0, 0.1, 3.65588e+06, 125.498
29133, 63493, 127, 1, 0, 0.1, 3.656e+06, 125.498
29134, 59395, 127, 3, 0, 0.1, 3.65613e+06, 125.498
29135, 63493, 127, 3, 0, 0.1, 3.65626e+06, 125.498
29136, 63748, 127, 3, 0, 0.1, 3.65638e+06, 125.498
29137, 51205, 137, 2, 0, 0.1, 3.65652e+06, 125.498
29138, 51205, 117, 3, 0, 0.1, 3.65664e+06, 125.498
29139, 59664, 127, 3, 0, 0.1, 3.65677e+06, 125.498
29140, 63493, 127, 3, 1, 0.1, 3.65689e+06, 125.498
29141, 63493, 127, 3, 0, 0.1, 3.65702e+06, 125.498
29142, 63493, 137, 1, 0, 0.1, 3.65716e+06, 125.499
29143, 63621, 127, 1, 1, 0.1, 3.65728e+06, 125.499
29144, 59397, 127, 1, 0, 0.1, 3.65741e+06, 125.499
29145, 51472, 127, 3, 0, 0.1, 3.65754e+06, 125.499
29146, 59397, 127, 1, 0, 0.1, 3.65766e+06, 125.499
29147, 51600, 127, 1, 0, 0.1, 3.65779e+06, 125.499
29148, 51333, 127, 3, 0, 0.1, 3.65792e+06, 125.499
29149, 51600, 127, 1, 0, 0.1, 3.65805e+06, 125.499
29150, 51333, 127, 1, 0, 0.1, 3.65817e+06, 125.499
29151, 59780, 127, 1, 0, 0.1, 3.6583e+06, 125.499
29152, 51205, 127, 1, 0, 0.1, 3.65843e+06, 125.499
29153, 51331, 127, 1, 0, 0.1, 3.65855e+06, 125.499
29154, 51203, 117, 1, 0, 0.1, 3.65867e+06, 125.499
29155, 51203, 117, 3, 0, 0.1, 3.65879e+06, 125.499
29156, 51205, 127, 0, 0, 0.1, 3.65892e+06, 125.499
29157, 51205, 117, 1, 0, 0.1, 3.65903e+06, 125.498
29158, 51203, 127, 3, 0, 0.1, 3.65916e+06, 125.498
29159, 51205, 127, 1, 0, 0.1, 3.65929e+06, 125.499
29160, 51203, 127, 3, 0, 0.1, 3.65941e+06, 125.499
29161, 51205, 127, 2, 1, 0.1, 3.65954e+06, 125.499
29162, 51205, 117, 3, 0, 0.1, 3.65966e+06, 125.498
29163, 59652, 127, 0, 0, 0.1, 3.65978e+06, 125.498
29164, 61706, 127, 0, 0, 0.1, 3.65991e+06, 125.498
29165, 62216, 127, 2, 0, 0.1, 3.66004e+06, 125.498
29166, 61706, 127, 2, 0, 0.1, 3.66016e+06, 125.499
29167, 59652, 127, 3, 0, 0.1, 3.66029e+06, 125.499
29168, 51205, 127, 3, 0, 0.1, 3.66042e+06, 125.499
29169, 51456, 127, 1, 0, 0.1, 3.66055e+06, 125.499
29170, 51205, 127, 1, 0, 0.1, 3.66067e+06, 125.499
29171, 59652, 127, 1, 0, 0.1, 3.6608e+06, 125.499
29172, 51205, 127, 3, 0, 0.1, 3.66093e+06, 125.499
29173, 59652, 127, 0, 1, 0.1, 3.66105e+06, 125.499
29174, 61706, 127, 0, 0, 0.1, 3.66118e+06, 125.499
29175, 62216, 127, 0, 0, 0.1, 3.66131e+06, 125.499
29176, 61706, 137, 2, 0, 0.1, 3.66144e+06, 125.499
29177, 62216, 127, 0, 0, 0.1, 3.66157e+06, 125.499
29178, 61706, 127, 0, 0, 0.1, 3.6617e+06, 125.5
29179, 63746, 127, 1, 0, 0.1, 3.66183e+06, 125.5
29180, 63746, 117, 1, 0, 0.1, 3.66194e+06, 125.499
29181, 63746, 117, 3, 0, 0.1, 3.66206e+06, 125.499
29182, 61445, 137, 3, 0, 0.1, 3.6622e+06, 125.499
29183, 57624, 127, 0, 0, 0.1, 3.66232e+06, 125.499
29184, 61722, 127, 2, 0, 0.1, 3.66245e+06, 125.499
29185, 57624, 127, 3, 1, 0.1, 3.66258e+06, 125.5
29186, 57608, 117, 3, 0, 0.1, 3.6627e+06, 125.499
29187, 57624, 117, 3, 0, 0.1, 3.66281e+06, 125.499
29188, 57608, 117, 0, 0, 0.1, 3.66293e+06, 125.499
29189, 61706, 127, 1, 0, 0.1, 3.66306e+06, 125.499
29190, 61706, 117, 0, 0, 0.1, 3.66317e+06, 125.498
29191, 62216, 127, 1, 0, 0.1, 3.6633e+06, 125.498
29192, 61957, 137, 1, 0, 0.1, 3.66344e+06, 125.499
29193, 62722, 137, 0, 0, 0.1, 3.66357e+06, 125.499
29194, 62730, 127, 2, 0, 0.1, 3.6637e+06, 125.499
29195, 62722, 127, 2, 0, 0.1, 3.66383e+06, 125.499
29196, 49418, 137, 3, 0, 0.1, 3.66396e+06, 125.5
29197, 49418, 117, 0, 0, 0.1, 3.66408e+06, 125.499
29198, 57602, 127, 0, 0, 0.1, 3.66421e+06, 125.5
29199, 61706, 127, 0, 0, 0.1, 3.66434e+06, 125.5
29200, 62216, 127, 0, 0, 0.1, 3.66446e+06, 125.5
29201, 61450, 137, 3, 0, 0.1, 3.6646e+06, 125.5
29202, 61450, 117, 1, 0, 0.1, 3.66472e+06, 125.5
29203, 61450, 117, 0, 0, 0.1, 3.66483e+06, 125.499
29204, 64001, 127, 2, 0, 0.1, 3.66496e+06, 125.499
29205, 61450, 127, 3, 0, 0.1, 3.66509e+06, 125.5
29206, 61450, 117, 2, 0, 0.1, 3.66520e+06, 125.499
29207, 29192, 127, 2, 0, 0.1, 3.66533e+06, 125.499
29208, 24586, 127, 1, 1, 0.1, 3.66546e+06, 125.499
29209, 24586, 117, 2, 0, 0.1, 3.66558e+06, 125.499
29210, 24578, 127, 3, 0, 0.1, 3.6657e+06, 125.499
29211, 28677, 127, 3, 0, 0.1, 3.66583e+06, 125.499
29212, 28936, 127, 0, 0, 0.1, 3.66596e+06, 125.499
29213, 28938, 137, 0, 0, 0.1, 3.66609e+06, 125.5
29214, 30978, 137, 3, 0, 0.1, 3.66623e+06, 125.5
29215, 30725, 137, 2, 0, 0.1, 3.66637e+06, 125.5
29216, 30725, 117, 1, 1, 0.1, 3.66648e+06, 125.5
29217, 30978, 127, 0, 0, 0.1, 3.66661e+06, 125.5
29218, 28938, 137, 1, 0, 0.1, 3.66675e+06, 125.501
29219, 28938, 117, 0, 0, 0.1, 3.66687e+06, 125.5
29220, 31488, 127, 1, 0, 0.1, 3.66699e+06, 125.5
29221, 31237, 127, 3, 0, 0.1, 3.66712e+06, 125.5
29222, 31488, 127, 0, 0, 0.1, 3.66725e+06, 125.5
29223, 28938, 127, 2, 0, 0.1, 3.66737e+06, 125.5
29224, 31488, 127, 3, 0, 0.1, 3.6675e+06, 125.5
29225, 31237, 137, 3, 0, 0.1, 3.66764e+06, 125.501
29226, 31237, 127, 3, 0, 0.1, 3.66776e+06, 125.501
29227, 31237, 137, 0, 0, 0.1, 3.6679e+06, 125.501
29228, 31237, 117, 1, 0, 0.1, 3.66802e+06, 125.501
29229, 31237, 127, 1, 0, 0.1, 3.66815e+06, 125.501
29230, 27141, 127, 3, 0, 0.1, 3.66827e+06, 125.501
29231, 31237, 127, 1, 0, 0.1, 3.6684e+06, 125.501
29232, 27141, 127, 1, 0, 0.1, 3.66853e+06, 125.501
29233, 31488, 127, 3, 0, 0.1, 3.66865e+06, 125.501
29234, 27141, 127, 1, 0, 0.1, 3.66878e+06, 125.501
29235, 31488, 127, 2, 0, 0.1, 3.66891e+06, 125.501
29236, 24842, 127, 0, 0, 0.1, 3.66904e+06, 125.501
29237, 31488, 127, 3, 0, 0.1, 3.66916e+06, 125.502
29238, 27269, 127, 3, 0, 0.1, 3.66929e+06, 125.502
29239, 31365, 127, 3, 0, 0.1, 3.66942e+06, 125.502
29240, 31365, 127, 1, 0, 0.1, 3.66954e+06, 125.502
29241, 31365, 127, 1, 0, 0.1, 3.66967e+06, 125.502
29242, 27269, 127, 0, 0, 0.1, 3.6698e+06, 125.502
29243, 27269, 117, 1, 0, 0.1, 3.66991e+06, 125.501
29244, 31616, 127, 0, 0, 0.1, 3.67004e+06, 125.502
29245, 28938, 127, 0, 1, 0.1, 3.67017e+06, 125.502
29246, 28746, 137, 3, 0, 0.1, 3.67030e+06, 125.502
29247, 28746, 117, 1, 0, 0.1, 3.67042e+06, 125.502
29248, 28682, 67, 3, 0, 0.1, 3.67049e+06, 125.5
29249, 29962, 117, 0, 0, 0.1, 3.67061e+06, 125.499
29250, 30472, 127, 1, 0, 0.1, 3.67073e+06, 125.499
29251, 29189, 127, 3, 0, 0.1, 3.67086e+06, 125.499
29252, 30472, 127, 2, 0, 0.1, 3.67099e+06, 125.5
29253, 29962, 127, 2, 0, 0.1, 3.67111e+06, 125.5
29254, 30472, 137, 2, 0, 0.1, 3.67125e+06, 125.5
29255, 29962, 127, 2, 0, 0.1, 3.67138e+06, 125.5
29256, 32002, 137, 2, 0, 0.1, 3.67152e+06, 125.5
29257, 29962, 127, 2, 0, 0.1, 3.67164e+06, 125.5
29258, 32512, 127, 2, 0, 0.1, 3.67177e+06, 125.501
29259, 28938, 137, 0, 0, 0.1, 3.67191e+06, 125.501
29260, 31488, 127, 2, 0, 0.1, 3.67203e+06, 125.501
29261, 28938, 127, 2, 0, 0.1, 3.67216e+06, 125.501
29262, 28938, 127, 0, 0, 0.1, 3.67229e+06, 125.501
29263, 28938, 127, 0, 0, 0.1, 3.67241e+06, 125.501
29264, 31488, 127, 3, 0, 0.1, 3.67254e+06, 125.501
29265, 31237, 137, 3, 1, 0.1, 3.67268e+06, 125.502
29266, 31237, 137, 3, 0, 0.1, 3.67282e+06, 125.502
29267, 31237, 137, 3, 0, 0.1, 3.67295e+06, 125.502
29268, 32257, 127, 2, 0, 0.1, 3.67308e+06, 125.502
29269, 29706, 137, 0, 0, 0.1, 3.67322e+06, 125.503
29270, 28161, 127, 2, 0, 0.1, 3.67334e+06, 125.503
29271, 29706, 127, 2, 0, 0.1, 3.67347e+06, 125.503
29272, 29706, 127, 0, 0, 0.1, 3.6736e+06, 125.503
29273, 29706, 127, 2, 0, 0.1, 3.67372e+06, 125.503
29274, 29706, 127, 2, 0, 0.1, 3.67385e+06, 125.503
29275, 29706, 137, 1, 0, 0.1, 3.67399e+06, 125.503
29276, 29706, 117, 1, 0, 0.1, 3.67410e+06, 125.503
29277, 29706, 117, 2, 0, 0.1, 3.67422e+06, 125.503
29278, 10, 137, 1, 0, 0.1, 3.67436e+06, 125.503
29279, 10, 117, 2, 0, 0.1, 3.67448e+06, 125.503
29280, 10, 127, 0, 0, 0.1, 3.6746e+06, 125.503
29281, 10, 127, 2, 0, 0.1, 3.67473e+06, 125.503
29282, 10, 127, 2, 0, 0.1, 3.67486e+06, 125.503
29283, 16394, 127, 2, 0, 0.1, 3.67498e+06, 125.503
29284, 24586, 127, 2, 0, 0.1, 3.67511e+06, 125.503
29285, 28682, 127, 2, 1, 0.1, 3.67524e+06, 125.503
29286, 31236, 127, 0, 0, 0.1, 3.67536e+06, 125.503
29287, 28682, 127, 0, 0, 0.1, 3.67549e+06, 125.503
29288, 24586, 127, 2, 0, 0.1, 3.67562e+06, 125.503
29289, 28682, 127, 2, 0, 0.1, 3.67575e+06, 125.503
29290, 31364, 127, 3, 0, 0.1, 3.67587e+06, 125.504
29291, 31365, 137, 3, 0, 0.1, 3.67601e+06, 125.504
29292, 31365, 137, 1, 0, 0.1, 3.67615e+06, 125.504
29293, 31365, 127, 1, 0, 0.1, 3.67627e+06, 125.504
29294, 27268, 127, 3, 0, 0.1, 3.6764e+06, 125.504
29295, 31269, 77, 2, 0, 0.1, 3.67648e+06, 125.503
29296, 30472, 127, 2, 0, 0.1, 3.67660e+06, 125.503
29297, 29962, 137, 2, 0, 0.1, 3.67674e+06, 125.503
29298, 32002, 137, 3, 0, 0.1, 3.67688e+06, 125.504
29299, 30725, 137, 3, 0, 0.1, 3.67702e+06, 125.504
29300, 30980, 137, 0, 0, 0.1, 3.67715e+06, 125.504
29301, 28938, 127, 2, 0, 0.1, 3.67728e+06, 125.504
29302, 30980, 127, 3, 0, 0.1, 3.67741e+06, 125.504
29303, 30725, 137, 3, 0, 0.1, 3.67754e+06, 125.505
29304, 30725, 137, 1, 0, 0.1, 3.67768e+06, 125.505
29305, 30725, 127, 3, 0, 0.1, 3.67781e+06, 125.505
29306, 30725, 127, 3, 0, 0.1, 3.67794e+06, 125.505
29307, 30725, 137, 3, 1, 0.1, 3.67807e+06, 125.506
29308, 28940, 137, 0, 0, 0.1, 3.67821e+06, 125.506
29309, 28954, 127, 0, 0, 0.1, 3.67834e+06, 125.506
29310, 31552, 87, 3, 0, 0.1, 3.67842e+06, 125.505
29311, 29962, 117, 2, 0, 0.1, 3.67854e+06, 125.505
29312, 30472, 137, 0, 0, 0.1, 3.67868e+06, 125.505
29313, 29962, 127, 2, 0, 0.1, 3.6788e+06, 125.505
29314, 30472, 127, 1, 0, 0.1, 3.67893e+06, 125.505
29315, 24581, 137, 0, 1, 0.1, 3.67907e+06, 125.505
29316, 24581, 117, 1, 0, 0.1, 3.67918e+06, 125.505
29317, 29954, 127, 0, 0, 0.1, 3.67931e+06, 125.505
29318, 29962, 127, 2, 0, 0.1, 3.67944e+06, 125.505
29319, 29954, 127, 3, 0, 0.1, 3.67957e+06, 125.505
29320, 24581, 127, 3, 0, 0.1, 3.67969e+06, 125.505
29321, 29960, 127, 2, 0, 0.1, 3.67982e+06, 125.505
29322, 29962, 127, 0, 0, 0.1, 3.67995e+06, 125.506
29323, 29960, 127, 0, 0, 0.1, 3.68007e+06, 125.506
29324, 29962, 127, 0, 1, 0.1, 3.6802e+06, 125.506
29325, 30472, 137, 1, 0, 0.1, 3.68034e+06, 125.506
29326, 28677, 137, 1, 0, 0.1, 3.68048e+06, 125.506
29327, 29954, 127, 0, 0, 0.1, 3.6806e+06, 125.506
29328, 29962, 137, 2, 0, 0.1, 3.68074e+06, 125.507
29329, 29954, 127, 2, 0, 0.1, 3.68087e+06, 125.507
29330, 25866, 127, 2, 0, 0.1, 3.68099e+06, 125.507
29331, 29954, 127, 2, 0, 0.1, 3.68112e+06, 125.507
29332, 29962, 127, 2, 0, 0.1, 3.68125e+06, 125.507
29333, 30472, 137, 2, 0, 0.1, 3.68138e+06, 125.507
29334, 29962, 127, 2, 0, 0.1, 3.68151e+06, 125.507
29335, 31492, 137, 3, 0, 0.1, 3.68165e+06, 125.508
29336, 31237, 127, 3, 0, 0.1, 3.68178e+06, 125.508
29337, 32512, 137, 2, 0, 0.1, 3.68191e+06, 125.508
29338, 29962, 137, 0, 0, 0.1, 3.68205e+06, 125.509
29339, 32512, 127, 2, 0, 0.1, 3.68218e+06, 125.509
29340, 29962, 127, 2, 0, 0.1, 3.6823e+06, 125.509
29341, 29962, 137, 3, 0, 0.1, 3.68244e+06, 125.509
29342, 29962, 117, 2, 1, 0.1, 3.68256e+06, 125.509
29343, 29452, 137, 0, 0, 0.1, 3.68269e+06, 125.509
29344, 28938, 127, 0, 0, 0.1, 3.68282e+06, 125.509
29345, 28938, 127, 0, 0, 0.1, 3.68295e+06, 125.509
29346, 31488, 127, 1, 0, 0.1, 3.68308e+06, 125.509
29347, 31237, 127, 1, 0, 0.1, 3.6832e+06, 125.51
29348, 31492, 127, 3, 0, 0.1, 3.68333e+06, 125.51
29349, 31237, 127, 3, 0, 0.1, 3.68346e+06, 125.51
29350, 31488, 127, 0, 0, 0.1, 3.68358e+06, 125.51
29351, 28938, 127, 0, 0, 0.1, 3.68371e+06, 125.51
29352, 31106, 127, 1, 0, 0.1, 3.68384e+06, 125.51
29353, 31106, 117, 3, 0, 0.1, 3.68395e+06, 125.509
29354, 18469, 87, 3, 0, 0.1, 3.68404e+06, 125.508
29355, 29962, 117, 2, 0, 0.1, 3.68416e+06, 125.508
29356, 30472, 137, 1, 0, 0.1, 3.6843e+06, 125.508
29357, 29189, 127, 3, 0, 0.1, 3.68442e+06, 125.508
29358, 30472, 127, 1, 0, 0.1, 3.68455e+06, 125.508
29359, 29189, 127, 1, 0, 0.1, 3.68468e+06, 125.508
29360, 29954, 137, 3, 0, 0.1, 3.68481e+06, 125.509
29361, 28677, 127, 3, 0, 0.1, 3.68494e+06, 125.509
29362, 29960, 127, 2, 0, 0.1, 3.68507e+06, 125.509
29363, 29962, 127, 2, 0, 0.1, 3.68519e+06, 125.509
29364, 32002, 137, 3, 0, 0.1, 3.68533e+06, 125.509
29365, 26629, 137, 2, 0, 0.1, 3.68547e+06, 125.51
29366, 26629, 117, 3, 0, 0.1, 3.68558e+06, 125.509
29367, 30980, 127, 3, 0, 0.1, 3.68571e+06, 125.51
29368, 30725, 127, 1, 0, 0.1, 3.68584e+06, 125.51
29369, 30980, 127, 0, 0, 0.1, 3.68597e+06, 125.51
29370, 28938, 127, 2, 0, 0.1, 3.68609e+06, 125.51
29371, 30980, 127, 1, 1, 0.1, 3.68622e+06, 125.51
29372, 26629, 127, 0, 0, 0.1, 3.68635e+06, 125.51
29373, 26629, 117, 1, 0, 0.1, 3.68646e+06, 125.509
29374, 32002, 127, 3, 0, 0.1, 3.68659e+06, 125.51
29375, 26629, 127, 3, 0, 0.1, 3.68672e+06, 125.51
29376, 30980, 127, 0, 0, 0.1, 3.68684e+06, 125.51
29377, 28938, 127, 2, 0, 0.1, 3.68697e+06, 125.51
29378, 30980, 127, 3, 0, 0.1, 3.6871e+06, 125.51
29379, 30725, 127, 3, 0, 0.1, 3.68723e+06, 125.51
29380, 30725, 127, 3, 0, 0.1, 3.68735e+06, 125.51
29381, 30725, 137, 2, 0, 0.1, 3.68749e+06, 125.51
29382, 30725, 117, 1, 0, 0.1, 3.68761e+06, 125.51
29383, 30725, 127, 3, 0, 0.1, 3.68773e+06, 125.51
29384, 30725, 127, 3, 0, 0.1, 3.68786e+06, 125.51
29385, 28940, 137, 1, 0, 0.1, 3.688e+06, 125.51
29386, 28677, 127, 1, 0, 0.1, 3.68812e+06, 125.51
29387, 24581, 127, 1, 0, 0.1, 3.68825e+06, 125.511
29388, 24581, 127, 3, 0, 0.1, 3.68838e+06, 125.511
29389, 24581, 127, 3, 0, 0.1, 3.68851e+06, 125.511
29390, 28677, 127, 1, 0, 0.1, 3.68863e+06, 125.511
29391, 24581, 127, 3, 0, 0.1, 3.68876e+06, 125.511
29392, 28677, 127, 1, 0, 0.1, 3.68889e+06, 125.511
29393, 24581, 127, 3, 0, 0.1, 3.68901e+06, 125.511
29394, 28677, 127, 1, 0, 0.1, 3.68914e+06, 125.511
29395, 24581, 127, 1, 0, 0.1, 3.68927e+06, 125.511
29396, 24581, 127, 3, 0, 0.1, 3.6894e+06, 125.511
29397, 24581, 127, 0, 1, 0.1, 3.68952e+06, 125.511
29398, 24581, 117, 3, 0, 0.1, 3.68964e+06, 125.511
29399, 28677, 127, 3, 0, 0.1, 3.68977e+06, 125.511
29400, 28940, 127, 1, 0, 0.1, 3.68989e+06, 125.511
29401, 28677, 127, 3, 0, 0.1, 3.69002e+06, 125.511
29402, 28940, 127, 1, 0, 0.1, 3.69015e+06, 125.511
29403, 28677, 127, 3, 0, 0.1, 3.69027e+06, 125.511
29404, 28940, 127, 1, 0, 0.1, 3.6904e+06, 125.511
29405, 28677, 127, 1, 0, 0.1, 3.69053e+06, 125.511
29406, 24581, 127, 1, 0, 0.1, 3.69066e+06, 125.511
29407, 24581, 127, 3, 0, 0.1, 3.69078e+06, 125.511
29408, 24581, 127, 1, 0, 0.1, 3.69091e+06, 125.511
29409, 24581, 127, 3, 0, 0.1, 3.69104e+06, 125.511
29410, 24581, 127, 0, 0, 0.1, 3.69116e+06, 125.511
29411, 24581, 117, 1, 0, 0.1, 3.69128e+06, 125.511
29412, 24581, 127, 3, 0, 0.1, 3.69141e+06, 125.511
29413, 24581, 127, 3, 0, 0.1, 3.69153e+06, 125.511
29414, 28677, 127, 3, 0, 0.1, 3.69166e+06, 125.511
29415, 28940, 127, 1, 0, 0.1, 3.69179e+06, 125.511
29416, 28677, 127, 1, 0, 0.1, 3.69192e+06, 125.511
29417, 24581, 127, 1, 0, 0.1, 3.69204e+06, 125.511
29418, 24581, 127, 1, 0, 0.1, 3.69217e+06, 125.511
29419, 28932, 127, 0, 1, 0.1, 3.6923e+06, 125.511
29420, 28938, 127, 0, 0, 0.1, 3.69242e+06, 125.512
29421, 28938, 137, 0, 0, 0.1, 3.69256e+06, 125.512
29422, 28938, 137, 0, 0, 0.1, 3.6927e+06, 125.512
29423, 28938, 127, 2, 0, 0.1, 3.69282e+06, 125.512
29424, 28938, 127, 0, 0, 0.1, 3.69295e+06, 125.512
29425, 28938, 127, 2, 0, 0.1, 3.69308e+06, 125.512
29426, 28938, 127, 2, 0, 0.1, 3.69320e+06, 125.512
29427, 24842, 127, 2, 0, 0.1, 3.69333e+06, 125.513
29428, 16650, 127, 2, 0, 0.1, 3.69346e+06, 125.513
29429, 16644, 127, 0, 0, 0.1, 3.69359e+06, 125.513
29430, 16650, 127, 0, 0, 0.1, 3.69371e+06, 125.513
29431, 24842, 127, 2, 0, 0.1, 3.69384e+06, 125.513
29432, 16650, 127, 2, 0, 0.1, 3.69397e+06, 125.513
29433, 16644, 127, 3, 0, 0.1, 3.69409e+06, 125.513
29434, 16389, 127, 3, 0, 0.1, 3.69422e+06, 125.513
29435, 24581, 127, 1, 0, 0.1, 3.69435e+06, 125.513
29436, 16389, 127, 3, 0, 0.1, 3.69448e+06, 125.513
29437, 24581, 127, 3, 0, 0.1, 3.6946e+06, 125.513
29438, 28677, 127, 3, 0, 0.1, 3.69473e+06, 125.513
29439, 28940, 127, 0, 0, 0.1, 3.69486e+06, 125.513
29440, 28954, 137, 1, 0, 0.1, 3.69499e+06, 125.514
29441, 28954, 67, 3, 0, 0.1, 3.69506e+06, 125.512
29442, 29962, 117, 2, 0, 0.1, 3.69518e+06, 125.511
29443, 29960, 137, 2, 0, 0.1, 3.69531e+06, 125.512
29444, 17674, 137, 1, 0, 0.1, 3.69545e+06, 125.512
29445, 17674, 117, 2, 1, 0.1, 3.69557e+06, 125.512
29446, 27906, 127, 3, 0, 0.1, 3.6957e+06, 125.512
29447, 30725, 127, 3, 1, 0.1, 3.69582e+06, 125.512
29448, 30980, 127, 1, 0, 0.1, 3.69595e+06, 125.512
29449, 30725, 127, 3, 0, 0.1, 3.69608e+06, 125.512
29450, 30980, 127, 3, 0, 0.1, 3.6962e+06, 125.512
29451, 30725, 127, 2, 0, 0.1, 3.69633e+06, 125.512
29452, 30725, 117, 3, 0, 0.1, 3.69645e+06, 125.512
29453, 30725, 127, 1, 0, 0.1, 3.69657e+06, 125.512
29454, 30725, 127, 1, 1, 0.1, 3.6967e+06, 125.512
29455, 30980, 127, 0, 0, 0.1, 3.69683e+06, 125.512
29456, 28938, 137, 2, 0, 0.1, 3.69696e+06, 125.512
29457, 26884, 127, 0, 0, 0.1, 3.69709e+06, 125.512
29458, 28938, 127, 3, 0, 0.1, 3.69722e+06, 125.512
29459, 28938, 117, 0, 0, 0.1, 3.69734e+06, 125.512
29460, 28938, 127, 0, 0, 0.1, 3.69746e+06, 125.512
29461, 28938, 137, 0, 0, 0.1, 3.6976e+06, 125.513
29462, 28938, 127, 0, 0, 0.1, 3.69773e+06, 125.513
29463, 16394, 137, 2, 1, 0.1, 3.69786e+06, 125.513
29464, 10, 127, 0, 0, 0.1, 3.69799e+06, 125.513
29465, 16394, 127, 0, 0, 0.1, 3.69812e+06, 125.513
29466, 26625, 127, 1, 0, 0.1, 3.69824e+06, 125.513
29467, 30725, 127, 3, 0, 0.1, 3.69837e+06, 125.513
29468, 26625, 127, 3, 0, 0.1, 3.6985e+06, 125.513
29469, 30725, 127, 3, 0, 0.1, 3.69863e+06, 125.513
29470, 30725, 127, 0, 0, 0.1, 3.69875e+06, 125.513
29471, 30725, 117, 3, 0, 0.1, 3.69887e+06, 125.513
29472, 30725, 137, 3, 0, 0.1, 3.69901e+06, 125.513
29473, 29705, 137, 3, 0, 0.1, 3.69914e+06, 125.514
29474, 29769, 117, 2, 0, 0.1, 3.69926e+06, 125.514
29475, 29770, 77, 0, 0, 0.1, 3.69934e+06, 125.512
29476, 29960, 137, 2, 0, 0.1, 3.69948e+06, 125.512
29477, 29962, 127, 2, 0, 0.1, 3.6996e+06, 125.512
29478, 30472, 127, 1, 1, 0.1, 3.69973e+06, 125.512
29479, 29189, 127, 1, 0, 0.1, 3.69986e+06, 125.512
29480, 24834, 137, 0, 0, 0.1, 3.69999e+06, 125.513
29481, 28938, 127, 0, 0, 0.1, 3.70012e+06, 125.513
29482, 28930, 127, 0, 0, 0.1, 3.70025e+06, 125.513
29483, 28938, 137, 1, 1, 0.1, 3.70038e+06, 125.513
29484, 28938, 117, 3, 0, 0.1, 3.7005e+06, 125.513
29485, 28938, 117, 2, 0, 0.1, 3.70062e+06, 125.513
29486, 24834, 127, 2, 1, 0.1, 3.70074e+06, 125.513
29487, 16650, 127, 0, 0, 0.1, 3.70087e+06, 125.513
29488, 24834, 127, 2, 0, 0.1, 3.701e+06, 125.513
29489, 16650, 127, 0, 0, 0.1, 3.70113e+06, 125.513
29490, 24834, 127, 2, 0, 0.1, 3.70125e+06, 125.513
29491, 16650, 127, 2, 0, 0.1, 3.70138e+06, 125.513
29492, 258, 127, 0, 0, 0.1, 3.70151e+06, 125.513
29493, 16650, 127, 2, 1, 0.1, 3.70163e+06, 125.513
29494, 258, 127, 0, 0, 0.1, 3.70176e+06, 125.513
29495, 16650, 127, 2, 0, 0.1, 3.70189e+06, 125.513
29496, 258, 127, 2, 0, 0.1, 3.70202e+06, 125.513
29497, 16650, 127, 3, 1, 0.1, 3.70214e+06, 125.513
29498, 16650, 117, 0, 0, 0.1, 3.70226e+06, 125.513
29499, 258, 127, 3, 0, 0.1, 3.70239e+06, 125.513
29500, 16389, 127, 3, 0, 0.1, 3.70251e+06, 125.513
29501, 25864, 127, 1, 0, 0.1, 3.70264e+06, 125.513
29502, 16389, 127, 3, 0, 0.1, 3.70277e+06, 125.513
29503, 25864, 127, 2, 0, 0.1, 3.70289e+06, 125.513
29504, 29962, 127, 0, 0, 0.1, 3.70302e+06, 125.513
29505, 25864, 127, 2, 0, 0.1, 3.70315e+06, 125.513
29506, 29962, 127, 2, 0, 0.1, 3.70328e+06, 125.513
29507, 32002, 127, 3, 0, 0.1, 3.7034e+06, 125.514
29508, 30725, 137, 3, 0, 0.1, 3.70354e+06, 125.514
29509, 30996, 137, 3, 0, 0.1, 3.70368e+06, 125.514
29510, 26629, 137, 3, 0, 0.1, 3.70381e+06, 125.515
29511, 30725, 127, 3, 0, 0.1, 3.70394e+06, 125.515
29512, 30725, 127, 1, 1, 0.1, 3.70407e+06, 125.515
29513, 30725, 127, 3, 0, 0.1, 3.70419e+06, 125.515
29514, 30757, 127, 0, 0, 0.1, 3.70432e+06, 125.515
29515, 30757, 117, 0, 1, 0.1, 3.70444e+06, 125.515
29516, 30757, 117, 3, 0, 0.1, 3.70456e+06, 125.514
29517, 16684, 137, 1, 0, 0.1, 3.70469e+06, 125.515
29518, 133, 77, 2, 1, 0.1, 3.70477e+06, 125.513
29519, 30472, 127, 2, 0, 0.1, 3.7049e+06, 125.513
29520, 29962, 137, 2, 0, 0.1, 3.70503e+06, 125.513
29521, 32002, 127, 3, 0, 0.1, 3.70516e+06, 125.514
29522, 30725, 137, 1, 0, 0.1, 3.7053e+06, 125.514
29523, 32002, 127, 2, 0, 0.1, 3.70542e+06, 125.514
29524, 29962, 137, 2, 0, 0.1, 3.70556e+06, 125.514
29525, 32512, 127, 2, 0, 0.1, 3.70569e+06, 125.514
29526, 28938, 137, 2, 0, 0.1, 3.70582e+06, 125.515
29527, 24842, 127, 3, 0, 0.1, 3.70595e+06, 125.515
29528, 24842, 117, 2, 0, 0.1, 3.70607e+06, 125.515
29529, 28940, 127, 1, 0, 0.1, 3.7062e+06, 125.515
29530, 28677, 127, 3, 0, 0.1, 3.70632e+06, 125.515
29531, 28940, 127, 1, 0, 0.1, 3.70645e+06, 125.515
29532, 28677, 127, 1, 0, 0.1, 3.70658e+06, 125.515
29533, 61702, 137, 3, 0, 0.1, 3.70671e+06, 125.515
29534, 61445, 127, 3, 0, 0.1, 3.70684e+06, 125.515
29535, 57612, 127, 3, 1, 0.1, 3.70697e+06, 125.515
29536, 57612, 117, 0, 0, 0.1, 3.70708e+06, 125.515
29537, 57610, 127, 2, 0, 0.1, 3.70721e+06, 125.515
29538, 57612, 127, 1, 0, 0.1, 3.70734e+06, 125.515
29539, 61445, 127, 2, 0, 0.1, 3.70747e+06, 125.515
29540, 61445, 117, 3, 0, 0.1, 3.70758e+06, 125.515
29541, 57612, 127, 0, 0, 0.1, 3.70771e+06, 125.515
29542, 57610, 127, 2, 0, 0.1, 3.70784e+06, 125.515
29543, 57612, 127, 1, 0, 0.1, 3.70796e+06, 125.515
29544, 61445, 127, 1, 0, 0.1, 3.70809e+06, 125.515
29545, 61702, 127, 2, 0, 0.1, 3.70822e+06, 125.515
29546, 61702, 117, 1, 0, 0.1, 3.70834e+06, 125.515
29547, 61702, 117, 0, 0, 0.1, 3.70845e+06, 125.515
29548, 61961, 137, 1, 0, 0.1, 3.70859e+06, 125.515
29549, 61445, 137, 3, 0, 0.1, 3.70873e+06, 125.515
29550, 57353, 127, 0, 0, 0.1, 3.70885e+06, 125.515
29551, 57353, 117, 3, 0, 0.1, 3.70897e+06, 125.515
29552, 57353, 117, 2, 0, 0.1, 3.70909e+06, 125.515
29553, 49158, 127, 0, 1, 0.1, 3.70921e+06, 125.515
29554, 57353, 127, 3, 0, 0.1, 3.70934e+06, 125.515
29555, 57353, 117, 0, 1, 0.1, 3.70946e+06, 125.515
29556, 57353, 117, 2, 0, 0.1, 3.70958e+06, 125.514
29557, 49158, 127, 0, 0, 0.1, 3.7097e+06, 125.514
29558, 57353, 127, 0, 0, 0.1, 3.70983e+06, 125.514
29559, 57353, 117, 2, 0, 0.1, 3.70995e+06, 125.514
29560, 49158, 127, 3, 0, 0.1, 3.71007e+06, 125.514
29561, 32773, 127, 1, 0, 0.1, 3.7102e+06, 125.514
29562, 49158, 127, 2, 1, 0.1, 3.71033e+06, 125.514
29563, 49158, 117, 2, 0, 0.1, 3.71044e+06, 125.514
29564, 49158, 117, 3, 0, 0.1, 3.71056e+06, 125.514
29565, 32773, 127, 3, 0, 0.1, 3.71069e+06, 125.514
29566, 49420, 127, 1, 0, 0.1, 3.71082e+06, 125.514
29567, 32773, 127, 2, 0, 0.1, 3.71094e+06, 125.514
29568, 32773, 117, 1, 0, 0.1, 3.71106e+06, 125.514
29569, 49158, 127, 0, 1, 0.1, 3.71119e+06, 125.514
29570, 57353, 127, 1, 0, 0.1, 3.71131e+06, 125.514
29571, 61445, 127, 3, 0, 0.1, 3.71144e+06, 125.514
29572, 57353, 127, 2, 0, 0.1, 3.71157e+06, 125.514
29573, 49158, 127, 0, 0, 0.1, 3.71169e+06, 125.514
29574, 57353, 127, 1, 0, 0.1, 3.71182e+06, 125.514
29575, 61445, 127, 2, 0, 0.1, 3.71195e+06, 125.514
29576, 61445, 117, 3, 0, 0.1, 3.71206e+06, 125.514
29577, 57353, 127, 1, 0, 0.1, 3.71219e+06, 125.514
29578, 61445, 127, 3, 0, 0.1, 3.71232e+06, 125.514
29579, 57353, 127, 2, 0, 0.1, 3.71245e+06, 125.514
29580, 49158, 127, 0, 0, 0.1, 3.71257e+06, 125.514
29581, 57353, 127, 0, 0, 0.1, 3.7127e+06, 125.514
29582, 57353, 117, 2, 0, 0.1, 3.71282e+06, 125.514
29583, 49158, 127, 3, 0, 0.1, 3.71294e+06, 125.514
29584, 32773, 127, 3, 0, 0.1, 3.71307e+06, 125.514
29585, 49420, 127, 1, 0, 0.1, 3.7132e+06, 125.514
29586, 32773, 127, 1, 0, 0.1, 3.71332e+06, 125.514
29587, 49158, 127, 0, 0, 0.1, 3.71345e+06, 125.514
29588, 57353, 127, 1, 0, 0.1, 3.71358e+06, 125.514
29589, 61445, 127, 3, 0, 0.1, 3.71371e+06, 125.514
29590, 57353, 127, 1, 0, 0.1, 3.71383e+06, 125.514
29591, 61445, 127, 3, 0, 0.1, 3.71396e+06, 125.514
29592, 57353, 127, 1, 0, 0.1, 3.71409e+06, 125.514
29593, 61445, 127, 2, 0, 0.1, 3.71421e+06, 125.514
29594, 61445, 117, 3, 0, 0.1, 3.71433e+06, 125.514
29595, 57353, 127, 0, 0, 0.1, 3.71446e+06, 125.514
29596, 57353, 117, 2, 0, 0.1, 3.71458e+06, 125.514
29597, 49158, 127, 0, 0, 0.1, 3.7147e+06, 125.514
29598, 57353, 127, 0, 0, 0.1, 3.71483e+06, 125.514
29599, 57353, 117, 2, 0, 0.1, 3.71495e+06, 125.513
29600, 49158, 127, 0, 0, 0.1, 3.71507e+06, 125.513
29601, 57353, 127, 1, 0, 0.1, 3.7152e+06, 125.514
29602, 61445, 127, 0, 0, 0.1, 3.71533e+06, 125.514
29603, 61445, 117, 3, 0, 0.1, 3.71544e+06, 125.513
29604, 57353, 127, 0, 0, 0.1, 3.71557e+06, 125.513
29605, 57353, 117, 1, 0, 0.1, 3.71569e+06, 125.513
29606, 61445, 127, 1, 0, 0.1, 3.71582e+06, 125.513
29607, 62722, 127, 2, 0, 0.1, 3.71594e+06, 125.513
29608, 62220, 137, 2, 0, 0.1, 3.71608e+06, 125.514
29609, 62220, 117, 1, 0, 0.1, 3.7162e+06, 125.513
29610, 61957, 127, 1, 0, 0.1, 3.71632e+06, 125.513
29611, 61702, 137, 3, 0, 0.1, 3.71646e+06, 125.514
29612, 61445, 127, 3, 0, 0.1, 3.71659e+06, 125.514
29613, 57612, 127, 0, 0, 0.1, 3.71671e+06, 125.514
29614, 61698, 127, 3, 0, 0.1, 3.71684e+06, 125.514
29615, 57349, 127, 1, 0, 0.1, 3.71697e+06, 125.514
29616, 61698, 127, 3, 0, 0.1, 3.7171e+06, 125.514
29617, 57349, 127, 1, 0, 0.1, 3.71722e+06, 125.514
29618, 61698, 127, 2, 0, 0.1, 3.71735e+06, 125.514
29619, 57612, 127, 1, 1, 0.1, 3.71748e+06, 125.514
29620, 61445, 127, 0, 1, 0.1, 3.7176e+06, 125.514
29621, 61445, 117, 1, 0, 0.1, 3.71772e+06, 125.514
29622, 61702, 127, 3, 0, 0.1, 3.71785e+06, 125.514
29623, 61445, 127, 2, 1, 0.1, 3.71797e+06, 125.514
29624, 61445, 117, 1, 0, 0.1, 3.71809e+06, 125.514
29625, 61702, 127, 0, 0, 0.1, 3.71822e+06, 125.514
29626, 61706, 137, 0, 0, 0.1, 3.71836e+06, 125.514
29627, 61706, 137, 2, 0, 0.1, 3.71849e+06, 125.514
29628, 57610, 127, 2, 0, 0.1, 3.71862e+06, 125.515
29629, 49414, 127, 1, 0, 0.1, 3.71875e+06, 125.515
29630, 49414, 117, 2, 0, 0.1, 3.71886e+06, 125.514
29631, 49414, 117, 2, 0, 0.1, 3.71898e+06, 125.514
29632, 49414, 117, 1, 0, 0.1, 3.7191e+06, 125.514
29633, 16646, 117, 3, 0, 0.1, 3.71921e+06, 125.513
29634, 16389, 127, 3, 0, 0.1, 3.71934e+06, 125.513
29635, 24844, 127, 1, 0, 0.1, 3.71947e+06, 125.514
29636, 16389, 127, 2, 0, 0.1, 3.7196e+06, 125.514
29637, 16389, 117, 3, 0, 0.1, 3.71971e+06, 125.513
29638, 24844, 127, 1, 0, 0.1, 3.71984e+06, 125.513
29639, 16389, 127, 3, 0, 0.1, 3.71997e+06, 125.513
29640, 24860, 127, 0, 0, 0.1, 3.72009e+06, 125.513
29641, 28994, 77, 2, 0, 0.1, 3.72017e+06, 125.512
29642, 29960, 127, 2, 0, 0.1, 3.7203e+06, 125.512
29643, 25866, 137, 2, 0, 0.1, 3.72043e+06, 125.512
29644, 32002, 127, 0, 1, 0.1, 3.72056e+06, 125.512
29645, 25866, 127, 0, 1, 0.1, 3.72069e+06, 125.512
29646, 25864, 127, 1, 0, 0.1, 3.72082e+06, 125.512
29647, 28677, 127, 1, 0, 0.1, 3.72094e+06, 125.512
29648, 29954, 127, 1, 1, 0.1, 3.72107e+06, 125.512
29649, 29954, 117, 1, 1, 0.1, 3.72119e+06, 125.512
29650, 29954, 117, 2, 0, 0.1, 3.7213e+06, 125.512
29651, 29962, 137, 0, 0, 0.1, 3.72144e+06, 125.512
29652, 29954, 127, 0, 0, 0.1, 3.72157e+06, 125.512
29653, 29962, 127, 3, 1, 0.1, 3.72169e+06, 125.512
29654, 29962, 117, 2, 0, 0.1, 3.72181e+06, 125.512
29655, 29954, 127, 2, 0, 0.1, 3.72194e+06, 125.512
29656, 29962, 127, 2, 0, 0.1, 3.72206e+06, 125.512
29657, 29448, 137, 1, 0, 0.1, 3.7222e+06, 125.513
29658, 29189, 137, 1, 0, 0.1, 3.72234e+06, 125.513
29659, 24582, 137, 3, 1, 0.1, 3.72248e+06, 125.513
29660, 16389, 127, 1, 0, 0.1, 3.7226e+06, 125.513
29661, 24582, 127, 0, 0, 0.1, 3.72273e+06, 125.513
29662, 28682, 127, 0, 0, 0.1, 3.72286e+06, 125.514
29663, 29193, 127, 2, 0, 0.1, 3.72298e+06, 125.514
29664, 28682, 127, 0, 0, 0.1, 3.72311e+06, 125.514
29665, 29193, 127, 3, 0, 0.1, 3.72324e+06, 125.514
29666, 29193, 117, 2, 0, 0.1, 3.72336e+06, 125.513
29667, 28682, 127, 2, 0, 0.1, 3.72348e+06, 125.513
29668, 24582, 127, 3, 0, 0.1, 3.72361e+06, 125.513
29669, 16389, 127, 0, 1, 0.1, 3.72374e+06, 125.514
29670, 16389, 117, 3, 0, 0.1, 3.72385e+06, 125.513
29671, 16648, 127, 3, 0, 0.1, 3.72398e+06, 125.513
29672, 16648, 117, 2, 0, 0.1, 3.7241e+06, 125.513
29673, 24842, 127, 2, 0, 0.1, 3.72422e+06, 125.513
29674, 30996, 127, 3, 1, 0.1, 3.72435e+06, 125.513
29675, 30725, 127, 3, 0, 0.1, 3.72448e+06, 125.513
29676, 30976, 137, 2, 0, 0.1, 3.72462e+06, 125.514
29677, 24842, 127, 2, 0, 0.1, 3.72474e+06, 125.514
29678, 28938, 127, 2, 1, 0.1, 3.72487e+06, 125.514
29679, 29452, 127, 2, 0, 0.1, 3.725e+06, 125.514
29680, 29452, 117, 1, 0, 0.1, 3.72511e+06, 125.513
29681, 28677, 137, 1, 0, 0.1, 3.72525e+06, 125.514
29682, 57350, 137, 1, 0, 0.1, 3.72539e+06, 125.514
29683, 57350, 117, 3, 0, 0.1, 3.7255e+06, 125.514
29684, 49157, 127, 3, 0, 0.1, 3.72563e+06, 125.514
29685, 33036, 127, 0, 0, 0.1, 3.72576e+06, 125.514
29686, 49418, 127, 0, 0, 0.1, 3.72588e+06, 125.514
29687, 57610, 127, 2, 0, 0.1, 3.72601e+06, 125.514
29688, 49418, 127, 0, 0, 0.1, 3.72614e+06, 125.514
29689, 57610, 127, 2, 0, 0.1, 3.72627e+06, 125.514
29690, 49418, 127, 1, 1, 0.1, 3.72639e+06, 125.514
29691, 49418, 117, 2, 0, 0.1, 3.72651e+06, 125.514
29692, 33036, 127, 1, 0, 0.1, 3.72664e+06, 125.514
29693, 49157, 127, 3, 0, 0.1, 3.72676e+06, 125.514
29694, 33036, 127, 3, 0, 0.1, 3.72689e+06, 125.514
29695, 33036, 117, 0, 0, 0.1, 3.72701e+06, 125.514
29696, 49418, 127, 0, 0, 0.1, 3.72714e+06, 125.514
29697, 57610, 127, 0, 0, 0.1, 3.72726e+06, 125.514
29698, 63744, 127, 2, 0, 0.1, 3.72739e+06, 125.514
29699, 57610, 127, 0, 0, 0.1, 3.72752e+06, 125.514
29700, 63872, 127, 3, 0, 0.1, 3.72764e+06, 125.514
29701, 63621, 127, 1, 1, 0.1, 3.72777e+06, 125.514
29702, 63872, 127, 0, 0, 0.1, 3.7279e+06, 125.514
29703, 57610, 127, 0, 0, 0.1, 3.72802e+06, 125.514
29704, 59650, 127, 2, 1, 0.1, 3.72815e+06, 125.514
29705, 57610, 127, 2, 0, 0.1, 3.72828e+06, 125.514
29706, 63872, 127, 2, 0, 0.1, 3.72840e+06, 125.514
29707, 57610, 127, 1, 1, 0.1, 3.72853e+06, 125.514
29708, 57610, 117, 2, 0, 0.1, 3.72865e+06, 125.514
29709, 49418, 127, 1, 0, 0.1, 3.72878e+06, 125.514
29710, 49418, 117, 0, 0, 0.1, 3.72889e+06, 125.514
29711, 57610, 127, 2, 0, 0.1, 3.72902e+06, 125.514
29712, 49418, 127, 0, 0, 0.1, 3.72915e+06, 125.514
29713, 57610, 127, 2, 0, 0.1, 3.72927e+06, 125.514
29714, 49418, 127, 2, 0, 0.1, 3.7294e+06, 125.514
29715, 33036, 127, 1, 0, 0.1, 3.72953e+06, 125.514
29716, 49157, 127, 1, 0, 0.1, 3.72966e+06, 125.514
29717, 57350, 127, 3, 0, 0.1, 3.72978e+06, 125.514
29718, 49157, 127, 3, 0, 0.1, 3.72991e+06, 125.514
29719, 33036, 127, 1, 0, 0.1, 3.73004e+06, 125.514
29720, 49157, 127, 1, 0, 0.1, 3.73016e+06, 125.514
29721, 57350, 127, 3, 0, 0.1, 3.73029e+06, 125.514
29722, 49157, 127, 1, 0, 0.1, 3.73042e+06, 125.515
29723, 57350, 127, 1, 0, 0.1, 3.73054e+06, 125.515
29724, 57350, 117, 3, 0, 0.1, 3.73066e+06, 125.514
29725, 49157, 127, 1, 0, 0.1, 3.73079e+06, 125.514
29726, 57350, 127, 1, 0, 0.1, 3.73092e+06, 125.514
29727, 57350, 117, 1, 0, 0.1, 3.73103e+06, 125.514
29728, 57350, 117, 3, 0, 0.1, 3.73115e+06, 125.514
29729, 49157, 127, 3, 0, 0.1, 3.73128e+06, 125.514
29730, 33036, 127, 2, 0, 0.1, 3.7314e+06, 125.514
29731, 33036, 117, 0, 0, 0.1, 3.73152e+06, 125.514
29732, 49418, 127, 0, 0, 0.1, 3.73165e+06, 125.514
29733, 57610, 127, 0, 0, 0.1, 3.73177e+06, 125.514
29734, 63744, 127, 0, 0, 0.1, 3.7319e+06, 125.514
29735, 57610, 127, 2, 0, 0.1, 3.73203e+06, 125.514
29736, 63744, 127, 0, 0, 0.1, 3.73216e+06, 125.514
29737, 57610, 127, 1, 1, 0.1, 3.73228e+06, 125.514
29738, 57610, 117, 2, 0, 0.1, 3.7324e+06, 125.514
29739, 63872, 127, 3, 0, 0.1, 3.73253e+06, 125.514
29740, 63621, 127, 3, 0, 0.1, 3.73265e+06, 125.514
29741, 63493, 137, 1, 0, 0.1, 3.73279e+06, 125.514
29742, 63621, 127, 2, 0, 0.1, 3.73292e+06, 125.514
29743, 63493, 117, 1, 0, 0.1, 3.73303e+06, 125.514
29744, 59648, 127, 1, 0, 0.1, 3.73316e+06, 125.514
29745, 51205, 127, 1, 0, 0.1, 3.73329e+06, 125.514
29746, 51476, 127, 3, 0, 0.1, 3.73342e+06, 125.514
29747, 51205, 127, 1, 0, 0.1, 3.73354e+06, 125.514
29748, 51476, 127, 0, 0, 0.1, 3.73367e+06, 125.514
29749, 33050, 127, 2, 0, 0.1, 3.7338e+06, 125.514
29750, 51476, 127, 1, 0, 0.1, 3.73392e+06, 125.514
29751, 59397, 127, 2, 1, 0.1, 3.73405e+06, 125.514
29752, 59397, 117, 1, 0, 0.1, 3.73417e+06, 125.514
29753, 64515, 127, 2, 0, 0.1, 3.73429e+06, 125.514
29754, 62474, 127, 3, 1, 0.1, 3.73442e+06, 125.514
29755, 62474, 117, 2, 0, 0.1, 3.73454e+06, 125.514
29756, 61442, 137, 1, 0, 0.1, 3.73468e+06, 125.514
29757, 61442, 117, 1, 0, 0.1, 3.73479e+06, 125.514
29758, 61442, 117, 3, 0, 0.1, 3.73491e+06, 125.514
29759, 57349, 127, 1, 0, 0.1, 3.73504e+06, 125.514
29760, 61442, 127, 2, 0, 0.1, 3.73516e+06, 125.514
29761, 61964, 127, 2, 0, 0.1, 3.73529e+06, 125.514
29762, 61964, 117, 1, 0, 0.1, 3.73541e+06, 125.513
29763, 49157, 137, 0, 0, 0.1, 3.73554e+06, 125.514
29764, 49157, 117, 3, 0, 0.1, 3.73566e+06, 125.514
29765, 32780, 127, 3, 0, 0.1, 3.73579e+06, 125.514
29766, 32780, 117, 0, 0, 0.1, 3.73590e+06, 125.513
29767, 32770, 127, 1, 0, 0.1, 3.73603e+06, 125.513
29768, 32770, 117, 0, 0, 0.1, 3.73615e+06, 125.513
29769, 32778, 127, 2, 0, 0.1, 3.73628e+06, 125.513
29770, 32770, 127, 3, 0, 0.1, 3.7364e+06, 125.513
29771, 32773, 127, 3, 0, 0.1, 3.73653e+06, 125.513
29772, 32777, 127, 3, 0, 0.1, 3.73666e+06, 125.513
29773, 32777, 117, 0, 1, 0.1, 3.73677e+06, 125.513
29774, 32777, 117, 2, 0, 0.1, 3.73689e+06, 125.513
29775, 32774, 127, 0, 0, 0.1, 3.73702e+06, 125.513
29776, 32777, 127, 1, 0, 0.1, 3.73714e+06, 125.513
29777, 32773, 127, 0, 0, 0.1, 3.73727e+06, 125.513
29778, 32773, 117, 0, 0, 0.1, 3.73739e+06, 125.513
29779, 32773, 117, 3, 0, 0.1, 3.73751e+06, 125.512
29780, 32777, 127, 2, 0, 0.1, 3.73763e+06, 125.512
29781, 32774, 127, 3, 0, 0.1, 3.73776e+06, 125.512
29782, 5, 127, 2, 1, 0.1, 3.73789e+06, 125.512
29783, 5, 117, 1, 0, 0.1, 3.738e+06, 125.512
29784, 6, 127, 3, 0, 0.1, 3.73813e+06, 125.512
29785, 5, 127, 3, 0, 0.1, 3.73826e+06, 125.512
29786, 268, 127, 1, 1, 0.1, 3.73838e+06, 125.512
29787, 5, 127, 1, 0, 0.1, 3.73851e+06, 125.512
29788, 6, 127, 0, 0, 0.1, 3.73864e+06, 125.512
29789, 9, 127, 3, 0, 0.1, 3.73877e+06, 125.512
29790, 9, 117, 2, 0, 0.1, 3.73888e+06, 125.512
29791, 6, 127, 0, 0, 0.1, 3.73901e+06, 125.512
29792, 9, 127, 0, 1, 0.1, 3.73914e+06, 125.512
29793, 9, 117, 3, 0, 0.1, 3.73925e+06, 125.512
29794, 9, 117, 2, 0, 0.1, 3.73937e+06, 125.512
29795, 6, 127, 0, 0, 0.1, 3.7395e+06, 125.512
29796, 9, 127, 1, 0, 0.1, 3.73962e+06, 125.512
29797, 5, 127, 3, 0, 0.1, 3.73975e+06, 125.512
29798, 9, 127, 2, 0, 0.1, 3.73988e+06, 125.512
29799, 6, 127, 0, 0, 0.1, 3.74001e+06, 125.512
29800, 9, 127, 3, 0, 0.1, 3.74013e+06, 125.512
29801, 9, 117, 2, 0, 0.1, 3.74025e+06, 125.512
29802, 6, 127, 3, 0, 0.1, 3.74038e+06, 125.512
29803, 5, 127, 3, 0, 0.1, 3.7405e+06, 125.512
29804, 284, 127, 0, 0, 0.1, 3.74063e+06, 125.512
29805, 266, 127, 0, 0, 0.1, 3.74076e+06, 125.512
29806, 16666, 127, 2, 1, 0.1, 3.74088e+06, 125.512
29807, 282, 127, 0, 0, 0.1, 3.74101e+06, 125.512
29808, 16666, 127, 2, 1, 0.1, 3.74114e+06, 125.512
29809, 282, 127, 0, 0, 0.1, 3.74127e+06, 125.512
29810, 16666, 127, 0, 0, 0.1, 3.74139e+06, 125.512
29811, 26896, 127, 0, 0, 0.1, 3.74152e+06, 125.512
29812, 16666, 127, 2, 0, 0.1, 3.74165e+06, 125.512
29813, 26896, 127, 0, 0, 0.1, 3.74177e+06, 125.512
29814, 16666, 127, 2, 0, 0.1, 3.7419e+06, 125.512
29815, 26880, 127, 3, 0, 0.1, 3.74203e+06, 125.512
29816, 30725, 127, 3, 0, 0.1, 3.74216e+06, 125.512
29817, 30725, 127, 3, 0, 0.1, 3.74228e+06, 125.513
29818, 30725, 137, 1, 0, 0.1, 3.74242e+06, 125.513
29819, 30725, 127, 3, 0, 0.1, 3.74255e+06, 125.513
29820, 30725, 127, 1, 0, 0.1, 3.74267e+06, 125.513
29821, 30725, 127, 3, 0, 0.1, 3.7428e+06, 125.513
29822, 30725, 127, 1, 0, 0.1, 3.74293e+06, 125.513
29823, 30725, 127, 3, 0, 0.1, 3.74305e+06, 125.513
29824, 30725, 127, 3, 0, 0.1, 3.74318e+06, 125.513
29825, 31809, 137, 2, 1, 0.1, 3.74332e+06, 125.514
29826, 29770, 137, 0, 0, 0.1, 3.74346e+06, 125.514
29827, 31809, 127, 3, 0, 0.1, 3.74358e+06, 125.514
29828, 30725, 137, 3, 0, 0.1, 3.74372e+06, 125.514
29829, 30725, 127, 3, 0, 0.1, 3.74385e+06, 125.514
29830, 16389, 137, 3, 0, 0.1, 3.74398e+06, 125.515
29831, 25633, 127, 2, 0, 0.1, 3.74411e+06, 125.515
29832, 29706, 127, 2, 0, 0.1, 3.74424e+06, 125.515
29833, 29706, 127, 0, 0, 0.1, 3.74436e+06, 125.515
29834, 29706, 127, 2, 0, 0.1, 3.74449e+06, 125.515
29835, 29722, 127, 2, 0, 0.1, 3.74462e+06, 125.515
29836, 30742, 137, 0, 0, 0.1, 3.74476e+06, 125.516
29837, 24586, 77, 2, 0, 0.1, 3.74483e+06, 125.514
29838, 30472, 137, 2, 0, 0.1, 3.74497e+06, 125.514
29839, 29962, 127, 0, 1, 0.1, 3.7451e+06, 125.514
29840, 30472, 127, 1, 0, 0.1, 3.74522e+06, 125.514
29841, 29189, 137, 1, 0, 0.1, 3.74536e+06, 125.515
29842, 29954, 137, 3, 0, 0.1, 3.7455e+06, 125.515
29843, 28677, 127, 1, 0, 0.1, 3.74562e+06, 125.515
29844, 29954, 127, 3, 0, 0.1, 3.74575e+06, 125.515
29845, 28677, 127, 1, 1, 0.1, 3.74588e+06, 125.515
29846, 29954, 127, 2, 0, 0.1, 3.74600e+06, 125.515
29847, 28938, 137, 2, 0, 0.1, 3.74614e+06, 125.516
29848, 29448, 127, 1, 0, 0.1, 3.74627e+06, 125.516
29849, 29189, 127, 3, 1, 0.1, 3.7464e+06, 125.516
29850, 29448, 127, 1, 0, 0.1, 3.74652e+06, 125.516
29851, 29189, 127, 0, 1, 0.1, 3.74665e+06, 125.516
29852, 29189, 117, 1, 0, 0.1, 3.74677e+06, 125.516
29853, 28934, 137, 3, 0, 0.1, 3.7469e+06, 125.516
29854, 28677, 127, 3, 0, 0.1, 3.74703e+06, 125.516
29855, 24840, 127, 1, 0, 0.1, 3.74716e+06, 125.516
29856, 28677, 127, 3, 0, 0.1, 3.74728e+06, 125.516
29857, 24840, 127, 1, 0, 0.1, 3.74741e+06, 125.516
29858, 28677, 127, 3, 0, 0.1, 3.74754e+06, 125.516
29859, 24840, 127, 2, 0, 0.1, 3.74767e+06, 125.516
29860, 28938, 127, 0, 0, 0.1, 3.74779e+06, 125.516
29861, 24840, 127, 1, 0, 0.1, 3.74792e+06, 125.516
29862, 28677, 127, 1, 0, 0.1, 3.74805e+06, 125.516
29863, 28934, 127, 3, 0, 0.1, 3.74817e+06, 125.517
29864, 28677, 127, 3, 0, 0.1, 3.7483e+06, 125.517
29865, 24840, 127, 0, 0, 0.1, 3.74843e+06, 125.517
29866, 28938, 127, 2, 0, 0.1, 3.74856e+06, 125.517
29867, 24840, 127, 2, 1, 0.1, 3.74868e+06, 125.517
29868, 28954, 127, 0, 0, 0.1, 3.74881e+06, 125.517
29869, 24856, 127, 0, 0, 0.1, 3.74894e+06, 125.517
29870, 28954, 127, 0, 1, 0.1, 3.74906e+06, 125.517
29871, 28994, 77, 0, 0, 0.1, 3.74914e+06, 125.515
29872, 25864, 127, 2, 0, 0.1, 3.74927e+06, 125.515
29873, 29962, 127, 0, 0, 0.1, 3.74939e+06, 125.515
29874, 25864, 127, 2, 0, 0.1, 3.74952e+06, 125.515
29875, 29962, 127, 2, 0, 0.1, 3.74965e+06, 125.515
29876, 29960, 127, 2, 0, 0.1, 3.74978e+06, 125.515
29877, 29962, 137, 2, 1, 0.1, 3.74991e+06, 125.516
29878, 32002, 127, 2, 0, 0.1, 3.75004e+06, 125.516
29879, 29962, 137, 2, 0, 0.1, 3.75018e+06, 125.516
29880, 32512, 137, 3, 0, 0.1, 3.75031e+06, 125.517
29881, 31237, 127, 1, 0, 0.1, 3.75044e+06, 125.517
29882, 32512, 127, 3, 0, 0.1, 3.75057e+06, 125.517
29883, 31237, 127, 3, 0, 0.1, 3.75069e+06, 125.517
29884, 31237, 127, 3, 0, 0.1, 3.75082e+06, 125.517
29885, 31237, 127, 1, 0, 0.1, 3.75095e+06, 125.517
29886, 31237, 127, 1, 0, 0.1, 3.75108e+06, 125.517
29887, 31237, 127, 3, 0, 0.1, 3.7512e+06, 125.517
29888, 31237, 127, 2, 0, 0.1, 3.75133e+06, 125.517
29889, 31237, 117, 3, 0, 0.1, 3.75145e+06, 125.517
29890, 31237, 127, 1, 0, 0.1, 3.75157e+06, 125.517
29891, 31237, 127, 0, 0, 0.1, 3.7517e+06, 125.517
29892, 31237, 117, 1, 0, 0.1, 3.75182e+06, 125.517
29893, 31237, 127, 3, 0, 0.1, 3.75194e+06, 125.517
29894, 31237, 127, 3, 0, 0.1, 3.75207e+06, 125.517
29895, 31237, 127, 1, 0, 0.1, 3.7522e+06, 125.517
29896, 31237, 127, 1, 0, 0.1, 3.75232e+06, 125.517
29897, 31237, 127, 1, 0, 0.1, 3.75245e+06, 125.517
29898, 32528, 127, 0, 0, 0.1, 3.75258e+06, 125.517
29899, 29978, 127, 2, 0, 0.1, 3.75271e+06, 125.517
29900, 32528, 127, 1, 0, 0.1, 3.75283e+06, 125.517
29901, 31237, 127, 3, 0, 0.1, 3.75296e+06, 125.517
29902, 32528, 127, 1, 0, 0.1, 3.75309e+06, 125.517
29903, 31237, 127, 2, 0, 0.1, 3.75321e+06, 125.517
29904, 31365, 117, 3, 0, 0.1, 3.75333e+06, 125.517
29905, 32544, 77, 0, 0, 0.1, 3.75341e+06, 125.515
29906, 29960, 127, 0, 0, 0.1, 3.75354e+06, 125.515
29907, 29962, 137, 2, 0, 0.1, 3.75367e+06, 125.516
29908, 25864, 127, 2, 0, 0.1, 3.7538e+06, 125.516
29909, 29962, 127, 2, 0, 0.1, 3.75393e+06, 125.516
29910, 30472, 127, 3, 1, 0.1, 3.75405e+06, 125.516
29911, 30472, 117, 2, 0, 0.1, 3.75417e+06, 125.516
29912, 29962, 137, 2, 0, 0.1, 3.75431e+06, 125.516
29913, 32002, 137, 3, 0, 0.1, 3.75444e+06, 125.516
29914, 30725, 137, 3, 0, 0.1, 3.75458e+06, 125.517
29915, 26884, 127, 1, 1, 0.1, 3.75471e+06, 125.517
29916, 30725, 127, 0, 0, 0.1, 3.75484e+06, 125.517
29917, 30725, 117, 3, 0, 0.1, 3.75495e+06, 125.517
29918, 26884, 127, 1, 0, 0.1, 3.75508e+06, 125.517
29919, 30725, 127, 3, 0, 0.1, 3.75521e+06, 125.517
29920, 26884, 127, 3, 0, 0.1, 3.75533e+06, 125.517
29921, 30725, 127, 1, 1, 0.1, 3.75546e+06, 125.517
29922, 26884, 127, 0, 0, 0.1, 3.75559e+06, 125.517
29923, 24842, 127, 0, 0, 0.1, 3.75571e+06, 125.517
29924, 28938, 127, 2, 0, 0.1, 3.75584e+06, 125.517
29925, 24842, 127, 0, 0, 0.1, 3.75597e+06, 125.517
29926, 28938, 127, 2, 0, 0.1, 3.7561e+06, 125.517
29927, 24842, 127, 2, 0, 0.1, 3.75622e+06, 125.517
29928, 26884, 127, 3, 0, 0.1, 3.75635e+06, 125.517
29929, 30725, 127, 3, 0, 0.1, 3.75648e+06, 125.517
29930, 30725, 127, 1, 0, 0.1, 3.7566e+06, 125.517
29931, 30725, 127, 3, 0, 0.1, 3.75673e+06, 125.517
29932, 30725, 127, 3, 0, 0.1, 3.75686e+06, 125.517
29933, 30725, 137, 2, 1, 0.1, 3.75699e+06, 125.518
29934, 30725, 117, 1, 0, 0.1, 3.75711e+06, 125.517
29935, 30725, 127, 3, 0, 0.1, 3.75724e+06, 125.517
29936, 30725, 127, 3, 0, 0.1, 3.75736e+06, 125.517
29937, 24844, 137, 3, 0, 0.1, 3.7575e+06, 125.518
29938, 24860, 117, 0, 0, 0.1, 3.75762e+06, 125.518
29939, 28954, 77, 2, 0, 0.1, 3.7577e+06, 125.516
29940, 30472, 137, 1, 0, 0.1, 3.75783e+06, 125.516
29941, 29189, 127, 1, 0, 0.1, 3.75796e+06, 125.516
29942, 29954, 137, 2, 0, 0.1, 3.7581e+06, 125.517
29943, 25866, 137, 2, 0, 0.1, 3.75823e+06, 125.517
29944, 30472, 127, 1, 0, 0.1, 3.75836e+06, 125.517
29945, 29189, 127, 1, 0, 0.1, 3.75849e+06, 125.517
29946, 28934, 137, 1, 1, 0.1, 3.75862e+06, 125.518
29947, 28934, 117, 3, 0, 0.1, 3.75874e+06, 125.517
29948, 28677, 127, 3, 0, 0.1, 3.75887e+06, 125.517
29949, 29960, 127, 0, 1, 0.1, 3.759e+06, 125.517
29950, 25866, 127, 2, 0, 0.1, 3.75912e+06, 125.517
29951, 29960, 127, 0, 0, 0.1, 3.75925e+06, 125.518
29952, 25866, 127, 3, 1, 0.1, 3.75938e+06, 125.518
29953, 25866, 117, 0, 0, 0.1, 3.75949e+06, 125.517
29954, 29954, 127, 0, 0, 0.1, 3.75962e+06, 125.517
29955, 29962, 127, 2, 0, 0.1, 3.75975e+06, 125.517
29956, 29954, 127, 2, 0, 0.1, 3.75988e+06, 125.517
29957, 25866, 127, 2, 0, 0.1, 3.76e+06, 125.517
29958, 29960, 127, 2, 0, 0.1, 3.76013e+06, 125.518
29959, 29962, 127, 2, 0, 0.1, 3.76026e+06, 125.518
29960, 31492, 137, 3, 0, 0.1, 3.76039e+06, 125.518
29961, 31237, 127, 3, 0, 0.1, 3.76052e+06, 125.518
29962, 32512, 127, 0, 0, 0.1, 3.76065e+06, 125.518
29963, 29962, 137, 0, 0, 0.1, 3.76078e+06, 125.518
29964, 32002, 137, 3, 0, 0.1, 3.76092e+06, 125.519
29965, 30725, 127, 3, 0, 0.1, 3.76105e+06, 125.519
29966, 30980, 137, 0, 0, 0.1, 3.76118e+06, 125.519
29967, 28938, 127, 0, 0, 0.1, 3.76131e+06, 125.519
29968, 28938, 127, 2, 0, 0.1, 3.76144e+06, 125.519
29969, 28938, 127, 2, 0, 0.1, 3.76157e+06, 125.519
29970, 30980, 127, 0, 0, 0.1, 3.76169e+06, 125.519
29971, 28938, 127, 0, 0, 0.1, 3.76182e+06, 125.52
29972, 28938, 127, 0, 0, 0.1, 3.76195e+06, 125.52
29973, 16394, 137, 3, 0, 0.1, 3.76208e+06, 125.52
29974, 16410, 117, 0, 0, 0.1, 3.7622e+06, 125.52
29975, 24602, 127, 3, 0, 0.1, 3.76233e+06, 125.52
29976, 24586, 67, 3, 0, 0.1, 3.7624e+06, 125.518
29977, 25866, 117, 3, 0, 0.1, 3.76251e+06, 125.517
29978, 25866, 117, 2, 0, 0.1, 3.76263e+06, 125.517
29979, 30472, 127, 1, 0, 0.1, 3.76276e+06, 125.517
29980, 29189, 127, 1, 0, 0.1, 3.76288e+06, 125.517
29981, 29954, 137, 2, 0, 0.1, 3.76302e+06, 125.518
29982, 29962, 127, 2, 1, 0.1, 3.76315e+06, 125.518
29983, 29960, 137, 2, 0, 0.1, 3.76328e+06, 125.518
29984, 28938, 137, 2, 0, 0.1, 3.76342e+06, 125.518
29985, 31492, 127, 3, 0, 0.1, 3.76355e+06, 125.519
29986, 31237, 127, 3, 0, 0.1, 3.76368e+06, 125.519
29987, 32512, 137, 3, 0, 0.1, 3.76381e+06, 125.519
29988, 31237, 127, 3, 0, 0.1, 3.76394e+06, 125.519
29989, 31237, 127, 1, 0, 0.1, 3.76407e+06, 125.519
29990, 31237, 127, 3, 0, 0.1, 3.76419e+06, 125.519
29991, 31237, 127, 3, 0, 0.1, 3.76432e+06, 125.519
29992, 31237, 137, 3, 0, 0.1, 3.76446e+06, 125.52
29993, 32257, 137, 3, 0, 0.1, 3.76459e+06, 125.52
29994, 31237, 127, 0, 0, 0.1, 3.76472e+06, 125.52
29995, 31237, 117, 1, 0, 0.1, 3.76484e+06, 125.52
29996, 32257, 127, 2, 0, 0.1, 3.76496e+06, 125.52
29997, 29706, 137, 2, 0, 0.1, 3.7651e+06, 125.52
29998, 29706, 137, 0, 0, 0.1, 3.76524e+06, 125.521
29999, 29706, 127, 2, 0, 0.1, 3.76537e+06, 125.521
30000, 29706, 127, 2, 0, 0.1, 3.76549e+06, 125.521
30001, 29706, 137, 1, 1, 0.1, 3.76563e+06, 125.521
30002, 29706, 117, 2, 0, 0.1, 3.76575e+06, 125.521
30003, 29706, 137, 3, 0, 0.1, 3.76588e+06, 125.521
30004, 29706, 117, 0, 0, 0.1, 3.766e+06, 125.521
30005, 25610, 127, 1, 0, 0.1, 3.76613e+06, 125.521
30006, 25610, 117, 1, 1, 0.1, 3.76624e+06, 125.521
30007, 25610, 117, 3, 0, 0.1, 3.76636e+06, 125.52
30008, 25610, 117, 0, 0, 0.1, 3.76648e+06, 125.52
30009, 17418, 127, 2, 0, 0.1, 3.76661e+06, 125.52
30010, 25610, 127, 0, 0, 0.1, 3.76673e+06, 125.52
30011, 17418, 127, 2, 0, 0.1, 3.76686e+06, 125.52
30012, 25610, 127, 2, 0, 0.1, 3.76699e+06, 125.52
30013, 29706, 127, 2, 0, 0.1, 3.76711e+06, 125.52
30014, 29706, 127, 1, 1, 0.1, 3.76724e+06, 125.52
30015, 29706, 117, 2, 0, 0.1, 3.76736e+06, 125.52
30016, 29706, 137, 0, 0, 0.1, 3.7675e+06, 125.52
30017, 29706, 127, 0, 0, 0.1, 3.76762e+06, 125.52
30018, 25610, 127, 0, 0, 0.1, 3.76775e+06, 125.521
30019, 17418, 127, 2, 0, 0.1, 3.76788e+06, 125.521
30020, 25610, 127, 3, 1, 0.1, 3.768e+06, 125.521
30021, 25610, 117, 0, 0, 0.1, 3.76812e+06, 125.52
30022, 17418, 127, 0, 0, 0.1, 3.76825e+06, 125.52
30023, 17418, 127, 2, 0, 0.1, 3.76837e+06, 125.52
30024, 17418, 127, 2, 0, 0.1, 3.7685e+06, 125.52
30025, 25610, 127, 2, 1, 0.1, 3.76863e+06, 125.521
30026, 29706, 127, 2, 0, 0.1, 3.76876e+06, 125.521
30027, 29706, 127, 2, 0, 0.1, 3.76888e+06, 125.521
30028, 29706, 137, 2, 0, 0.1, 3.76902e+06, 125.521
30029, 28682, 137, 2, 0, 0.1, 3.76916e+06, 125.521
30030, 31236, 127, 0, 0, 0.1, 3.76928e+06, 125.521
30031, 28682, 127, 2, 0, 0.1, 3.76941e+06, 125.521
30032, 31236, 127, 1, 0, 0.1, 3.76954e+06, 125.522
30033, 31237, 137, 0, 0, 0.1, 3.76967e+06, 125.522
30034, 31237, 117, 3, 0, 0.1, 3.76979e+06, 125.522
30035, 31236, 127, 0, 0, 0.1, 3.76992e+06, 125.522
30036, 24586, 127, 2, 0, 0.1, 3.77004e+06, 125.522
30037, 31236, 127, 0, 0, 0.1, 3.77017e+06, 125.522
30038, 24586, 127, 0, 0, 0.1, 3.7703e+06, 125.522
30039, 16394, 127, 2, 0, 0.1, 3.77043e+06, 125.522
30040, 24586, 127, 2, 0, 0.1, 3.77055e+06, 125.522
30041, 31236, 127, 0, 0, 0.1, 3.77068e+06, 125.522
30042, 24586, 127, 2, 0, 0.1, 3.77081e+06, 125.522
30043, 31236, 127, 3, 1, 0.1, 3.77093e+06, 125.522
30044, 31237, 127, 3, 0, 0.1, 3.77106e+06, 125.522
30045, 31237, 137, 1, 0, 0.1, 3.7712e+06, 125.523
30046, 31237, 127, 3, 0, 0.1, 3.77132e+06, 125.523
30047, 31237, 127, 3, 1, 0.1, 3.77145e+06, 125.523
30048, 31237, 137, 3, 0, 0.1, 3.77159e+06, 125.523
30049, 31492, 127, 0, 0, 0.1, 3.77172e+06, 125.523
30050, 28938, 137, 0, 1, 0.1, 3.77185e+06, 125.523
30051, 28938, 137, 0, 0, 0.1, 3.77199e+06, 125.524
30052, 30723, 137, 1, 0, 0.1, 3.77213e+06, 125.524
30053, 30723, 117, 3, 0, 0.1, 3.77224e+06, 125.524
30054, 30725, 127, 1, 1, 0.1, 3.77237e+06, 125.524
30055, 30723, 127, 3, 0, 0.1, 3.7725e+06, 125.524
30056, 30725, 127, 1, 0, 0.1, 3.77262e+06, 125.524
30057, 30723, 127, 3, 0, 0.1, 3.77275e+06, 125.524
30058, 30725, 127, 2, 1, 0.1, 3.77288e+06, 125.524
30059, 30725, 117, 1, 0, 0.1, 3.773e+06, 125.524
30060, 30723, 127, 2, 1, 0.1, 3.77312e+06, 125.524
30061, 24586, 127, 0, 0, 0.1, 3.77325e+06, 125.524
30062, 30723, 127, 3, 0, 0.1, 3.77338e+06, 125.524
30063, 30725, 127, 1, 1, 0.1, 3.7735e+06, 125.524
30064, 30723, 127, 3, 0, 0.1, 3.77363e+06, 125.524
30065, 30725, 127, 3, 0, 0.1, 3.77376e+06, 125.524
30066, 64513, 137, 3, 0, 0.1, 3.7739e+06, 125.525
30067, 57349, 137, 3, 0, 0.1, 3.77403e+06, 125.525
30068, 62473, 127, 2, 0, 0.1, 3.77416e+06, 125.525
30069, 62474, 127, 1, 1, 0.1, 3.77429e+06, 125.525
30070, 62474, 117, 2, 0, 0.1, 3.7744e+06, 125.525
30071, 62474, 137, 0, 0, 0.1, 3.77454e+06, 125.525
30072, 58378, 127, 1, 0, 0.1, 3.77467e+06, 125.525
30073, 58378, 117, 2, 0, 0.1, 3.77478e+06, 125.525
30074, 62474, 127, 2, 0, 0.1, 3.77491e+06, 125.525
30075, 62984, 127, 2, 1, 0.1, 3.77504e+06, 125.525
30076, 62474, 137, 2, 0, 0.1, 3.77518e+06, 125.525
30077, 58378, 137, 3, 0, 0.1, 3.77531e+06, 125.526
30078, 58378, 117, 0, 1, 0.1, 3.77543e+06, 125.525
30079, 58378, 127, 0, 0, 0.1, 3.77556e+06, 125.526
30080, 62984, 127, 1, 0, 0.1, 3.77568e+06, 125.526
30081, 61957, 127, 3, 0, 0.1, 3.77581e+06, 125.526
30082, 62984, 127, 2, 0, 0.1, 3.77594e+06, 125.526
30083, 58378, 127, 2, 0, 0.1, 3.77606e+06, 125.526
30084, 58378, 127, 2, 0, 0.1, 3.77619e+06, 125.526
30085, 62474, 127, 3, 0, 0.1, 3.77632e+06, 125.526
30086, 62474, 117, 0, 0, 0.1, 3.77644e+06, 125.526
30087, 58378, 127, 2, 0, 0.1, 3.77656e+06, 125.526
30088, 62474, 127, 0, 0, 0.1, 3.77669e+06, 125.526
30089, 58378, 127, 1, 0, 0.1, 3.77682e+06, 125.526
30090, 58378, 117, 0, 0, 0.1, 3.77693e+06, 125.525
30091, 58378, 127, 0, 0, 0.1, 3.77706e+06, 125.525
30092, 62984, 127, 0, 0, 0.1, 3.77719e+06, 125.525
30093, 58378, 127, 0, 0, 0.1, 3.77731e+06, 125.526
30094, 50186, 127, 3, 0, 0.1, 3.77744e+06, 125.526
30095, 50186, 117, 1, 0, 0.1, 3.77756e+06, 125.525
30096, 50186, 117, 3, 0, 0.1, 3.77768e+06, 125.525
30097, 50186, 117, 0, 0, 0.1, 3.77779e+06, 125.525
30098, 50185, 127, 2, 0, 0.1, 3.77792e+06, 125.525
30099, 50186, 127, 2, 1, 0.1, 3.77805e+06, 125.525
30100, 58378, 127, 2, 0, 0.1, 3.77817e+06, 125.525
30101, 62984, 127, 2, 1, 0.1, 3.7783e+06, 125.525
30102, 58378, 127, 0, 0, 0.1, 3.77843e+06, 125.525
30103, 62984, 127, 2, 0, 0.1, 3.77855e+06, 125.525
30104, 58378, 127, 2, 0, 0.1, 3.77868e+06, 125.525
30105, 58378, 127, 2, 0, 0.1, 3.77881e+06, 125.525
30106, 62474, 127, 1, 0, 0.1, 3.77894e+06, 125.525
30107, 62474, 117, 2, 0, 0.1, 3.77905e+06, 125.525
30108, 62984, 127, 1, 1, 0.1, 3.77918e+06, 125.525
30109, 61957, 137, 3, 1, 0.1, 3.77932e+06, 125.525
30110, 62984, 127, 3, 0, 0.1, 3.77944e+06, 125.525
30111, 62984, 117, 2, 0, 0.1, 3.77956e+06, 125.525
30112, 62474, 137, 2, 0, 0.1, 3.7797e+06, 125.525
30113, 58376, 137, 3, 0, 0.1, 3.77983e+06, 125.526
30114, 58376, 117, 2, 0, 0.1, 3.77995e+06, 125.526
30115, 50186, 127, 2, 0, 0.1, 3.78008e+06, 125.526
30116, 58378, 127, 2, 1, 0.1, 3.78020e+06, 125.526
30117, 62474, 127, 2, 0, 0.1, 3.78033e+06, 125.526
30118, 62984, 127, 1, 0, 0.1, 3.78046e+06, 125.526
30119, 61957, 137, 3, 0, 0.1, 3.7806e+06, 125.526
30120, 62984, 127, 0, 0, 0.1, 3.78072e+06, 125.526
30121, 62474, 127, 2, 0, 0.1, 3.78085e+06, 125.526
30122, 62984, 127, 1, 1, 0.1, 3.78098e+06, 125.526
30123, 61957, 127, 0, 0, 0.1, 3.7811e+06, 125.526
30124, 61957, 117, 3, 0, 0.1, 3.78122e+06, 125.526
30125, 62984, 127, 2, 0, 0.1, 3.78135e+06, 125.526
30126, 62474, 137, 2, 0, 0.1, 3.78148e+06, 125.526
30127, 62474, 137, 0, 0, 0.1, 3.78162e+06, 125.527
30128, 62474, 127, 2, 0, 0.1, 3.78175e+06, 125.527
30129, 62474, 127, 1, 0, 0.1, 3.78188e+06, 125.527
30130, 62474, 117, 1, 0, 0.1, 3.78199e+06, 125.527
30131, 62474, 117, 2, 0, 0.1, 3.78211e+06, 125.526
30132, 61964, 137, 0, 0, 0.1, 3.78225e+06, 125.527
30133, 61450, 127, 1, 0, 0.1, 3.78237e+06, 125.527
30134, 61450, 117, 2, 0, 0.1, 3.78249e+06, 125.527
30135, 61964, 127, 2, 0, 0.1, 3.78262e+06, 125.527
30136, 61964, 117, 0, 0, 0.1, 3.78274e+06, 125.526
30137, 61450, 127, 2, 0, 0.1, 3.78286e+06, 125.526
30138, 61964, 127, 2, 0, 0.1, 3.78299e+06, 125.526
30139, 61964, 117, 3, 1, 0.1, 3.78311e+06, 125.526
30140, 61964, 117, 3, 0, 0.1, 3.78322e+06, 125.526
30141, 61964, 117, 3, 0, 0.1, 3.78334e+06, 125.526
30142, 61964, 117, 0, 0, 0.1, 3.78346e+06, 125.525
30143, 61450, 127, 0, 1, 0.1, 3.78358e+06, 125.525
30144, 57354, 127, 2, 0, 0.1, 3.78371e+06, 125.525
30145, 61450, 127, 1, 0, 0.1, 3.78384e+06, 125.525
30146, 61450, 117, 0, 0, 0.1, 3.78396e+06, 125.525
30147, 57354, 127, 0, 0, 0.1, 3.78408e+06, 125.525
30148, 61960, 127, 1, 0, 0.1, 3.78421e+06, 125.525
30149, 61957, 127, 1, 0, 0.1, 3.78434e+06, 125.525
30150, 63232, 137, 1, 0, 0.1, 3.78447e+06, 125.526
30151, 61957, 127, 2, 0, 0.1, 3.7846e+06, 125.526
30152, 61957, 117, 3, 0, 0.1, 3.78472e+06, 125.525
30153, 63232, 127, 1, 0, 0.1, 3.78484e+06, 125.525
30154, 61957, 127, 1, 0, 0.1, 3.78497e+06, 125.526
30155, 62977, 137, 1, 0, 0.1, 3.78511e+06, 125.526
30156, 61957, 127, 3, 0, 0.1, 3.78524e+06, 125.526
30157, 62977, 127, 0, 0, 0.1, 3.78536e+06, 125.526
30158, 62977, 117, 1, 1, 0.1, 3.78548e+06, 125.526
30159, 61957, 127, 3, 0, 0.1, 3.78561e+06, 125.526
30160, 62977, 127, 2, 0, 0.1, 3.78573e+06, 125.526
30161, 62474, 127, 2, 0, 0.1, 3.78586e+06, 125.526
30162, 62474, 127, 2, 0, 0.1, 3.78599e+06, 125.526
30163, 63494, 137, 0, 0, 0.1, 3.78612e+06, 125.526
30164, 61450, 127, 1, 0, 0.1, 3.78625e+06, 125.526
30165, 61450, 117, 2, 0, 0.1, 3.78637e+06, 125.526
30166, 30726, 127, 0, 0, 0.1, 3.7865e+06, 125.526
30167, 28682, 127, 2, 0, 0.1, 3.78662e+06, 125.526
30168, 30726, 127, 0, 1, 0.1, 3.78675e+06, 125.526
30169, 28682, 127, 2, 1, 0.1, 3.78688e+06, 125.526
30170, 30726, 127, 1, 0, 0.1, 3.787e+06, 125.526
30171, 30726, 117, 3, 0, 0.1, 3.78712e+06, 125.526
30172, 30725, 137, 3, 0, 0.1, 3.78726e+06, 125.526
30173, 63748, 137, 1, 0, 0.1, 3.78739e+06, 125.527
30174, 63493, 127, 2, 1, 0.1, 3.78752e+06, 125.527
30175, 63493, 117, 3, 0, 0.1, 3.78764e+06, 125.527
30176, 63748, 127, 0, 0, 0.1, 3.78776e+06, 125.527
30177, 61706, 137, 2, 0, 0.1, 3.7879e+06, 125.527
30178, 63748, 127, 3, 0, 0.1, 3.78803e+06, 125.527
30179, 57349, 137, 3, 0, 0.1, 3.78817e+06, 125.527
30180, 49164, 127, 3, 0, 0.1, 3.78829e+06, 125.527
30181, 49164, 117, 2, 0, 0.1, 3.78841e+06, 125.527
30182, 49164, 117, 2, 0, 0.1, 3.78853e+06, 125.527
30183, 49164, 117, 0, 0, 0.1, 3.78864e+06, 125.527
30184, 32778, 127, 0, 0, 0.1, 3.78877e+06, 125.527
30185, 49162, 127, 0, 0, 0.1, 3.7889e+06, 125.527
30186, 57864, 127, 1, 0, 0.1, 3.78902e+06, 125.527
30187, 61957, 127, 3, 0, 0.1, 3.78915e+06, 125.527
30188, 57864, 127, 3, 0, 0.1, 3.78928e+06, 125.527
30189, 57864, 117, 0, 0, 0.1, 3.7894e+06, 125.527
30190, 49162, 127, 3, 1, 0.1, 3.78952e+06, 125.527
30191, 49162, 117, 2, 0, 0.1, 3.78964e+06, 125.526
30192, 57864, 127, 1, 0, 0.1, 3.78977e+06, 125.526
30193, 61957, 127, 3, 0, 0.1, 3.78989e+06, 125.526
30194, 57864, 127, 3, 0, 0.1, 3.79002e+06, 125.526
30195, 57864, 117, 0, 0, 0.1, 3.79014e+06, 125.526
30196, 49162, 127, 3, 1, 0.1, 3.79026e+06, 125.526
30197, 49162, 117, 2, 0, 0.1, 3.79038e+06, 125.526
30198, 57864, 127, 1, 0, 0.1, 3.79051e+06, 125.526
30199, 61957, 127, 1, 0, 0.1, 3.79064e+06, 125.526
30200, 63232, 127, 1, 0, 0.1, 3.79076e+06, 125.526
30201, 61957, 127, 1, 0, 0.1, 3.79089e+06, 125.526
30202, 61953, 127, 0, 0, 0.1, 3.79102e+06, 125.526
30203, 61953, 117, 3, 0, 0.1, 3.79113e+06, 125.526
30204, 61957, 127, 2, 0, 0.1, 3.79126e+06, 125.526
30205, 61957, 117, 0, 0, 0.1, 3.79138e+06, 125.526
30206, 61957, 117, 3, 0, 0.1, 3.7915e+06, 125.525
30207, 63232, 127, 0, 0, 0.1, 3.79162e+06, 125.525
30208, 62730, 137, 1, 1, 0.1, 3.79176e+06, 125.526
30209, 62730, 117, 2, 0, 0.1, 3.79188e+06, 125.526
30210, 63232, 127, 3, 0, 0.1, 3.792e+06, 125.526
30211, 61957, 127, 2, 0, 0.1, 3.79213e+06, 125.526
30212, 61957, 117, 2, 1, 0.1, 3.79225e+06, 125.525
30213, 61957, 117, 2, 0, 0.1, 3.79236e+06, 125.525
30214, 61957, 117, 1, 0, 0.1, 3.79248e+06, 125.525
30215, 63232, 127, 2, 0, 0.1, 3.79261e+06, 125.525
30216, 33034, 137, 3, 1, 0.1, 3.79274e+06, 125.525
30217, 33034, 117, 2, 0, 0.1, 3.79286e+06, 125.525
30218, 33034, 127, 2, 0, 0.1, 3.79299e+06, 125.525
30219, 33028, 127, 1, 0, 0.1, 3.79312e+06, 125.525
30220, 32773, 127, 3, 0, 0.1, 3.79324e+06, 125.525
30221, 33028, 127, 0, 0, 0.1, 3.79337e+06, 125.525
30222, 33034, 127, 0, 0, 0.1, 3.7935e+06, 125.525
30223, 33034, 127, 0, 0, 0.1, 3.79362e+06, 125.525
30224, 49920, 127, 3, 0, 0.1, 3.79375e+06, 125.525
30225, 33285, 127, 1, 0, 0.1, 3.79388e+06, 125.525
30226, 49920, 127, 1, 0, 0.1, 3.79400e+06, 125.525
30227, 57861, 127, 3, 0, 0.1, 3.79413e+06, 125.525
30228, 49920, 127, 3, 0, 0.1, 3.79426e+06, 125.525
30229, 33285, 127, 3, 0, 0.1, 3.79439e+06, 125.526
30230, 33288, 127, 1, 0, 0.1, 3.79451e+06, 125.526
30231, 33285, 127, 1, 0, 0.1, 3.79464e+06, 125.526
30232, 49920, 127, 3, 0, 0.1, 3.79477e+06, 125.526
30233, 33285, 127, 1, 0, 0.1, 3.79489e+06, 125.526
30234, 49952, 127, 2, 0, 0.1, 3.79502e+06, 125.526
30235, 33034, 127, 2, 0, 0.1, 3.79515e+06, 125.526
30236, 33034, 127, 2, 0, 0.1, 3.79528e+06, 125.526
30237, 33028, 127, 0, 1, 0.1, 3.7954e+06, 125.526
30238, 33034, 127, 2, 0, 0.1, 3.79553e+06, 125.526
30239, 33028, 127, 2, 0, 0.1, 3.79566e+06, 125.526
30240, 33028, 117, 2, 0, 0.1, 3.79577e+06, 125.526
30241, 33028, 117, 3, 0, 0.1, 3.79589e+06, 125.525
30242, 32773, 127, 2, 0, 0.1, 3.79602e+06, 125.526
30243, 32773, 117, 0, 0, 0.1, 3.79613e+06, 125.525
30244, 32773, 117, 2, 0, 0.1, 3.79625e+06, 125.525
30245, 32773, 117, 1, 0, 0.1, 3.79637e+06, 125.525
30246, 33028, 127, 0, 0, 0.1, 3.7965e+06, 125.525
30247, 33034, 127, 0, 0, 0.1, 3.79662e+06, 125.525
30248, 33034, 127, 0, 1, 0.1, 3.79675e+06, 125.525
30249, 49920, 127, 1, 0, 0.1, 3.79688e+06, 125.525
30250, 57861, 127, 3, 0, 0.1, 3.797e+06, 125.525
30251, 49920, 127, 1, 0, 0.1, 3.79713e+06, 125.525
30252, 57861, 127, 3, 0, 0.1, 3.79726e+06, 125.525
30253, 49920, 127, 3, 0, 0.1, 3.79738e+06, 125.525
30254, 33285, 127, 3, 0, 0.1, 3.79751e+06, 125.525
30255, 33288, 127, 1, 1, 0.1, 3.79764e+06, 125.525
30256, 33317, 127, 1, 0, 0.1, 3.79776e+06, 125.525
30257, 49952, 127, 3, 0, 0.1, 3.79789e+06, 125.525
30258, 33317, 127, 1, 0, 0.1, 3.79802e+06, 125.525
30259, 49952, 127, 2, 0, 0.1, 3.79815e+06, 125.525
30260, 33034, 127, 0, 0, 0.1, 3.79827e+06, 125.525
30261, 49920, 127, 1, 0, 0.1, 3.7984e+06, 125.525
30262, 57893, 127, 1, 0, 0.1, 3.79853e+06, 125.525
30263, 61953, 127, 1, 1, 0.1, 3.79865e+06, 125.526
30264, 61989, 127, 3, 0, 0.1, 3.79878e+06, 125.526
30265, 61953, 127, 0, 0, 0.1, 3.79891e+06, 125.526
30266, 61953, 117, 0, 0, 0.1, 3.79902e+06, 125.525
30267, 61953, 117, 0, 0, 0.1, 3.79914e+06, 125.525
30268, 61953, 117, 1, 0, 0.1, 3.79926e+06, 125.525
30269, 61957, 127, 2, 1, 0.1, 3.79939e+06, 125.525
30270, 61957, 117, 3, 0, 0.1, 3.7995e+06, 125.525
30271, 61953, 127, 3, 0, 0.1, 3.79963e+06, 125.525
30272, 57861, 127, 2, 0, 0.1, 3.79976e+06, 125.525
30273, 25093, 117, 0, 0, 0.1, 3.79987e+06, 125.524
30274, 25125, 117, 1, 0, 0.1, 3.79999e+06, 125.524
30275, 29185, 127, 2, 0, 0.1, 3.80012e+06, 125.524
30276, 24586, 127, 2, 0, 0.1, 3.80024e+06, 125.524
30277, 16394, 127, 0, 0, 0.1, 3.80037e+06, 125.524
30278, 24586, 127, 2, 0, 0.1, 3.8005e+06, 125.524
30279, 16394, 127, 0, 0, 0.1, 3.80063e+06, 125.524
30280, 24586, 127, 2, 0, 0.1, 3.80075e+06, 125.524
30281, 16394, 127, 0, 0, 0.1, 3.80088e+06, 125.524
30282, 24586, 127, 2, 0, 0.1, 3.80101e+06, 125.524
30283, 16394, 127, 2, 0, 0.1, 3.80113e+06, 125.525
30284, 6, 127, 0, 1, 0.1, 3.80126e+06, 125.525
30285, 16394, 127, 0, 0, 0.1, 3.80139e+06, 125.525
30286, 24586, 127, 0, 0, 0.1, 3.80152e+06, 125.525
30287, 29185, 127, 2, 0, 0.1, 3.80164e+06, 125.525
30288, 24586, 127, 2, 0, 0.1, 3.80177e+06, 125.525
30289, 16394, 127, 1, 0, 0.1, 3.8019e+06, 125.525
30290, 16394, 117, 2, 0, 0.1, 3.80201e+06, 125.525
30291, 6, 127, 1, 0, 0.1, 3.80214e+06, 125.525
30292, 6, 117, 3, 0, 0.1, 3.80226e+06, 125.524
30293, 5, 127, 3, 0, 0.1, 3.80238e+06, 125.524
30294, 260, 127, 1, 0, 0.1, 3.80251e+06, 125.524
30295, 5, 127, 1, 0, 0.1, 3.80264e+06, 125.524
30296, 6, 127, 0, 0, 0.1, 3.80276e+06, 125.525
30297, 16394, 127, 2, 0, 0.1, 3.80289e+06, 125.525
30298, 6, 127, 3, 0, 0.1, 3.80302e+06, 125.525
30299, 5, 127, 2, 0, 0.1, 3.80315e+06, 125.525
30300, 5, 117, 1, 0, 0.1, 3.80326e+06, 125.524
30301, 6, 127, 3, 1, 0.1, 3.80339e+06, 125.524
30302, 5, 127, 0, 0, 0.1, 3.80352e+06, 125.524
30303, 5, 117, 1, 0, 0.1, 3.80363e+06, 125.524
30304, 6, 127, 1, 1, 0.1, 3.80376e+06, 125.524
30305, 6, 117, 3, 0, 0.1, 3.80388e+06, 125.524
30306, 5, 127, 1, 0, 0.1, 3.80400e+06, 125.524
30307, 6, 127, 0, 0, 0.1, 3.80413e+06, 125.524
30308, 16394, 127, 2, 0, 0.1, 3.80426e+06, 125.524
30309, 6, 127, 0, 0, 0.1, 3.80439e+06, 125.524
30310, 16394, 127, 0, 0, 0.1, 3.80451e+06, 125.524
30311, 24586, 127, 2, 0, 0.1, 3.80464e+06, 125.524
30312, 16394, 127, 0, 0, 0.1, 3.80477e+06, 125.524
30313, 24586, 127, 0, 0, 0.1, 3.80489e+06, 125.524
30314, 29185, 127, 1, 0, 0.1, 3.80502e+06, 125.524
30315, 29189, 127, 1, 1, 0.1, 3.80515e+06, 125.524
30316, 517, 137, 1, 0, 0.1, 3.80528e+06, 125.525
30317, 517, 127, 3, 0, 0.1, 3.80541e+06, 125.525
30318, 517, 127, 1, 0, 0.1, 3.80554e+06, 125.525
30319, 517, 127, 0, 0, 0.1, 3.80567e+06, 125.525
30320, 517, 117, 1, 0, 0.1, 3.80578e+06, 125.525
30321, 577, 127, 1, 0, 0.1, 3.80591e+06, 125.525
30322, 16933, 127, 0, 1, 0.1, 3.80604e+06, 125.525
30323, 16933, 117, 3, 0, 0.1, 3.80615e+06, 125.525
30324, 545, 127, 0, 0, 0.1, 3.80628e+06, 125.525
30325, 545, 117, 2, 0, 0.1, 3.8064e+06, 125.524
30326, 26, 127, 1, 0, 0.1, 3.80652e+06, 125.524
30327, 10, 67, 3, 0, 0.1, 3.80659e+06, 125.522
30328, 29962, 117, 0, 0, 0.1, 3.80671e+06, 125.522
30329, 30472, 127, 0, 1, 0.1, 3.80684e+06, 125.522
30330, 29962, 127, 2, 0, 0.1, 3.80696e+06, 125.522
30331, 30472, 127, 2, 0, 0.1, 3.80709e+06, 125.522
30332, 29962, 127, 0, 0, 0.1, 3.80722e+06, 125.522
30333, 30472, 127, 0, 0, 0.1, 3.80734e+06, 125.522
30334, 29962, 127, 2, 0, 0.1, 3.80747e+06, 125.522
30335, 30472, 127, 1, 1, 0.1, 3.8076e+06, 125.522
30336, 29189, 127, 1, 0, 0.1, 3.80772e+06, 125.522
30337, 29698, 137, 3, 0, 0.1, 3.80786e+06, 125.523
30338, 28677, 127, 1, 0, 0.1, 3.80799e+06, 125.523
30339, 29698, 127, 2, 1, 0.1, 3.80812e+06, 125.523
30340, 29706, 137, 0, 1, 0.1, 3.80825e+06, 125.523
30341, 29698, 127, 1, 0, 0.1, 3.80838e+06, 125.523
30342, 29698, 117, 2, 0, 0.1, 3.8085e+06, 125.523
30343, 29706, 127, 2, 0, 0.1, 3.80862e+06, 125.523
30344, 30722, 137, 3, 0, 0.1, 3.80876e+06, 125.524
30345, 16389, 137, 2, 0, 0.1, 3.8089e+06, 125.524
30346, 16389, 117, 1, 0, 0.1, 3.80902e+06, 125.524
30347, 24578, 127, 0, 0, 0.1, 3.80914e+06, 125.524
30348, 16394, 127, 2, 0, 0.1, 3.80927e+06, 125.524
30349, 24578, 127, 0, 0, 0.1, 3.8094e+06, 125.524
30350, 16394, 127, 0, 0, 0.1, 3.80952e+06, 125.524
30351, 2, 127, 1, 0, 0.1, 3.80965e+06, 125.524
30352, 2, 117, 0, 0, 0.1, 3.80977e+06, 125.524
30353, 16394, 127, 2, 0, 0.1, 3.80989e+06, 125.524
30354, 2, 127, 3, 0, 0.1, 3.81002e+06, 125.524
30355, 16517, 127, 1, 0, 0.1, 3.81015e+06, 125.524
30356, 130, 127, 0, 1, 0.1, 3.81028e+06, 125.524
30357, 16458, 127, 3, 0, 0.1, 3.8104e+06, 125.524
30358, 16394, 67, 2, 0, 0.1, 3.81047e+06, 125.522
30359, 30472, 137, 1, 0, 0.1, 3.81061e+06, 125.522
30360, 29189, 137, 3, 0, 0.1, 3.81074e+06, 125.523
30361, 30472, 127, 2, 0, 0.1, 3.81087e+06, 125.523
30362, 25866, 127, 0, 0, 0.1, 3.811e+06, 125.523
30363, 30472, 127, 0, 0, 0.1, 3.81112e+06, 125.523
30364, 29962, 127, 0, 0, 0.1, 3.81125e+06, 125.523
30365, 30472, 127, 1, 0, 0.1, 3.81138e+06, 125.523
30366, 29189, 127, 1, 0, 0.1, 3.81150e+06, 125.523
30367, 29954, 137, 2, 0, 0.1, 3.81164e+06, 125.523
30368, 29962, 137, 2, 0, 0.1, 3.81178e+06, 125.524
30369, 29954, 137, 2, 0, 0.1, 3.81192e+06, 125.524
30370, 29962, 127, 1, 1, 0.1, 3.81204e+06, 125.524
30371, 29962, 117, 2, 0, 0.1, 3.81216e+06, 125.524
30372, 30472, 137, 2, 0, 0.1, 3.8123e+06, 125.524
30373, 28938, 137, 0, 0, 0.1, 3.81243e+06, 125.525
30374, 29448, 127, 1, 0, 0.1, 3.81256e+06, 125.525
30375, 29189, 137, 3, 0, 0.1, 3.8127e+06, 125.525
30376, 29448, 127, 3, 0, 0.1, 3.81282e+06, 125.525
30377, 29448, 117, 1, 0, 0.1, 3.81294e+06, 125.525
30378, 29189, 127, 0, 0, 0.1, 3.81307e+06, 125.525
30379, 29189, 117, 3, 0, 0.1, 3.81319e+06, 125.525
30380, 29448, 127, 0, 0, 0.1, 3.81331e+06, 125.525
30381, 24842, 127, 0, 0, 0.1, 3.81344e+06, 125.525
30382, 16642, 127, 3, 0, 0.1, 3.81357e+06, 125.525
30383, 16389, 127, 3, 0, 0.1, 3.81369e+06, 125.525
30384, 25864, 127, 0, 0, 0.1, 3.81382e+06, 125.525
30385, 29962, 127, 2, 0, 0.1, 3.81395e+06, 125.525
30386, 25864, 127, 2, 1, 0.1, 3.81408e+06, 125.525
30387, 25866, 127, 2, 0, 0.1, 3.8142e+06, 125.525
30388, 32002, 127, 3, 0, 0.1, 3.81433e+06, 125.525
30389, 30853, 127, 3, 0, 0.1, 3.81446e+06, 125.525
30390, 31140, 77, 2, 0, 0.1, 3.81453e+06, 125.523
30391, 30472, 137, 1, 0, 0.1, 3.81467e+06, 125.524
30392, 28677, 137, 1, 1, 0.1, 3.81481e+06, 125.524
30393, 29954, 127, 3, 0, 0.1, 3.81493e+06, 125.524
30394, 28677, 127, 1, 0, 0.1, 3.81506e+06, 125.524
30395, 29954, 127, 0, 0, 0.1, 3.81519e+06, 125.524
30396, 29962, 137, 2, 0, 0.1, 3.81532e+06, 125.525
30397, 29954, 127, 2, 0, 0.1, 3.81545e+06, 125.525
30398, 28938, 137, 3, 0, 0.1, 3.81559e+06, 125.525
30399, 28938, 117, 0, 0, 0.1, 3.81571e+06, 125.525
30400, 24834, 127, 2, 0, 0.1, 3.81583e+06, 125.525
30401, 28938, 127, 3, 0, 0.1, 3.81596e+06, 125.525
30402, 28938, 117, 0, 0, 0.1, 3.81608e+06, 125.525
30403, 24834, 127, 2, 0, 0.1, 3.8162e+06, 125.525
30404, 28938, 127, 0, 0, 0.1, 3.81633e+06, 125.525
30405, 24834, 127, 1, 1, 0.1, 3.81646e+06, 125.525
30406, 24834, 117, 3, 1, 0.1, 3.81658e+06, 125.525
30407, 28677, 127, 3, 0, 0.1, 3.8167e+06, 125.525
30408, 29960, 127, 2, 0, 0.1, 3.81683e+06, 125.525
30409, 25866, 137, 2, 0, 0.1, 3.81697e+06, 125.525
30410, 32002, 127, 2, 0, 0.1, 3.81709e+06, 125.525
30411, 29962, 127, 0, 1, 0.1, 3.81722e+06, 125.525
30412, 32002, 127, 3, 0, 0.1, 3.81735e+06, 125.525
30413, 26629, 127, 1, 1, 0.1, 3.81747e+06, 125.525
30414, 32002, 127, 2, 0, 0.1, 3.8176e+06, 125.525
30415, 29962, 127, 0, 0, 0.1, 3.81773e+06, 125.525
30416, 32002, 127, 0, 1, 0.1, 3.81786e+06, 125.525
30417, 25866, 127, 0, 0, 0.1, 3.81798e+06, 125.525
30418, 25864, 127, 1, 0, 0.1, 3.81811e+06, 125.525
30419, 16389, 127, 3, 0, 0.1, 3.81824e+06, 125.526
30420, 25864, 127, 1, 0, 0.1, 3.81836e+06, 125.526
30421, 16389, 127, 3, 0, 0.1, 3.81849e+06, 125.526
30422, 25864, 127, 1, 0, 0.1, 3.81862e+06, 125.526
30423, 16389, 127, 1, 0, 0.1, 3.81874e+06, 125.526
30424, 24834, 127, 2, 0, 0.1, 3.81887e+06, 125.526
30425, 28938, 127, 0, 0, 0.1, 3.819e+06, 125.526
30426, 24834, 127, 3, 0, 0.1, 3.81912e+06, 125.526
30427, 16389, 127, 1, 0, 0.1, 3.81925e+06, 125.526
30428, 24834, 127, 2, 0, 0.1, 3.81938e+06, 125.526
30429, 28938, 127, 2, 0, 0.1, 3.81951e+06, 125.526
30430, 29448, 127, 1, 0, 0.1, 3.81963e+06, 125.526
30431, 29189, 137, 1, 0, 0.1, 3.81977e+06, 125.526
30432, 28934, 137, 0, 0, 0.1, 3.81991e+06, 125.527
30433, 28682, 137, 3, 0, 0.1, 3.82004e+06, 125.527
30434, 28682, 117, 2, 0, 0.1, 3.82016e+06, 125.527
30435, 24582, 127, 0, 0, 0.1, 3.82029e+06, 125.527
30436, 28682, 127, 3, 1, 0.1, 3.82042e+06, 125.527
30437, 28682, 117, 0, 1, 0.1, 3.82053e+06, 125.527
30438, 29193, 127, 2, 0, 0.1, 3.82066e+06, 125.527
30439, 28682, 127, 2, 0, 0.1, 3.82079e+06, 125.527
30440, 24582, 127, 0, 0, 0.1, 3.82091e+06, 125.527
30441, 28682, 127, 2, 0, 0.1, 3.82104e+06, 125.527
30442, 24582, 127, 3, 0, 0.1, 3.82117e+06, 125.527
30443, 16389, 127, 1, 0, 0.1, 3.82129e+06, 125.527
30444, 24582, 127, 3, 0, 0.1, 3.82142e+06, 125.527
30445, 16389, 127, 3, 0, 0.1, 3.82155e+06, 125.527
30446, 24840, 127, 1, 0, 0.1, 3.82168e+06, 125.527
30447, 16389, 127, 3, 0, 0.1, 3.8218e+06, 125.527
30448, 24840, 127, 2, 0, 0.1, 3.82193e+06, 125.527
30449, 28938, 127, 0, 0, 0.1, 3.82206e+06, 125.527
30450, 24840, 127, 1, 1, 0.1, 3.82218e+06, 125.527
30451, 16389, 127, 3, 0, 0.1, 3.82231e+06, 125.527
30452, 24840, 127, 0, 0, 0.1, 3.82244e+06, 125.527
30453, 16650, 127, 2, 0, 0.1, 3.82256e+06, 125.528
30454, 24840, 127, 1, 0, 0.1, 3.82269e+06, 125.528
30455, 16389, 127, 3, 0, 0.1, 3.82282e+06, 125.528
30456, 24840, 127, 1, 0, 0.1, 3.82294e+06, 125.528
30457, 16389, 127, 2, 0, 0.1, 3.82307e+06, 125.528
30458, 16389, 117, 3, 0, 0.1, 3.82319e+06, 125.527
30459, 24840, 127, 2, 0, 0.1, 3.82332e+06, 125.527
30460, 28938, 127, 0, 0, 0.1, 3.82344e+06, 125.528
30461, 24840, 127, 0, 0, 0.1, 3.82357e+06, 125.528
30462, 16650, 127, 0, 0, 0.1, 3.8237e+06, 125.528
30463, 24834, 127, 3, 0, 0.1, 3.82382e+06, 125.528
30464, 16389, 127, 1, 0, 0.1, 3.82395e+06, 125.528
30465, 24834, 127, 3, 0, 0.1, 3.82408e+06, 125.528
30466, 16389, 127, 1, 0, 0.1, 3.82420e+06, 125.528
30467, 24834, 127, 3, 0, 0.1, 3.82433e+06, 125.528
30468, 16389, 127, 1, 0, 0.1, 3.82446e+06, 125.528
30469, 24834, 127, 2, 0, 0.1, 3.82459e+06, 125.528
30470, 16650, 127, 0, 0, 0.1, 3.82471e+06, 125.528
30471, 24834, 127, 3, 0, 0.1, 3.82484e+06, 125.528
30472, 16389, 127, 0, 0, 0.1, 3.82497e+06, 125.528
30473, 16389, 117, 3, 0, 0.1, 3.82508e+06, 125.528
30474, 25864, 127, 0, 0, 0.1, 3.82521e+06, 125.528
30475, 29962, 127, 2, 0, 0.1, 3.82534e+06, 125.528
30476, 25864, 127, 0, 0, 0.1, 3.82546e+06, 125.528
30477, 29962, 127, 2, 0, 0.1, 3.82559e+06, 125.528
30478, 25864, 127, 2, 0, 0.1, 3.82572e+06, 125.528
30479, 25866, 127, 2, 0, 0.1, 3.82585e+06, 125.528
30480, 32002, 127, 2, 1, 0.1, 3.82597e+06, 125.528
30481, 29962, 127, 1, 1, 0.1, 3.8261e+06, 125.528
30482, 29962, 117, 1, 1, 0.1, 3.82622e+06, 125.528
30483, 29962, 117, 2, 0, 0.1, 3.82633e+06, 125.528
30484, 32512, 137, 2, 0, 0.1, 3.82647e+06, 125.528
30485, 29962, 127, 2, 0, 0.1, 3.8266e+06, 125.528
30486, 29962, 137, 2, 0, 0.1, 3.82674e+06, 125.528
30487, 29452, 137, 0, 0, 0.1, 3.82687e+06, 125.529
30488, 28938, 127, 2, 0, 0.1, 3.827e+06, 125.529
30489, 29452, 127, 1, 0, 0.1, 3.82713e+06, 125.529
30490, 28677, 137, 1, 0, 0.1, 3.82726e+06, 125.529
30491, 61446, 137, 2, 0, 0.1, 3.8274e+06, 125.53
30492, 61446, 117, 3, 0, 0.1, 3.82752e+06, 125.529
30493, 57349, 127, 3, 0, 0.1, 3.82764e+06, 125.529
30494, 49420, 127, 0, 0, 0.1, 3.82777e+06, 125.529
30495, 57610, 127, 0, 0, 0.1, 3.8279e+06, 125.53
30496, 61706, 127, 2, 0, 0.1, 3.82802e+06, 125.53
30497, 57610, 127, 0, 0, 0.1, 3.82815e+06, 125.53
30498, 61706, 127, 2, 0, 0.1, 3.82828e+06, 125.53
30499, 57610, 127, 2, 0, 0.1, 3.82841e+06, 125.53
30500, 49420, 127, 0, 0, 0.1, 3.82853e+06, 125.53
30501, 57610, 127, 2, 0, 0.1, 3.82866e+06, 125.53
30502, 49436, 127, 0, 1, 0.1, 3.82879e+06, 125.53
30503, 57626, 127, 0, 0, 0.1, 3.82891e+06, 125.53
30504, 61722, 127, 0, 0, 0.1, 3.82904e+06, 125.53
30505, 64256, 127, 2, 0, 0.1, 3.82917e+06, 125.53
30506, 61706, 127, 2, 0, 0.1, 3.8293e+06, 125.53
30507, 57610, 127, 2, 0, 0.1, 3.82942e+06, 125.53
30508, 49420, 127, 0, 0, 0.1, 3.82955e+06, 125.53
30509, 57610, 127, 2, 0, 0.1, 3.82968e+06, 125.53
30510, 49420, 127, 1, 0, 0.1, 3.8298e+06, 125.53
30511, 57349, 127, 3, 0, 0.1, 3.82993e+06, 125.53
30512, 49420, 127, 0, 0, 0.1, 3.83006e+06, 125.53
30513, 57610, 127, 0, 0, 0.1, 3.83018e+06, 125.53
30514, 61706, 127, 0, 0, 0.1, 3.83031e+06, 125.53
30515, 64256, 127, 0, 0, 0.1, 3.83044e+06, 125.531
30516, 61706, 127, 2, 0, 0.1, 3.83056e+06, 125.531
30517, 64256, 127, 0, 0, 0.1, 3.83069e+06, 125.531
30518, 61706, 127, 0, 0, 0.1, 3.83082e+06, 125.531
30519, 59650, 127, 3, 0, 0.1, 3.83095e+06, 125.531
30520, 59397, 127, 3, 0, 0.1, 3.83107e+06, 125.531
30521, 63764, 127, 1, 0, 0.1, 3.8312e+06, 125.531
30522, 59397, 127, 3, 0, 0.1, 3.83133e+06, 125.531
30523, 63764, 127, 1, 0, 0.1, 3.83145e+06, 125.531
30524, 59397, 127, 3, 1, 0.1, 3.83158e+06, 125.531
30525, 63764, 127, 3, 0, 0.1, 3.83171e+06, 125.531
30526, 63493, 127, 3, 0, 0.1, 3.83184e+06, 125.531
30527, 63493, 137, 3, 0, 0.1, 3.83197e+06, 125.531
30528, 63493, 137, 1, 0, 0.1, 3.83211e+06, 125.532
30529, 63493, 127, 3, 0, 0.1, 3.83224e+06, 125.532
30530, 63493, 127, 0, 0, 0.1, 3.83236e+06, 125.532
30531, 63493, 117, 1, 0, 0.1, 3.83248e+06, 125.532
30532, 63493, 127, 1, 0, 0.1, 3.83261e+06, 125.532
30533, 59397, 127, 1, 0, 0.1, 3.83273e+06, 125.532
30534, 59668, 127, 2, 0, 0.1, 3.83286e+06, 125.532
30535, 59652, 117, 3, 0, 0.1, 3.83298e+06, 125.531
30536, 59397, 127, 1, 0, 0.1, 3.83310e+06, 125.532
30537, 59652, 127, 2, 0, 0.1, 3.83323e+06, 125.532
30538, 59652, 117, 1, 0, 0.1, 3.83335e+06, 125.531
30539, 51205, 127, 0, 0, 0.1, 3.83348e+06, 125.531
30540, 51205, 117, 1, 0, 0.1, 3.83359e+06, 125.531
30541, 59666, 127, 1, 0, 0.1, 3.83372e+06, 125.531
30542, 59666, 117, 1, 0, 0.1, 3.83384e+06, 125.531
30543, 59666, 117, 0, 1, 0.1, 3.83395e+06, 125.531
30544, 49434, 127, 1, 1, 0.1, 3.83408e+06, 125.531
30545, 49434, 117, 0, 1, 0.1, 3.8342e+06, 125.53
30546, 57624, 127, 2, 0, 0.1, 3.83432e+06, 125.53
30547, 49434, 127, 2, 0, 0.1, 3.83445e+06, 125.53
30548, 59666, 127, 1, 0, 0.1, 3.83458e+06, 125.53
30549, 59666, 117, 3, 0, 0.1, 3.8347e+06, 125.53
30550, 51205, 127, 2, 0, 0.1, 3.83482e+06, 125.53
30551, 51205, 117, 1, 0, 0.1, 3.83494e+06, 125.53
30552, 59666, 127, 0, 0, 0.1, 3.83507e+06, 125.53
30553, 49434, 127, 2, 0, 0.1, 3.83519e+06, 125.53
30554, 59666, 127, 1, 0, 0.1, 3.83532e+06, 125.53
30555, 59666, 117, 1, 0, 0.1, 3.83544e+06, 125.53
30556, 59666, 117, 3, 1, 0.1, 3.83556e+06, 125.53
30557, 51205, 127, 3, 0, 0.1, 3.83568e+06, 125.53
30558, 59652, 127, 1, 0, 0.1, 3.83581e+06, 125.53
30559, 51205, 127, 0, 0, 0.1, 3.83594e+06, 125.53
30560, 51205, 117, 1, 1, 0.1, 3.83605e+06, 125.529
30561, 59666, 127, 3, 1, 0.1, 3.83618e+06, 125.529
30562, 51205, 127, 3, 0, 0.1, 3.83631e+06, 125.529
30563, 59652, 127, 0, 0, 0.1, 3.83643e+06, 125.53
30564, 61706, 127, 0, 0, 0.1, 3.83656e+06, 125.53
30565, 61706, 127, 3, 0, 0.1, 3.83669e+06, 125.53
30566, 61706, 117, 0, 0, 0.1, 3.83680e+06, 125.529
30567, 61706, 137, 1, 0, 0.1, 3.83694e+06, 125.53
30568, 61706, 117, 3, 1, 0.1, 3.83706e+06, 125.529
30569, 61706, 117, 0, 0, 0.1, 3.83718e+06, 125.529
30570, 61706, 137, 0, 0, 0.1, 3.83731e+06, 125.53
30571, 61706, 137, 0, 0, 0.1, 3.83745e+06, 125.53
30572, 64001, 137, 3, 0, 0.1, 3.83759e+06, 125.53
30573, 61957, 137, 0, 0, 0.1, 3.83772e+06, 125.531
30574, 61957, 117, 3, 0, 0.1, 3.83784e+06, 125.53
30575, 57861, 127, 1, 1, 0.1, 3.83797e+06, 125.53
30576, 61957, 127, 3, 0, 0.1, 3.8381e+06, 125.53
30577, 57861, 127, 1, 0, 0.1, 3.83822e+06, 125.531
30578, 61957, 127, 3, 0, 0.1, 3.83835e+06, 125.531
30579, 57861, 127, 1, 0, 0.1, 3.83848e+06, 125.531
30580, 61957, 127, 3, 0, 0.1, 3.8386e+06, 125.531
30581, 57861, 127, 3, 0, 0.1, 3.83873e+06, 125.531
30582, 49669, 127, 0, 1, 0.1, 3.83886e+06, 125.531
30583, 49701, 117, 2, 0, 0.1, 3.83897e+06, 125.531
30584, 49669, 117, 1, 1, 0.1, 3.83909e+06, 125.53
30585, 57861, 127, 3, 0, 0.1, 3.83922e+06, 125.53
30586, 49669, 127, 1, 0, 0.1, 3.83934e+06, 125.53
30587, 57861, 127, 0, 0, 0.1, 3.83947e+06, 125.53
30588, 57861, 117, 1, 0, 0.1, 3.83959e+06, 125.53
30589, 61957, 127, 3, 0, 0.1, 3.83972e+06, 125.53
30590, 57861, 127, 2, 0, 0.1, 3.83984e+06, 125.53
30591, 25093, 117, 0, 0, 0.1, 3.83996e+06, 125.53
30592, 25093, 117, 1, 0, 0.1, 3.84008e+06, 125.53
30593, 29189, 127, 0, 0, 0.1, 3.8402e+06, 125.53
30594, 29189, 117, 1, 0, 0.1, 3.84032e+06, 125.529
30595, 29217, 127, 3, 0, 0.1, 3.84045e+06, 125.529
30596, 29221, 127, 1, 0, 0.1, 3.84058e+06, 125.529
30597, 29185, 77, 2, 0, 0.1, 3.84065e+06, 125.528
30598, 30472, 137, 1, 0, 0.1, 3.84079e+06, 125.528
30599, 29189, 137, 3, 0, 0.1, 3.84093e+06, 125.529
30600, 30472, 127, 2, 0, 0.1, 3.84105e+06, 125.529
30601, 29962, 137, 2, 0, 0.1, 3.84119e+06, 125.529
30602, 32002, 137, 3, 0, 0.1, 3.84133e+06, 125.529
30603, 30725, 127, 3, 0, 0.1, 3.84145e+06, 125.53
30604, 30980, 137, 3, 0, 0.1, 3.84159e+06, 125.53
30605, 26629, 127, 0, 0, 0.1, 3.84172e+06, 125.53
30606, 26629, 117, 3, 0, 0.1, 3.84184e+06, 125.53
30607, 30725, 127, 3, 0, 0.1, 3.84196e+06, 125.53
30608, 30725, 127, 1, 0, 0.1, 3.84209e+06, 125.53
30609, 30725, 127, 3, 0, 0.1, 3.84222e+06, 125.53
30610, 30725, 127, 1, 0, 0.1, 3.84234e+06, 125.53
30611, 30725, 127, 1, 0, 0.1, 3.84247e+06, 125.53
30612, 26629, 127, 3, 0, 0.1, 3.8426e+06, 125.53
30613, 30725, 127, 3, 0, 0.1, 3.84272e+06, 125.53
30614, 30725, 127, 3, 0, 0.1, 3.84285e+06, 125.53
30615, 28940, 137, 0, 0, 0.1, 3.84299e+06, 125.53
30616, 28954, 127, 1, 1, 0.1, 3.84312e+06, 125.53
30617, 28954, 67, 3, 0, 0.1, 3.84318e+06, 125.529
30618, 29962, 117, 0, 0, 0.1, 3.8433e+06, 125.528
30619, 30472, 127, 1, 0, 0.1, 3.84343e+06, 125.528
30620, 29189, 137, 1, 1, 0.1, 3.84356e+06, 125.529
30621, 29954, 137, 0, 0, 0.1, 3.8437e+06, 125.529
30622, 29962, 137, 3, 0, 0.1, 3.84384e+06, 125.529
30623, 29962, 117, 2, 0, 0.1, 3.84395e+06, 125.529
30624, 29954, 127, 2, 0, 0.1, 3.84408e+06, 125.529
30625, 29962, 137, 2, 0, 0.1, 3.84422e+06, 125.53
30626, 29954, 127, 3, 0, 0.1, 3.84434e+06, 125.53
30627, 28677, 127, 1, 0, 0.1, 3.84447e+06, 125.53
30628, 29954, 127, 3, 1, 0.1, 3.8446e+06, 125.53
30629, 28677, 127, 3, 0, 0.1, 3.84473e+06, 125.53
30630, 25864, 127, 1, 0, 0.1, 3.84485e+06, 125.53
30631, 28677, 127, 3, 0, 0.1, 3.84498e+06, 125.53
30632, 25864, 127, 1, 0, 0.1, 3.84511e+06, 125.53
30633, 28677, 127, 1, 0, 0.1, 3.84523e+06, 125.53
30634, 29954, 127, 2, 0, 0.1, 3.84536e+06, 125.53
30635, 29962, 137, 0, 0, 0.1, 3.8455e+06, 125.53
30636, 29954, 127, 0, 0, 0.1, 3.84562e+06, 125.53
30637, 25866, 127, 2, 0, 0.1, 3.84575e+06, 125.53
30638, 29954, 127, 2, 0, 0.1, 3.84588e+06, 125.531
30639, 29962, 127, 0, 1, 0.1, 3.84601e+06, 125.531
30640, 29954, 127, 3, 0, 0.1, 3.84613e+06, 125.531
30641, 24581, 127, 3, 0, 0.1, 3.84626e+06, 125.531
30642, 17672, 127, 2, 0, 0.1, 3.84639e+06, 125.531
30643, 17674, 127, 2, 0, 0.1, 3.84651e+06, 125.531
30644, 27906, 127, 0, 0, 0.1, 3.84664e+06, 125.531
30645, 17674, 127, 2, 0, 0.1, 3.84677e+06, 125.531
30646, 28034, 127, 2, 0, 0.1, 3.8469e+06, 125.531
30647, 29962, 127, 2, 0, 0.1, 3.84702e+06, 125.531
30648, 32512, 127, 2, 0, 0.1, 3.84715e+06, 125.531
30649, 29962, 127, 0, 0, 0.1, 3.84728e+06, 125.531
30650, 32512, 127, 1, 0, 0.1, 3.8474e+06, 125.531
30651, 31237, 127, 1, 0, 0.1, 3.84753e+06, 125.531
30652, 31492, 137, 3, 0, 0.1, 3.84767e+06, 125.532
30653, 31237, 127, 3, 0, 0.1, 3.84779e+06, 125.532
30654, 32512, 77, 2, 0, 0.1, 3.84787e+06, 125.53
30655, 30472, 127, 2, 0, 0.1, 3.848e+06, 125.53
30656, 29962, 127, 2, 0, 0.1, 3.84812e+06, 125.53
30657, 32002, 127, 2, 0, 0.1, 3.84825e+06, 125.53
30658, 29962, 127, 2, 0, 0.1, 3.84838e+06, 125.53
30659, 32512, 137, 0, 1, 0.1, 3.84852e+06, 125.531
30660, 29962, 127, 2, 0, 0.1, 3.84864e+06, 125.531
30661, 32512, 127, 3, 1, 0.1, 3.84877e+06, 125.531
30662, 31237, 137, 3, 0, 0.1, 3.84891e+06, 125.531
30663, 31237, 127, 3, 0, 0.1, 3.84903e+06, 125.531
30664, 31237, 137, 2, 1, 0.1, 3.84917e+06, 125.531
30665, 31237, 117, 3, 0, 0.1, 3.84929e+06, 125.531
30666, 32257, 127, 2, 0, 0.1, 3.84942e+06, 125.531
30667, 29706, 127, 2, 0, 0.1, 3.84954e+06, 125.531
30668, 25610, 137, 2, 0, 0.1, 3.84968e+06, 125.532
30669, 29706, 127, 0, 0, 0.1, 3.84981e+06, 125.532
30670, 25610, 127, 0, 0, 0.1, 3.84993e+06, 125.532
30671, 29706, 127, 3, 0, 0.1, 3.85006e+06, 125.532
30672, 29706, 117, 2, 0, 0.1, 3.85018e+06, 125.532
30673, 25610, 127, 3, 1, 0.1, 3.8503e+06, 125.532
30674, 25610, 117, 2, 0, 0.1, 3.85042e+06, 125.531
30675, 29706, 127, 2, 0, 0.1, 3.85055e+06, 125.531
30676, 29706, 127, 2, 0, 0.1, 3.85068e+06, 125.531
30677, 29706, 137, 2, 0, 0.1, 3.85081e+06, 125.532
30678, 29706, 137, 2, 1, 0.1, 3.85095e+06, 125.532
30679, 29706, 137, 2, 0, 0.1, 3.85109e+06, 125.532
30680, 29706, 137, 2, 0, 0.1, 3.85122e+06, 125.533
30681, 31236, 137, 1, 0, 0.1, 3.85136e+06, 125.533
30682, 31237, 137, 3, 0, 0.1, 3.8515e+06, 125.534
30683, 31236, 127, 3, 0, 0.1, 3.85162e+06, 125.534
30684, 2565, 137, 1, 0, 0.1, 3.85176e+06, 125.534
30685, 18948, 127, 1, 0, 0.1, 3.85189e+06, 125.534
30686, 27141, 127, 1, 0, 0.1, 3.85202e+06, 125.534
30687, 31237, 127, 3, 0, 0.1, 3.85214e+06, 125.534
30688, 27141, 127, 2, 0, 0.1, 3.85227e+06, 125.534
30689, 27141, 117, 0, 0, 0.1, 3.85239e+06, 125.534
30690, 27141, 117, 3, 0, 0.1, 3.8525e+06, 125.534
30691, 18948, 127, 1, 0, 0.1, 3.85263e+06, 125.534
30692, 27141, 127, 1, 0, 0.1, 3.85276e+06, 125.534
30693, 31237, 127, 3, 0, 0.1, 3.85288e+06, 125.534
30694, 27141, 127, 3, 1, 0.1, 3.85301e+06, 125.534
30695, 18948, 127, 1, 0, 0.1, 3.85314e+06, 125.534
30696, 27141, 127, 1, 0, 0.1, 3.85326e+06, 125.534
30697, 31237, 127, 1, 0, 0.1, 3.85339e+06, 125.534
30698, 31237, 127, 1, 0, 0.1, 3.85352e+06, 125.534
30699, 32512, 137, 0, 1, 0.1, 3.85366e+06, 125.534
30700, 29962, 137, 0, 1, 0.1, 3.85379e+06, 125.535
30701, 25610, 137, 2, 0, 0.1, 3.85393e+06, 125.535
30702, 29706, 127, 2, 0, 0.1, 3.85406e+06, 125.535
30703, 32256, 127, 2, 0, 0.1, 3.85418e+06, 125.535
30704, 29706, 137, 2, 0, 0.1, 3.85432e+06, 125.536
30705, 31746, 137, 3, 0, 0.1, 3.85446e+06, 125.536
30706, 30725, 127, 1, 0, 0.1, 3.85458e+06, 125.536
30707, 31746, 127, 2, 0, 0.1, 3.85471e+06, 125.536
30708, 29706, 137, 0, 0, 0.1, 3.85485e+06, 125.536
30709, 31746, 127, 2, 0, 0.1, 3.85498e+06, 125.537
30710, 29706, 127, 2, 0, 0.1, 3.8551e+06, 125.537
30711, 30216, 137, 3, 0, 0.1, 3.85524e+06, 125.537
30712, 30216, 117, 2, 0, 0.1, 3.85536e+06, 125.537
30713, 29706, 127, 0, 0, 0.1, 3.85548e+06, 125.537
30714, 30216, 127, 2, 0, 0.1, 3.85561e+06, 125.537
30715, 29706, 127, 2, 0, 0.1, 3.85574e+06, 125.537
30716, 30216, 127, 2, 0, 0.1, 3.85586e+06, 125.537
30717, 29706, 127, 2, 0, 0.1, 3.85599e+06, 125.537
30718, 31746, 127, 2, 1, 0.1, 3.85612e+06, 125.537
30719, 29706, 127, 0, 0, 0.1, 3.85625e+06, 125.537
30720, 31746, 127, 0, 0, 0.1, 3.85637e+06, 125.537
30721, 29706, 127, 2, 0, 0.1, 3.8565e+06, 125.537
30722, 31746, 127, 2, 0, 0.1, 3.85663e+06, 125.537
30723, 29706, 127, 2, 0, 0.1, 3.85675e+06, 125.537
30724, 32256, 127, 2, 0, 0.1, 3.85688e+06, 125.537
30725, 29706, 127, 0, 0, 0.1, 3.85701e+06, 125.537
30726, 32256, 127, 3, 0, 0.1, 3.85714e+06, 125.537
30727, 27141, 127, 3, 0, 0.1, 3.85726e+06, 125.537
30728, 27141, 127, 1, 0, 0.1, 3.85739e+06, 125.537
30729, 27141, 127, 1, 0, 0.1, 3.85752e+06, 125.537
30730, 32256, 127, 2, 0, 0.1, 3.85764e+06, 125.538
30731, 29706, 127, 0, 0, 0.1, 3.85777e+06, 125.538
30732, 32256, 127, 2, 0, 0.1, 3.8579e+06, 125.538
30733, 29706, 127, 2, 0, 0.1, 3.85802e+06, 125.538
30734, 29706, 137, 0, 0, 0.1, 3.85816e+06, 125.538
30735, 29706, 127, 0, 1, 0.1, 3.85829e+06, 125.538
30736, 32256, 127, 2, 0, 0.1, 3.85842e+06, 125.538
30737, 29706, 127, 2, 0, 0.1, 3.85854e+06, 125.538
30738, 29706, 127, 3, 1, 0.1, 3.85867e+06, 125.538
30739, 29706, 117, 2, 0, 0.1, 3.85879e+06, 125.538
30740, 29196, 137, 1, 0, 0.1, 3.85892e+06, 125.538
30741, 28677, 137, 3, 1, 0.1, 3.85906e+06, 125.539
30742, 28684, 127, 0, 1, 0.1, 3.85919e+06, 125.539
30743, 24586, 127, 2, 0, 0.1, 3.85931e+06, 125.539
30744, 28684, 127, 1, 0, 0.1, 3.85944e+06, 125.539
30745, 28677, 127, 3, 0, 0.1, 3.85957e+06, 125.539
30746, 28684, 127, 2, 0, 0.1, 3.8597e+06, 125.539
30747, 28684, 117, 3, 0, 0.1, 3.85981e+06, 125.539
30748, 28684, 117, 3, 0, 0.1, 3.85993e+06, 125.538
30749, 28684, 117, 1, 0, 0.1, 3.86005e+06, 125.538
30750, 28677, 127, 1, 0, 0.1, 3.86017e+06, 125.538
30751, 61702, 137, 0, 0, 0.1, 3.86031e+06, 125.539
30752, 61961, 137, 1, 0, 0.1, 3.86045e+06, 125.539
30753, 61957, 137, 3, 0, 0.1, 3.86058e+06, 125.539
30754, 61961, 127, 2, 0, 0.1, 3.86071e+06, 125.539
30755, 57350, 127, 0, 0, 0.1, 3.86084e+06, 125.539
30756, 61961, 127, 2, 0, 0.1, 3.86096e+06, 125.539
30757, 57350, 127, 0, 0, 0.1, 3.86109e+06, 125.539
30758, 61961, 127, 0, 0, 0.1, 3.86122e+06, 125.54
30759, 61961, 117, 3, 1, 0.1, 3.86134e+06, 125.539
30760, 61961, 117, 0, 0, 0.1, 3.86145e+06, 125.539
30761, 61961, 117, 2, 0, 0.1, 3.86157e+06, 125.539
30762, 57350, 127, 2, 0, 0.1, 3.8617e+06, 125.539
30763, 57350, 117, 3, 0, 0.1, 3.86181e+06, 125.538
30764, 49157, 127, 3, 0, 0.1, 3.86194e+06, 125.539
30765, 32780, 127, 1, 0, 0.1, 3.86207e+06, 125.539
30766, 49157, 127, 3, 0, 0.1, 3.8622e+06, 125.539
30767, 32780, 127, 3, 0, 0.1, 3.86232e+06, 125.539
30768, 32780, 117, 3, 0, 0.1, 3.86244e+06, 125.538
30769, 32780, 117, 1, 0, 0.1, 3.86256e+06, 125.538
30770, 49157, 127, 0, 0, 0.1, 3.86268e+06, 125.538
30771, 49157, 117, 1, 0, 0.1, 3.8628e+06, 125.538
30772, 57350, 127, 0, 0, 0.1, 3.86293e+06, 125.538
30773, 61961, 127, 1, 0, 0.1, 3.86305e+06, 125.538
30774, 61957, 127, 3, 0, 0.1, 3.86318e+06, 125.538
30775, 61961, 127, 3, 1, 0.1, 3.86331e+06, 125.538
30776, 61961, 117, 0, 0, 0.1, 3.86342e+06, 125.538
30777, 61961, 117, 3, 0, 0.1, 3.86354e+06, 125.537
30778, 61961, 117, 3, 0, 0.1, 3.86366e+06, 125.537
30779, 61961, 117, 2, 0, 0.1, 3.86378e+06, 125.537
30780, 57350, 127, 2, 0, 0.1, 3.8639e+06, 125.537
30781, 57350, 117, 2, 0, 0.1, 3.86402e+06, 125.537
30782, 57350, 117, 3, 0, 0.1, 3.86414e+06, 125.536
30783, 49157, 127, 3, 0, 0.1, 3.86426e+06, 125.536
30784, 32780, 127, 0, 0, 0.1, 3.86439e+06, 125.537
30785, 49162, 127, 1, 0, 0.1, 3.86452e+06, 125.537
30786, 49162, 117, 2, 1, 0.1, 3.86464e+06, 125.536
30787, 32780, 127, 3, 0, 0.1, 3.86476e+06, 125.536
30788, 32780, 117, 3, 0, 0.1, 3.86488e+06, 125.536
30789, 32780, 117, 3, 0, 0.1, 3.865e+06, 125.536
30790, 32780, 117, 1, 0, 0.1, 3.86511e+06, 125.536
30791, 49157, 127, 3, 0, 0.1, 3.86524e+06, 125.536
30792, 32780, 127, 3, 1, 0.1, 3.86537e+06, 125.536
30793, 32780, 117, 0, 0, 0.1, 3.86548e+06, 125.535
30794, 49162, 127, 2, 0, 0.1, 3.86561e+06, 125.535
30795, 32780, 127, 3, 0, 0.1, 3.86574e+06, 125.535
30796, 32780, 117, 3, 1, 0.1, 3.86586e+06, 125.535
30797, 32780, 117, 0, 0, 0.1, 3.86597e+06, 125.535
30798, 49162, 127, 0, 0, 0.1, 3.8661e+06, 125.535
30799, 57354, 127, 1, 0, 0.1, 3.86623e+06, 125.535
30800, 57354, 117, 3, 1, 0.1, 3.86634e+06, 125.535
30801, 57354, 117, 0, 1, 0.1, 3.86646e+06, 125.534
30802, 64000, 127, 2, 0, 0.1, 3.86659e+06, 125.534
30803, 57354, 127, 0, 0, 0.1, 3.86671e+06, 125.535
30804, 64000, 127, 3, 0, 0.1, 3.86684e+06, 125.535
30805, 59909, 127, 3, 0, 0.1, 3.86697e+06, 125.535
30806, 59909, 127, 3, 0, 0.1, 3.8671e+06, 125.535
30807, 64005, 127, 1, 0, 0.1, 3.86722e+06, 125.535
30808, 59909, 127, 1, 0, 0.1, 3.86735e+06, 125.535
30809, 59909, 127, 1, 0, 0.1, 3.86748e+06, 125.535
30810, 64000, 127, 3, 0, 0.1, 3.8676e+06, 125.535
30811, 59909, 127, 3, 0, 0.1, 3.86773e+06, 125.535
30812, 59909, 127, 1, 0, 0.1, 3.86786e+06, 125.535
30813, 59909, 127, 1, 0, 0.1, 3.86798e+06, 125.535
30814, 64000, 127, 3, 0, 0.1, 3.86811e+06, 125.535
30815, 59909, 127, 3, 1, 0.1, 3.86824e+06, 125.535
30816, 59909, 127, 1, 0, 0.1, 3.86836e+06, 125.535
30817, 59909, 127, 1, 0, 0.1, 3.86849e+06, 125.535
30818, 64000, 127, 1, 0, 0.1, 3.86862e+06, 125.535
30819, 64005, 127, 1, 0, 0.1, 3.86875e+06, 125.535
30820, 64260, 137, 2, 0, 0.1, 3.86888e+06, 125.536
30821, 64260, 117, 1, 0, 0.1, 3.869e+06, 125.535
30822, 64005, 127, 1, 0, 0.1, 3.86913e+06, 125.535
30823, 64515, 137, 3, 0, 0.1, 3.86926e+06, 125.536
30824, 63493, 127, 3, 0, 0.1, 3.86939e+06, 125.536
30825, 63748, 127, 3, 0, 0.1, 3.86952e+06, 125.536
30826, 63493, 127, 3, 0, 0.1, 3.86964e+06, 125.536
30827, 59392, 127, 1, 0, 0.1, 3.86977e+06, 125.536
30828, 63493, 127, 2, 0, 0.1, 3.8699e+06, 125.536
30829, 63493, 117, 0, 0, 0.1, 3.87002e+06, 125.536
30830, 63493, 117, 1, 1, 0.1, 3.87013e+06, 125.535
30831, 63748, 127, 0, 1, 0.1, 3.87026e+06, 125.536
30832, 61706, 137, 2, 0, 0.1, 3.8704e+06, 125.536
30833, 63748, 127, 1, 0, 0.1, 3.87052e+06, 125.536
30834, 59397, 127, 3, 0, 0.1, 3.87065e+06, 125.536
30835, 63748, 127, 0, 0, 0.1, 3.87078e+06, 125.536
30836, 61706, 127, 1, 0, 0.1, 3.87090e+06, 125.536
30837, 61706, 117, 0, 0, 0.1, 3.87102e+06, 125.536
30838, 62216, 137, 2, 0, 0.1, 3.87116e+06, 125.536
30839, 61706, 127, 0, 0, 0.1, 3.87129e+06, 125.536
30840, 62216, 127, 1, 0, 0.1, 3.87141e+06, 125.536
30841, 61445, 137, 2, 0, 0.1, 3.87155e+06, 125.537
30842, 61445, 117, 2, 0, 0.1, 3.87167e+06, 125.536
30843, 61445, 117, 0, 0, 0.1, 3.87178e+06, 125.536
30844, 61445, 117, 1, 0, 0.1, 3.8719e+06, 125.536
30845, 61702, 127, 3, 0, 0.1, 3.87203e+06, 125.536
30846, 61445, 127, 1, 0, 0.1, 3.87216e+06, 125.536
30847, 61702, 127, 0, 0, 0.1, 3.87228e+06, 125.536
30848, 61706, 137, 0, 0, 0.1, 3.87242e+06, 125.536
30849, 57353, 137, 1, 0, 0.1, 3.87256e+06, 125.537
30850, 61445, 127, 3, 0, 0.1, 3.87268e+06, 125.537
30851, 24585, 127, 1, 0, 0.1, 3.87281e+06, 125.537
30852, 28677, 127, 3, 0, 0.1, 3.87294e+06, 125.537
30853, 24585, 127, 2, 0, 0.1, 3.87306e+06, 125.537
30854, 16394, 127, 2, 0, 0.1, 3.87319e+06, 125.537
30855, 24582, 127, 3, 0, 0.1, 3.87332e+06, 125.537
30856, 28677, 127, 1, 0, 0.1, 3.87344e+06, 125.537
30857, 24582, 127, 2, 1, 0.1, 3.87357e+06, 125.537
30858, 24582, 117, 3, 0, 0.1, 3.87369e+06, 125.537
30859, 28677, 127, 0, 1, 0.1, 3.87382e+06, 125.537
30860, 28677, 117, 1, 0, 0.1, 3.87393e+06, 125.537
30861, 24582, 127, 3, 0, 0.1, 3.87406e+06, 125.537
30862, 28677, 127, 1, 0, 0.1, 3.87419e+06, 125.537
30863, 24582, 127, 1, 1, 0.1, 3.87431e+06, 125.537
30864, 24582, 117, 0, 0, 0.1, 3.87443e+06, 125.536
30865, 16394, 127, 0, 1, 0.1, 3.87456e+06, 125.536
30866, 24585, 127, 2, 0, 0.1, 3.87468e+06, 125.537
30867, 16394, 127, 2, 0, 0.1, 3.87481e+06, 125.537
30868, 24582, 127, 3, 0, 0.1, 3.87494e+06, 125.537
30869, 28677, 127, 3, 1, 0.1, 3.87507e+06, 125.537
30870, 28936, 127, 2, 0, 0.1, 3.87519e+06, 125.537
30871, 28938, 127, 2, 0, 0.1, 3.87532e+06, 125.537
30872, 26884, 127, 3, 0, 0.1, 3.87545e+06, 125.537
30873, 18437, 127, 1, 0, 0.1, 3.87557e+06, 125.537
30874, 26884, 127, 0, 0, 0.1, 3.8757e+06, 125.537
30875, 28938, 127, 0, 0, 0.1, 3.87583e+06, 125.537
30876, 28936, 127, 1, 1, 0.1, 3.87596e+06, 125.537
30877, 28677, 127, 1, 0, 0.1, 3.87608e+06, 125.537
30878, 24582, 127, 2, 0, 0.1, 3.87621e+06, 125.537
30879, 24582, 117, 0, 0, 0.1, 3.87633e+06, 125.537
30880, 16394, 127, 2, 0, 0.1, 3.87645e+06, 125.537
30881, 24582, 127, 0, 0, 0.1, 3.87658e+06, 125.537
30882, 16394, 127, 0, 0, 0.1, 3.87671e+06, 125.537
30883, 24585, 127, 0, 0, 0.1, 3.87683e+06, 125.537
30884, 24585, 117, 1, 0, 0.1, 3.87695e+06, 125.537
30885, 28677, 127, 3, 0, 0.1, 3.87708e+06, 125.537
30886, 24585, 127, 0, 0, 0.1, 3.87720e+06, 125.537
30887, 24585, 117, 2, 0, 0.1, 3.87732e+06, 125.537
30888, 16394, 127, 2, 0, 0.1, 3.87745e+06, 125.537
30889, 24582, 127, 0, 0, 0.1, 3.87758e+06, 125.537
30890, 16394, 127, 2, 0, 0.1, 3.8777e+06, 125.537
30891, 24582, 127, 3, 1, 0.1, 3.87783e+06, 125.537
30892, 28677, 127, 2, 1, 0.1, 3.87796e+06, 125.537
30893, 28677, 117, 1, 0, 0.1, 3.87807e+06, 125.537
30894, 24582, 127, 3, 0, 0.1, 3.8782e+06, 125.537
30895, 28677, 127, 1, 0, 0.1, 3.87833e+06, 125.537
30896, 24582, 127, 0, 0, 0.1, 3.87846e+06, 125.537
30897, 16394, 127, 2, 0, 0.1, 3.87858e+06, 125.537
30898, 24582, 127, 0, 0, 0.1, 3.87871e+06, 125.537
30899, 16394, 127, 2, 0, 0.1, 3.87884e+06, 125.537
30900, 24582, 127, 3, 0, 0.1, 3.87896e+06, 125.537
30901, 28677, 127, 1, 0, 0.1, 3.87909e+06, 125.537
30902, 24582, 127, 0, 0, 0.1, 3.87922e+06, 125.537
30903, 16394, 127, 2, 0, 0.1, 3.87934e+06, 125.537
30904, 24582, 127, 3, 0, 0.1, 3.87947e+06, 125.537
30905, 28677, 127, 3, 0, 0.1, 3.8796e+06, 125.537
30906, 28936, 127, 2, 0, 0.1, 3.87972e+06, 125.537
30907, 28938, 127, 2, 0, 0.1, 3.87985e+06, 125.537
30908, 27012, 127, 0, 0, 0.1, 3.87998e+06, 125.537
30909, 28938, 127, 0, 0, 0.1, 3.88011e+06, 125.537
30910, 28936, 127, 2, 0, 0.1, 3.88023e+06, 125.537
30911, 28938, 127, 1, 1, 0.1, 3.88036e+06, 125.537
30912, 28938, 117, 0, 0, 0.1, 3.88048e+06, 125.537
30913, 28936, 127, 0, 0, 0.1, 3.8806e+06, 125.537
30914, 28938, 137, 2, 0, 0.1, 3.88074e+06, 125.538
30915, 28936, 127, 0, 0, 0.1, 3.88087e+06, 125.538
30916, 28938, 127, 0, 0, 0.1, 3.881e+06, 125.538
30917, 30978, 137, 2, 1, 0.1, 3.88113e+06, 125.538
30918, 28938, 127, 2, 0, 0.1, 3.88126e+06, 125.538
30919, 24840, 127, 0, 0, 0.1, 3.88139e+06, 125.538
30920, 28938, 127, 2, 0, 0.1, 3.88151e+06, 125.538
30921, 24840, 127, 0, 0, 0.1, 3.88164e+06, 125.538
30922, 28938, 127, 0, 0, 0.1, 3.88177e+06, 125.538
30923, 30978, 127, 0, 0, 0.1, 3.88189e+06, 125.538
30924, 28938, 137, 3, 1, 0.1, 3.88203e+06, 125.539
30925, 28938, 117, 0, 0, 0.1, 3.88215e+06, 125.538
30926, 30978, 127, 3, 0, 0.1, 3.88228e+06, 125.538
30927, 28677, 137, 3, 0, 0.1, 3.88241e+06, 125.539
30928, 24584, 127, 0, 0, 0.1, 3.88254e+06, 125.539
30929, 16394, 127, 2, 0, 0.1, 3.88267e+06, 125.539
30930, 24584, 127, 0, 1, 0.1, 3.88279e+06, 125.539
30931, 16394, 127, 2, 0, 0.1, 3.88292e+06, 125.539
30932, 24584, 127, 0, 0, 0.1, 3.88305e+06, 125.539
30933, 16394, 127, 2, 0, 0.1, 3.88317e+06, 125.539
30934, 24584, 127, 2, 0, 0.1, 3.8833e+06, 125.539
30935, 28682, 127, 2, 0, 0.1, 3.88343e+06, 125.539
30936, 29192, 127, 1, 0, 0.1, 3.88356e+06, 125.539
30937, 16389, 137, 0, 1, 0.1, 3.88369e+06, 125.54
30938, 16389, 117, 3, 0, 0.1, 3.88381e+06, 125.539
30939, 24584, 127, 0, 0, 0.1, 3.88394e+06, 125.539
30940, 16394, 127, 0, 0, 0.1, 3.88406e+06, 125.539
30941, 24584, 127, 0, 0, 0.1, 3.88419e+06, 125.539
30942, 16394, 127, 3, 0, 0.1, 3.88432e+06, 125.539
30943, 16394, 117, 2, 0, 0.1, 3.88443e+06, 125.539
30944, 24584, 127, 3, 0, 0.1, 3.88456e+06, 125.539
30945, 24584, 117, 2, 0, 0.1, 3.88468e+06, 125.539
30946, 16394, 127, 0, 0, 0.1, 3.88480e+06, 125.539
30947, 24584, 127, 3, 0, 0.1, 3.88493e+06, 125.539
30948, 24584, 117, 2, 1, 0.1, 3.88505e+06, 125.539
30949, 16394, 127, 2, 0, 0.1, 3.88518e+06, 125.539
30950, 24584, 127, 2, 0, 0.1, 3.8853e+06, 125.539
30951, 28682, 127, 0, 0, 0.1, 3.88543e+06, 125.539
30952, 24584, 127, 0, 0, 0.1, 3.88556e+06, 125.539
30953, 16394, 127, 2, 0, 0.1, 3.88568e+06, 125.539
30954, 24584, 127, 2, 0, 0.1, 3.88581e+06, 125.539
30955, 28682, 127, 2, 0, 0.1, 3.88594e+06, 125.539
30956, 30722, 127, 3, 0, 0.1, 3.88606e+06, 125.539
30957, 30725, 137, 1, 0, 0.1, 3.8862e+06, 125.54
30958, 30722, 127, 3, 0, 0.1, 3.88633e+06, 125.54
30959, 30725, 127, 3, 0, 0.1, 3.88646e+06, 125.54
30960, 30980, 137, 0, 0, 0.1, 3.88659e+06, 125.54
30961, 28938, 127, 2, 0, 0.1, 3.88672e+06, 125.54
30962, 30980, 127, 0, 0, 0.1, 3.88685e+06, 125.54
30963, 28938, 127, 0, 0, 0.1, 3.88697e+06, 125.54
30964, 24842, 137, 0, 0, 0.1, 3.88711e+06, 125.541
30965, 28938, 127, 2, 0, 0.1, 3.88724e+06, 125.541
30966, 24842, 127, 0, 0, 0.1, 3.88736e+06, 125.541
30967, 28938, 127, 0, 0, 0.1, 3.88749e+06, 125.541
30968, 28938, 127, 2, 0, 0.1, 3.88762e+06, 125.541
30969, 28938, 127, 0, 0, 0.1, 3.88775e+06, 125.541
30970, 28938, 127, 0, 0, 0.1, 3.88787e+06, 125.541
30971, 28682, 137, 2, 0, 0.1, 3.88801e+06, 125.541
30972, 24586, 127, 0, 0, 0.1, 3.88814e+06, 125.541
30973, 28682, 127, 0, 0, 0.1, 3.88826e+06, 125.541
30974, 30721, 127, 1, 0, 0.1, 3.88839e+06, 125.541
30975, 30725, 127, 3, 0, 0.1, 3.88852e+06, 125.541
30976, 30721, 127, 0, 0, 0.1, 3.88864e+06, 125.541
30977, 30721, 117, 2, 0, 0.1, 3.88876e+06, 125.541
30978, 28682, 127, 0, 0, 0.1, 3.88889e+06, 125.541
30979, 30721, 127, 3, 0, 0.1, 3.88902e+06, 125.541
30980, 26629, 137, 1, 0, 0.1, 3.88915e+06, 125.542
30981, 18433, 127, 3, 0, 0.1, 3.88928e+06, 125.542
30982, 26629, 127, 3, 0, 0.1, 3.88941e+06, 125.542
30983, 30725, 127, 1, 0, 0.1, 3.88953e+06, 125.542
30984, 26629, 127, 1, 0, 0.1, 3.88966e+06, 125.542
30985, 18433, 127, 1, 0, 0.1, 3.88979e+06, 125.542
30986, 18437, 127, 1, 0, 0.1, 3.88992e+06, 125.542
30987, 26626, 127, 3, 1, 0.1, 3.89004e+06, 125.542
30988, 18437, 127, 3, 0, 0.1, 3.89017e+06, 125.542
30989, 18433, 127, 3, 0, 0.1, 3.8903e+06, 125.542
30990, 26629, 127, 0, 1, 0.1, 3.89042e+06, 125.542
30991, 26629, 117, 3, 0, 0.1, 3.89054e+06, 125.542
30992, 30725, 127, 0, 0, 0.1, 3.89067e+06, 125.542
30993, 30725, 117, 0, 0, 0.1, 3.89078e+06, 125.542
30994, 30725, 117, 1, 0, 0.1, 3.8909e+06, 125.541
30995, 26629, 127, 3, 0, 0.1, 3.89103e+06, 125.541
30996, 30725, 127, 1, 0, 0.1, 3.89116e+06, 125.541
30997, 26629, 127, 3, 0, 0.1, 3.89128e+06, 125.541
30998, 30725, 127, 3, 0, 0.1, 3.89141e+06, 125.541
30999, 30725, 127, 1, 0, 0.1, 3.89154e+06, 125.542
31000, 30725, 127, 3, 0, 0.1, 3.89166e+06, 125.542
31001, 30725, 127, 3, 0, 0.1, 3.89179e+06, 125.542
31002, 25609, 137, 1, 0, 0.1, 3.89193e+06, 125.542
31003, 16389, 127, 3, 0, 0.1, 3.89205e+06, 125.542
31004, 25673, 127, 2, 0, 0.1, 3.89218e+06, 125.542
31005, 29722, 77, 2, 0, 0.1, 3.89226e+06, 125.541
31006, 29960, 127, 2, 0, 0.1, 3.89238e+06, 125.541
31007, 29962, 127, 2, 0, 0.1, 3.89251e+06, 125.541
31008, 32002, 127, 3, 0, 0.1, 3.89264e+06, 125.541
31009, 30725, 137, 3, 0, 0.1, 3.89278e+06, 125.541
31010, 30980, 137, 3, 1, 0.1, 3.89291e+06, 125.541
31011, 28677, 137, 3, 0, 0.1, 3.89305e+06, 125.542
31012, 24581, 127, 3, 0, 0.1, 3.89318e+06, 125.542
31013, 28677, 127, 1, 0, 0.1, 3.8933e+06, 125.542
31014, 24581, 127, 3, 0, 0.1, 3.89343e+06, 125.542
31015, 28677, 127, 1, 0, 0.1, 3.89356e+06, 125.542
31016, 24581, 127, 1, 0, 0.1, 3.89368e+06, 125.542
31017, 28677, 127, 2, 1, 0.1, 3.89381e+06, 125.542
31018, 28677, 117, 1, 0, 0.1, 3.89393e+06, 125.542
31019, 28932, 127, 0, 0, 0.1, 3.89406e+06, 125.542
31020, 28938, 137, 0, 0, 0.1, 3.89419e+06, 125.542
31021, 28938, 137, 1, 0, 0.1, 3.89433e+06, 125.543
31022, 28938, 117, 0, 0, 0.1, 3.89445e+06, 125.542
31023, 28938, 137, 2, 0, 0.1, 3.89458e+06, 125.543
31024, 28938, 127, 2, 0, 0.1, 3.89471e+06, 125.543
31025, 24842, 127, 2, 0, 0.1, 3.89484e+06, 125.543
31026, 24836, 127, 3, 0, 0.1, 3.89496e+06, 125.543
31027, 16389, 127, 0, 1, 0.1, 3.89509e+06, 125.543
31028, 16389, 117, 1, 0, 0.1, 3.89521e+06, 125.543
31029, 24836, 127, 3, 1, 0.1, 3.89534e+06, 125.543
31030, 16389, 127, 3, 1, 0.1, 3.89546e+06, 125.543
31031, 24581, 127, 3, 0, 0.1, 3.89559e+06, 125.543
31032, 28677, 127, 3, 0, 0.1, 3.89572e+06, 125.543
31033, 28940, 127, 0, 0, 0.1, 3.89584e+06, 125.543
31034, 28954, 137, 2, 0, 0.1, 3.89598e+06, 125.543
31035, 28956, 127, 0, 0, 0.1, 3.89611e+06, 125.543
31036, 29002, 77, 0, 1, 0.1, 3.89618e+06, 125.542
31037, 30472, 127, 1, 0, 0.1, 3.89631e+06, 125.542
31038, 29189, 137, 1, 0, 0.1, 3.89645e+06, 125.542
31039, 29954, 137, 2, 0, 0.1, 3.89659e+06, 125.542
31040, 29962, 127, 2, 0, 0.1, 3.89671e+06, 125.542
31041, 32002, 127, 3, 0, 0.1, 3.89684e+06, 125.543
31042, 30725, 137, 1, 0, 0.1, 3.89698e+06, 125.543
31043, 32002, 127, 3, 0, 0.1, 3.8971e+06, 125.543
31044, 30725, 127, 3, 0, 0.1, 3.89723e+06, 125.543
31045, 29960, 137, 0, 1, 0.1, 3.89737e+06, 125.543
31046, 29962, 127, 2, 0, 0.1, 3.8975e+06, 125.543
31047, 29960, 127, 2, 0, 0.1, 3.89762e+06, 125.543
31048, 24842, 137, 3, 0, 0.1, 3.89776e+06, 125.544
31049, 24842, 117, 0, 0, 0.1, 3.89788e+06, 125.544
31050, 24840, 127, 2, 0, 0.1, 3.898e+06, 125.544
31051, 24842, 127, 2, 0, 0.1, 3.89813e+06, 125.544
31052, 30978, 127, 0, 0, 0.1, 3.89826e+06, 125.544
31053, 24842, 127, 2, 0, 0.1, 3.89838e+06, 125.544
31054, 30978, 127, 1, 1, 0.1, 3.89851e+06, 125.544
31055, 30978, 117, 2, 0, 0.1, 3.89863e+06, 125.544
31056, 28938, 127, 2, 1, 0.1, 3.89876e+06, 125.544
31057, 31488, 127, 0, 0, 0.1, 3.89888e+06, 125.544
31058, 28938, 127, 2, 0, 0.1, 3.89901e+06, 125.544
31059, 31488, 127, 1, 0, 0.1, 3.89914e+06, 125.544
31060, 31237, 127, 1, 0, 0.1, 3.89926e+06, 125.544
31061, 31492, 137, 3, 0, 0.1, 3.8994e+06, 125.544
31062, 31237, 127, 3, 0, 0.1, 3.89953e+06, 125.544
31063, 31488, 127, 2, 0, 0.1, 3.89965e+06, 125.544
31064, 28938, 127, 2, 0, 0.1, 3.89978e+06, 125.544
31065, 28938, 127, 0, 0, 0.1, 3.89991e+06, 125.544
31066, 28938, 127, 0, 0, 0.1, 3.90004e+06, 125.544
31067, 31488, 127, 3, 0, 0.1, 3.90016e+06, 125.544
31068, 31237, 137, 0, 0, 0.1, 3.9003e+06, 125.545
31069, 31237, 117, 1, 0, 0.1, 3.90042e+06, 125.544
31070, 31488, 127, 0, 0, 0.1, 3.90054e+06, 125.545
31071, 24842, 127, 0, 1, 0.1, 3.90067e+06, 125.545
31072, 30978, 127, 0, 1, 0.1, 3.9008e+06, 125.545
31073, 24842, 127, 0, 0, 0.1, 3.90092e+06, 125.545
31074, 24840, 127, 1, 0, 0.1, 3.90105e+06, 125.545
31075, 28677, 127, 1, 0, 0.1, 3.90118e+06, 125.545
31076, 29954, 127, 0, 0, 0.1, 3.90130e+06, 125.545
31077, 29962, 127, 2, 0, 0.1, 3.90143e+06, 125.545
31078, 29954, 127, 2, 0, 0.1, 3.90156e+06, 125.545
31079, 29962, 137, 2, 0, 0.1, 3.9017e+06, 125.545
31080, 29960, 137, 2, 0, 0.1, 3.90183e+06, 125.546
31081, 24842, 137, 3, 1, 0.1, 3.90197e+06, 125.546
31082, 24842, 117, 0, 0, 0.1, 3.90209e+06, 125.546
31083, 16648, 127, 2, 0, 0.1, 3.90221e+06, 125.546
31084, 24842, 127, 0, 0, 0.1, 3.90234e+06, 125.546
31085, 16648, 127, 2, 0, 0.1, 3.90247e+06, 125.546
31086, 24842, 127, 2, 0, 0.1, 3.9026e+06, 125.546
31087, 31492, 127, 3, 0, 0.1, 3.90272e+06, 125.546
31088, 27141, 127, 1, 0, 0.1, 3.90285e+06, 125.546
31089, 31492, 127, 3, 0, 0.1, 3.90298e+06, 125.546
31090, 27141, 127, 3, 0, 0.1, 3.9031e+06, 125.546
31091, 31488, 127, 0, 0, 0.1, 3.90323e+06, 125.546
31092, 24858, 127, 0, 1, 0.1, 3.90336e+06, 125.546
31093, 30994, 127, 3, 0, 0.1, 3.90348e+06, 125.546
31094, 30725, 127, 1, 0, 0.1, 3.90361e+06, 125.546
31095, 31122, 127, 1, 0, 0.1, 3.90374e+06, 125.546
31096, 31122, 117, 0, 0, 0.1, 3.90386e+06, 125.546
31097, 24922, 127, 2, 0, 0.1, 3.90398e+06, 125.546
31098, 30994, 77, 3, 0, 0.1, 3.90406e+06, 125.545
31099, 29962, 117, 2, 0, 0.1, 3.90418e+06, 125.544
31100, 30472, 127, 1, 1, 0.1, 3.9043e+06, 125.544
31101, 29189, 127, 1, 0, 0.1, 3.90443e+06, 125.544
31102, 29954, 137, 3, 0, 0.1, 3.90457e+06, 125.545
31103, 28677, 127, 3, 0, 0.1, 3.90469e+06, 125.545
31104, 29960, 127, 2, 0, 0.1, 3.90482e+06, 125.545
31105, 29962, 137, 3, 1, 0.1, 3.90496e+06, 125.545
31106, 29962, 117, 2, 0, 0.1, 3.90508e+06, 125.545
31107, 32002, 137, 2, 0, 0.1, 3.90521e+06, 125.545
31108, 29962, 127, 0, 0, 0.1, 3.90534e+06, 125.545
31109, 32002, 127, 3, 0, 0.1, 3.90547e+06, 125.545
31110, 30725, 137, 3, 0, 0.1, 3.9056e+06, 125.546
31111, 31108, 127, 1, 0, 0.1, 3.90573e+06, 125.546
31112, 30853, 127, 2, 1, 0.1, 3.90586e+06, 125.546
31113, 30853, 117, 1, 0, 0.1, 3.90597e+06, 125.546
31114, 32130, 127, 0, 0, 0.1, 3.9061e+06, 125.546
31115, 25866, 127, 2, 0, 0.1, 3.90623e+06, 125.546
31116, 32002, 127, 1, 1, 0.1, 3.90636e+06, 125.546
31117, 32130, 117, 0, 0, 0.1, 3.90647e+06, 125.545
31118, 25866, 127, 0, 0, 0.1, 3.9066e+06, 125.545
31119, 25928, 127, 2, 0, 0.1, 3.90673e+06, 125.546
31120, 25866, 77, 2, 0, 0.1, 3.9068e+06, 125.544
31121, 30472, 137, 1, 0, 0.1, 3.90694e+06, 125.544
31122, 29189, 127, 3, 0, 0.1, 3.90707e+06, 125.544
31123, 30472, 127, 1, 0, 0.1, 3.90719e+06, 125.544
31124, 29189, 127, 1, 1, 0.1, 3.90732e+06, 125.544
31125, 24834, 137, 1, 0, 0.1, 3.90746e+06, 125.545
31126, 24834, 117, 0, 0, 0.1, 3.90758e+06, 125.545
31127, 28938, 127, 2, 0, 0.1, 3.9077e+06, 125.545
31128, 24834, 127, 3, 0, 0.1, 3.90783e+06, 125.545
31129, 24581, 127, 0, 1, 0.1, 3.90796e+06, 125.545
31130, 24581, 117, 0, 1, 0.1, 3.90807e+06, 125.544
31131, 24581, 117, 0, 1, 0.1, 3.90819e+06, 125.544
31132, 24581, 117, 1, 0, 0.1, 3.90831e+06, 125.544
31133, 24834, 127, 2, 0, 0.1, 3.90843e+06, 125.544
31134, 24842, 127, 2, 0, 0.1, 3.90856e+06, 125.544
31135, 29448, 127, 1, 0, 0.1, 3.90869e+06, 125.544
31136, 29189, 127, 3, 0, 0.1, 3.90882e+06, 125.544
31137, 29448, 127, 1, 0, 0.1, 3.90894e+06, 125.544
31138, 29189, 127, 1, 0, 0.1, 3.90907e+06, 125.544
31139, 28934, 137, 1, 0, 0.1, 3.90921e+06, 125.545
31140, 28934, 117, 3, 0, 0.1, 3.90932e+06, 125.544
31141, 28677, 127, 3, 0, 0.1, 3.90945e+06, 125.544
31142, 24840, 127, 2, 0, 0.1, 3.90958e+06, 125.544
31143, 16650, 127, 0, 0, 0.1, 3.9097e+06, 125.544
31144, 24840, 127, 0, 0, 0.1, 3.90983e+06, 125.544
31145, 16650, 127, 0, 0, 0.1, 3.90996e+06, 125.545
31146, 24834, 127, 3, 0, 0.1, 3.91008e+06, 125.545
31147, 24581, 127, 1, 0, 0.1, 3.91021e+06, 125.545
31148, 24834, 127, 3, 0, 0.1, 3.91034e+06, 125.545
31149, 24581, 127, 1, 0, 0.1, 3.91047e+06, 125.545
31150, 24834, 127, 3, 0, 0.1, 3.91059e+06, 125.545
31151, 24581, 127, 3, 0, 0.1, 3.91072e+06, 125.545
31152, 29960, 127, 0, 1, 0.1, 3.91085e+06, 125.545
31153, 29962, 127, 2, 0, 0.1, 3.91097e+06, 125.545
31154, 29960, 127, 2, 0, 0.1, 3.9111e+06, 125.545
31155, 29962, 127, 1, 1, 0.1, 3.91123e+06, 125.545
31156, 29962, 117, 2, 0, 0.1, 3.91134e+06, 125.545
31157, 32002, 137, 3, 0, 0.1, 3.91148e+06, 125.545
31158, 30725, 127, 1, 0, 0.1, 3.91161e+06, 125.545
31159, 32002, 127, 0, 0, 0.1, 3.91174e+06, 125.545
31160, 29962, 127, 2, 0, 0.1, 3.91186e+06, 125.545
31161, 32002, 127, 2, 0, 0.1, 3.91199e+06, 125.545
31162, 29962, 137, 2, 0, 0.1, 3.91213e+06, 125.546
31163, 32000, 127, 2, 0, 0.1, 3.91225e+06, 125.546
31164, 29962, 137, 3, 0, 0.1, 3.91239e+06, 125.546
31165, 29962, 117, 0, 0, 0.1, 3.91251e+06, 125.546
31166, 32000, 127, 2, 0, 0.1, 3.91264e+06, 125.546
31167, 29962, 127, 0, 0, 0.1, 3.91276e+06, 125.546
31168, 32000, 127, 2, 0, 0.1, 3.91289e+06, 125.546
31169, 29962, 127, 0, 1, 0.1, 3.91302e+06, 125.546
31170, 32000, 127, 2, 0, 0.1, 3.91314e+06, 125.546
31171, 29962, 127, 2, 0, 0.1, 3.91327e+06, 125.546
31172, 29962, 137, 3, 0, 0.1, 3.91341e+06, 125.546
31173, 29962, 117, 2, 0, 0.1, 3.91352e+06, 125.546
31174, 29452, 137, 1, 0, 0.1, 3.91366e+06, 125.546
31175, 28677, 137, 3, 0, 0.1, 3.9138e+06, 125.547
31176, 28940, 127, 0, 0, 0.1, 3.91392e+06, 125.547
31177, 24842, 127, 0, 0, 0.1, 3.91405e+06, 125.547
31178, 24842, 127, 0, 0, 0.1, 3.91418e+06, 125.547
31179, 30992, 127, 0, 0, 0.1, 3.91431e+06, 125.547
31180, 24842, 127, 0, 0, 0.1, 3.91443e+06, 125.547
31181, 26882, 127, 3, 0, 0.1, 3.91456e+06, 125.547
31182, 30725, 127, 3, 0, 0.1, 3.91469e+06, 125.547
31183, 30996, 127, 3, 0, 0.1, 3.91481e+06, 125.547
31184, 24581, 137, 3, 0, 0.1, 3.91495e+06, 125.548
31185, 16389, 127, 3, 0, 0.1, 3.91508e+06, 125.548
31186, 16389, 127, 3, 0, 0.1, 3.91520e+06, 125.548
31187, 24876, 127, 0, 0, 0.1, 3.91533e+06, 125.548
31188, 28954, 127, 0, 0, 0.1, 3.91546e+06, 125.548
31189, 31072, 77, 3, 0, 0.1, 3.91554e+06, 125.546
31190, 29962, 117, 2, 0, 0.1, 3.91565e+06, 125.546
31191, 30472, 137, 0, 0, 0.1, 3.91579e+06, 125.546
31192, 29962, 127, 2, 0, 0.1, 3.91592e+06, 125.546
31193, 30472, 127, 1, 0, 0.1, 3.91604e+06, 125.546
31194, 24581, 137, 0, 0, 0.1, 3.91618e+06, 125.547
31195, 24581, 117, 0, 0, 0.1, 3.9163e+06, 125.547
31196, 24581, 117, 1, 0, 0.1, 3.91642e+06, 125.546
31197, 29698, 127, 2, 0, 0.1, 3.91654e+06, 125.546
31198, 29706, 127, 2, 0, 0.1, 3.91667e+06, 125.546
31199, 30216, 137, 1, 0, 0.1, 3.91681e+06, 125.547
31200, 28677, 137, 2, 1, 0.1, 3.91694e+06, 125.547
31201, 28677, 117, 1, 0, 0.1, 3.91706e+06, 125.547
31202, 28934, 127, 0, 0, 0.1, 3.91719e+06, 125.547
31203, 28682, 137, 2, 0, 0.1, 3.91732e+06, 125.547
31204, 24582, 127, 3, 0, 0.1, 3.91745e+06, 125.547
31205, 28677, 127, 3, 0, 0.1, 3.91758e+06, 125.547
31206, 29704, 127, 1, 0, 0.1, 3.91770e+06, 125.547
31207, 28677, 127, 3, 0, 0.1, 3.91783e+06, 125.547
31208, 29704, 127, 2, 0, 0.1, 3.91796e+06, 125.547
31209, 28682, 137, 3, 0, 0.1, 3.9181e+06, 125.548
31210, 28682, 117, 2, 0, 0.1, 3.91821e+06, 125.548
31211, 31236, 127, 1, 0, 0.1, 3.91834e+06, 125.548
31212, 31237, 137, 1, 0, 0.1, 3.91848e+06, 125.548
31213, 31747, 137, 0, 0, 0.1, 3.91861e+06, 125.548
31214, 31747, 117, 1, 1, 0.1, 3.91873e+06, 125.548
31215, 31747, 117, 2, 0, 0.1, 3.91885e+06, 125.548
31216, 28682, 137, 3, 0, 0.1, 3.91898e+06, 125.548
31217, 28682, 117, 3, 1, 0.1, 3.9191e+06, 125.548
31218, 28682, 117, 0, 0, 0.1, 3.91922e+06, 125.548
31219, 26627, 127, 2, 0, 0.1, 3.91935e+06, 125.548
31220, 28682, 127, 2, 1, 0.1, 3.91947e+06, 125.548
31221, 30722, 127, 3, 0, 0.1, 3.9196e+06, 125.548
31222, 28677, 137, 1, 0, 0.1, 3.91974e+06, 125.548
31223, 28674, 127, 3, 0, 0.1, 3.91986e+06, 125.548
31224, 28677, 127, 1, 0, 0.1, 3.91999e+06, 125.548
31225, 28674, 127, 0, 0, 0.1, 3.92012e+06, 125.548
31226, 24586, 127, 2, 0, 0.1, 3.92024e+06, 125.548
31227, 28674, 127, 2, 0, 0.1, 3.92037e+06, 125.548
31228, 29196, 127, 0, 0, 0.1, 3.9205e+06, 125.548
31229, 28674, 127, 1, 0, 0.1, 3.92063e+06, 125.548
31230, 28674, 117, 0, 0, 0.1, 3.92074e+06, 125.548
31231, 24586, 127, 0, 0, 0.1, 3.92087e+06, 125.548
31232, 26627, 127, 3, 0, 0.1, 3.921e+06, 125.548
31233, 30725, 127, 2, 1, 0.1, 3.92112e+06, 125.548
31234, 30725, 117, 3, 0, 0.1, 3.92124e+06, 125.548
31235, 30724, 127, 1, 0, 0.1, 3.92137e+06, 125.548
31236, 30725, 127, 3, 0, 0.1, 3.9215e+06, 125.548
31237, 30724, 127, 3, 0, 0.1, 3.92162e+06, 125.548
31238, 30725, 137, 3, 0, 0.1, 3.92176e+06, 125.549
31239, 32016, 137, 2, 0, 0.1, 3.9219e+06, 125.549
31240, 29978, 137, 3, 1, 0.1, 3.92203e+06, 125.549
31241, 29978, 117, 2, 0, 0.1, 3.92215e+06, 125.549
31242, 29978, 137, 2, 0, 0.1, 3.92229e+06, 125.549
31243, 28956, 137, 1, 1, 0.1, 3.92242e+06, 125.55
31244, 28677, 127, 1, 0, 0.1, 3.92255e+06, 125.55
31245, 32774, 137, 1, 0, 0.1, 3.92269e+06, 125.55
31246, 32774, 117, 2, 0, 0.1, 3.92280e+06, 125.55
31247, 32774, 117, 0, 0, 0.1, 3.92292e+06, 125.55
31248, 49161, 127, 1, 0, 0.1, 3.92305e+06, 125.55
31249, 57349, 127, 1, 1, 0.1, 3.92318e+06, 125.55
31250, 61442, 127, 1, 0, 0.1, 3.9233e+06, 125.55
31251, 61442, 117, 0, 0, 0.1, 3.92342e+06, 125.549
31252, 57354, 127, 2, 0, 0.1, 3.92355e+06, 125.549
31253, 61442, 127, 1, 0, 0.1, 3.92367e+06, 125.55
31254, 61442, 117, 2, 0, 0.1, 3.92379e+06, 125.549
31255, 61964, 127, 0, 1, 0.1, 3.92392e+06, 125.549
31256, 61442, 127, 0, 0, 0.1, 3.92404e+06, 125.549
31257, 57354, 127, 0, 0, 0.1, 3.92417e+06, 125.549
31258, 51203, 127, 1, 0, 0.1, 3.9243e+06, 125.549
31259, 51203, 117, 3, 0, 0.1, 3.92442e+06, 125.549
31260, 34821, 127, 0, 0, 0.1, 3.92454e+06, 125.549
31261, 34821, 117, 1, 0, 0.1, 3.92466e+06, 125.549
31262, 51203, 127, 3, 0, 0.1, 3.92479e+06, 125.549
31263, 34821, 127, 2, 0, 0.1, 3.92491e+06, 125.549
31264, 34821, 117, 1, 0, 0.1, 3.92503e+06, 125.549
31265, 51203, 127, 1, 0, 0.1, 3.92516e+06, 125.549
31266, 51203, 117, 3, 0, 0.1, 3.92528e+06, 125.549
31267, 34821, 127, 2, 0, 0.1, 3.9254e+06, 125.549
31268, 34821, 117, 2, 0, 0.1, 3.92552e+06, 125.548
31269, 34821, 117, 3, 0, 0.1, 3.92564e+06, 125.548
31270, 51204, 127, 1, 0, 0.1, 3.92576e+06, 125.548
31271, 34821, 127, 3, 0, 0.1, 3.92589e+06, 125.548
31272, 51204, 127, 1, 0, 0.1, 3.92602e+06, 125.548
31273, 34821, 127, 3, 0, 0.1, 3.92614e+06, 125.548
31274, 51204, 127, 1, 0, 0.1, 3.92627e+06, 125.548
31275, 34821, 127, 2, 0, 0.1, 3.9264e+06, 125.548
31276, 34821, 117, 0, 0, 0.1, 3.92652e+06, 125.548
31277, 34821, 117, 2, 0, 0.1, 3.92663e+06, 125.548
31278, 34821, 117, 1, 0, 0.1, 3.92675e+06, 125.547
31279, 51203, 127, 3, 0, 0.1, 3.92688e+06, 125.548
31280, 34821, 127, 3, 0, 0.1, 3.927e+06, 125.548
31281, 51204, 127, 3, 0, 0.1, 3.92713e+06, 125.548
31282, 59397, 127, 0, 1, 0.1, 3.92726e+06, 125.548
31283, 59397, 117, 1, 0, 0.1, 3.92737e+06, 125.547
31284, 51204, 127, 3, 0, 0.1, 3.9275e+06, 125.547
31285, 59397, 127, 1, 0, 0.1, 3.92763e+06, 125.548
31286, 51204, 127, 3, 0, 0.1, 3.92776e+06, 125.548
31287, 59397, 127, 3, 0, 0.1, 3.92788e+06, 125.548
31288, 63760, 127, 3, 0, 0.1, 3.92801e+06, 125.548
31289, 63493, 127, 3, 0, 0.1, 3.92814e+06, 125.548
31290, 63493, 137, 1, 0, 0.1, 3.92827e+06, 125.548
31291, 63493, 127, 3, 0, 0.1, 3.9284e+06, 125.548
31292, 63493, 127, 3, 0, 0.1, 3.92853e+06, 125.548
31293, 63493, 137, 1, 1, 0.1, 3.92866e+06, 125.549
31294, 59397, 127, 2, 1, 0.1, 3.92879e+06, 125.549
31295, 59397, 117, 3, 0, 0.1, 3.92891e+06, 125.548
31296, 63493, 127, 1, 0, 0.1, 3.92904e+06, 125.548
31297, 59397, 127, 0, 0, 0.1, 3.92916e+06, 125.548
31298, 59397, 117, 1, 0, 0.1, 3.92928e+06, 125.548
31299, 51205, 127, 1, 0, 0.1, 3.92941e+06, 125.548
31300, 59664, 127, 3, 0, 0.1, 3.92953e+06, 125.548
31301, 51205, 127, 2, 0, 0.1, 3.92966e+06, 125.548
31302, 51205, 117, 3, 0, 0.1, 3.92978e+06, 125.548
31303, 59397, 127, 3, 0, 0.1, 3.9299e+06, 125.548
31304, 63493, 127, 1, 0, 0.1, 3.93003e+06, 125.548
31305, 59397, 127, 2, 0, 0.1, 3.93016e+06, 125.548
31306, 59397, 117, 1, 0, 0.1, 3.93028e+06, 125.548
31307, 51205, 127, 3, 0, 0.1, 3.9304e+06, 125.548
31308, 59397, 127, 3, 0, 0.1, 3.93053e+06, 125.548
31309, 63493, 127, 1, 0, 0.1, 3.93066e+06, 125.548
31310, 59397, 127, 3, 0, 0.1, 3.93078e+06, 125.548
31311, 63493, 127, 1, 0, 0.1, 3.93091e+06, 125.548
31312, 59397, 127, 1, 0, 0.1, 3.93104e+06, 125.548
31313, 51205, 127, 0, 0, 0.1, 3.93116e+06, 125.548
31314, 51205, 117, 1, 0, 0.1, 3.93128e+06, 125.548
31315, 59664, 127, 1, 0, 0.1, 3.93141e+06, 125.548
31316, 51205, 127, 1, 0, 0.1, 3.93154e+06, 125.548
31317, 34820, 127, 1, 0, 0.1, 3.93166e+06, 125.548
31318, 34821, 127, 1, 0, 0.1, 3.93179e+06, 125.548
31319, 51203, 127, 2, 0, 0.1, 3.93192e+06, 125.548
31320, 57354, 127, 2, 0, 0.1, 3.93204e+06, 125.548
31321, 61442, 127, 0, 0, 0.1, 3.93217e+06, 125.548
31322, 57354, 127, 0, 0, 0.1, 3.9323e+06, 125.548
31323, 51203, 127, 1, 0, 0.1, 3.93242e+06, 125.548
31324, 51203, 117, 1, 0, 0.1, 3.93254e+06, 125.548
31325, 51203, 117, 3, 0, 0.1, 3.93266e+06, 125.548
31326, 34821, 127, 1, 0, 0.1, 3.93278e+06, 125.548
31327, 51203, 127, 0, 0, 0.1, 3.93291e+06, 125.548
31328, 51203, 117, 1, 0, 0.1, 3.93303e+06, 125.548
31329, 51203, 117, 3, 0, 0.1, 3.93315e+06, 125.547
31330, 34821, 127, 0, 0, 0.1, 3.93327e+06, 125.547
31331, 34821, 117, 3, 1, 0.1, 3.93339e+06, 125.547
31332, 34820, 127, 3, 0, 0.1, 3.93352e+06, 125.547
31333, 51205, 127, 0, 0, 0.1, 3.93364e+06, 125.547
31334, 51205, 117, 1, 0, 0.1, 3.93376e+06, 125.547
31335, 34820, 127, 1, 0, 0.1, 3.93389e+06, 125.547
31336, 34821, 127, 3, 0, 0.1, 3.93402e+06, 125.547
31337, 34820, 127, 1, 0, 0.1, 3.93414e+06, 125.547
31338, 34821, 127, 3, 0, 0.1, 3.93427e+06, 125.547
31339, 34820, 127, 1, 0, 0.1, 3.9344e+06, 125.547
31340, 34821, 127, 1, 0, 0.1, 3.93452e+06, 125.547
31341, 51203, 127, 3, 0, 0.1, 3.93465e+06, 125.547
31342, 34821, 127, 1, 0, 0.1, 3.93478e+06, 125.547
31343, 51203, 127, 3, 0, 0.1, 3.9349e+06, 125.547
31344, 34821, 127, 2, 0, 0.1, 3.93503e+06, 125.547
31345, 2053, 117, 0, 0, 0.1, 3.93515e+06, 125.547
31346, 2053, 117, 2, 0, 0.1, 3.93526e+06, 125.547
31347, 2053, 117, 0, 0, 0.1, 3.93538e+06, 125.547
31348, 2053, 117, 3, 0, 0.1, 3.9355e+06, 125.546
31349, 2052, 127, 3, 0, 0.1, 3.93563e+06, 125.546
31350, 18437, 127, 3, 1, 0.1, 3.93575e+06, 125.546
31351, 26880, 127, 0, 0, 0.1, 3.93588e+06, 125.546
31352, 28938, 127, 0, 0, 0.1, 3.93601e+06, 125.546
31353, 30978, 127, 3, 0, 0.1, 3.93613e+06, 125.547
31354, 30725, 137, 0, 0, 0.1, 3.93627e+06, 125.547
31355, 30725, 117, 1, 0, 0.1, 3.93639e+06, 125.547
31356, 30978, 127, 3, 0, 0.1, 3.93652e+06, 125.547
31357, 30725, 127, 3, 0, 0.1, 3.93664e+06, 125.547
31358, 260, 137, 3, 0, 0.1, 3.93678e+06, 125.547
31359, 16389, 127, 3, 0, 0.1, 3.93691e+06, 125.547
31360, 24581, 127, 3, 0, 0.1, 3.93703e+06, 125.547
31361, 28677, 127, 1, 0, 0.1, 3.93716e+06, 125.547
31362, 24581, 127, 1, 0, 0.1, 3.93729e+06, 125.547
31363, 16389, 127, 0, 1, 0.1, 3.93741e+06, 125.547
31364, 16389, 117, 3, 0, 0.1, 3.93753e+06, 125.547
31365, 24581, 127, 3, 0, 0.1, 3.93766e+06, 125.547
31366, 28677, 127, 1, 0, 0.1, 3.93778e+06, 125.547
31367, 24581, 127, 3, 0, 0.1, 3.93791e+06, 125.547
31368, 28677, 127, 1, 0, 0.1, 3.93804e+06, 125.547
31369, 24581, 127, 3, 0, 0.1, 3.93817e+06, 125.547
31370, 28677, 127, 1, 0, 0.1, 3.93829e+06, 125.547
31371, 24581, 127, 1, 0, 0.1, 3.93842e+06, 125.547
31372, 16389, 127, 3, 0, 0.1, 3.93855e+06, 125.547
31373, 24581, 127, 3, 0, 0.1, 3.93867e+06, 125.547
31374, 28677, 127, 3, 0, 0.1, 3.9388e+06, 125.547
31375, 28956, 127, 1, 0, 0.1, 3.93893e+06, 125.548
31376, 28677, 127, 3, 1, 0.1, 3.93906e+06, 125.548
31377, 28940, 127, 0, 0, 0.1, 3.93918e+06, 125.548
31378, 28938, 137, 3, 1, 0.1, 3.93932e+06, 125.548
31379, 28954, 117, 0, 0, 0.1, 3.93944e+06, 125.548
31380, 31552, 87, 3, 0, 0.1, 3.93952e+06, 125.546
31381, 29962, 117, 3, 1, 0.1, 3.93964e+06, 125.546
31382, 29962, 117, 2, 0, 0.1, 3.93976e+06, 125.546
31383, 29960, 127, 2, 0, 0.1, 3.93988e+06, 125.546
31384, 29962, 137, 2, 0, 0.1, 3.94002e+06, 125.546
31385, 29954, 137, 0, 0, 0.1, 3.94016e+06, 125.547
31386, 29962, 127, 2, 0, 0.1, 3.94028e+06, 125.547
31387, 29954, 127, 3, 0, 0.1, 3.94041e+06, 125.547
31388, 28677, 127, 3, 0, 0.1, 3.94054e+06, 125.547
31389, 28932, 127, 0, 0, 0.1, 3.94067e+06, 125.547
31390, 28938, 137, 0, 0, 0.1, 3.9408e+06, 125.547
31391, 28938, 137, 0, 0, 0.1, 3.94094e+06, 125.548
31392, 28938, 137, 2, 1, 0.1, 3.94108e+06, 125.548
31393, 24842, 127, 0, 0, 0.1, 3.9412e+06, 125.548
31394, 28938, 127, 0, 1, 0.1, 3.94133e+06, 125.548
31395, 28938, 127, 2, 0, 0.1, 3.94146e+06, 125.548
31396, 28938, 127, 1, 0, 0.1, 3.94158e+06, 125.548
31397, 28938, 117, 1, 0, 0.1, 3.9417e+06, 125.548
31398, 28938, 117, 0, 0, 0.1, 3.94182e+06, 125.548
31399, 28938, 127, 0, 0, 0.1, 3.94195e+06, 125.548
31400, 28938, 137, 0, 0, 0.1, 3.94208e+06, 125.548
31401, 30721, 137, 1, 0, 0.1, 3.94222e+06, 125.548
31402, 30725, 127, 3, 0, 0.1, 3.94235e+06, 125.548
31403, 30721, 127, 3, 0, 0.1, 3.94247e+06, 125.549
31404, 30725, 137, 1, 0, 0.1, 3.94261e+06, 125.549
31405, 30721, 127, 3, 0, 0.1, 3.94274e+06, 125.549
31406, 30725, 127, 2, 0, 0.1, 3.94286e+06, 125.549
31407, 30725, 117, 3, 0, 0.1, 3.94298e+06, 125.549
31408, 30725, 137, 1, 0, 0.1, 3.94312e+06, 125.549
31409, 30725, 127, 2, 0, 0.1, 3.94325e+06, 125.549
31410, 30853, 117, 3, 0, 0.1, 3.94336e+06, 125.549
31411, 30853, 127, 0, 0, 0.1, 3.94349e+06, 125.549
31412, 30725, 67, 2, 0, 0.1, 3.94356e+06, 125.547
31413, 30472, 127, 2, 0, 0.1, 3.94368e+06, 125.547
31414, 29962, 127, 2, 0, 0.1, 3.94381e+06, 125.547
31415, 32002, 127, 2, 0, 0.1, 3.94394e+06, 125.547
31416, 29962, 127, 2, 0, 0.1, 3.94406e+06, 125.547
31417, 31488, 137, 3, 0, 0.1, 3.9442e+06, 125.548
31418, 31237, 137, 0, 0, 0.1, 3.94434e+06, 125.548
31419, 31237, 117, 0, 0, 0.1, 3.94446e+06, 125.548
31420, 31237, 117, 1, 0, 0.1, 3.94457e+06, 125.547
31421, 31488, 127, 3, 1, 0.1, 3.9447e+06, 125.547
31422, 31237, 127, 1, 0, 0.1, 3.94483e+06, 125.547
31423, 31488, 127, 1, 0, 0.1, 3.94495e+06, 125.548
31424, 26629, 137, 3, 0, 0.1, 3.94509e+06, 125.548
31425, 30976, 127, 2, 0, 0.1, 3.94522e+06, 125.548
31426, 24842, 127, 0, 0, 0.1, 3.94534e+06, 125.548
31427, 30976, 127, 1, 0, 0.1, 3.94547e+06, 125.548
31428, 26629, 127, 3, 0, 0.1, 3.9456e+06, 125.548
31429, 30976, 127, 0, 0, 0.1, 3.94573e+06, 125.548
31430, 28938, 127, 2, 1, 0.1, 3.94585e+06, 125.548
31431, 30976, 127, 3, 0, 0.1, 3.94598e+06, 125.548
31432, 30725, 127, 1, 0, 0.1, 3.94611e+06, 125.548
31433, 30976, 127, 0, 0, 0.1, 3.94623e+06, 125.548
31434, 28938, 127, 0, 0, 0.1, 3.94636e+06, 125.548
31435, 31106, 127, 0, 0, 0.1, 3.94649e+06, 125.548
31436, 28938, 127, 0, 0, 0.1, 3.94662e+06, 125.548
31437, 29448, 127, 2, 0, 0.1, 3.94674e+06, 125.548
31438, 28938, 127, 0, 0, 0.1, 3.94687e+06, 125.549
31439, 29448, 127, 2, 1, 0.1, 3.947e+06, 125.549
31440, 28938, 127, 0, 0, 0.1, 3.94712e+06, 125.549
31441, 29448, 127, 1, 0, 0.1, 3.94725e+06, 125.549
31442, 29189, 137, 3, 0, 0.1, 3.94739e+06, 125.549
31443, 29448, 127, 1, 0, 0.1, 3.94751e+06, 125.549
31444, 29189, 127, 1, 0, 0.1, 3.94764e+06, 125.549
31445, 29954, 137, 0, 1, 0.1, 3.94778e+06, 125.549
31446, 29962, 127, 2, 0, 0.1, 3.94790e+06, 125.55
31447, 29954, 127, 2, 0, 0.1, 3.94803e+06, 125.55
31448, 29962, 137, 2, 0, 0.1, 3.94817e+06, 125.55
31449, 29448, 137, 1, 0, 0.1, 3.94831e+06, 125.55
31450, 29189, 137, 2, 0, 0.1, 3.94844e+06, 125.551
31451, 29189, 117, 1, 0, 0.1, 3.94856e+06, 125.55
31452, 24582, 137, 3, 0, 0.1, 3.9487e+06, 125.551
31453, 16389, 127, 3, 0, 0.1, 3.94882e+06, 125.551
31454, 16648, 127, 2, 0, 0.1, 3.94895e+06, 125.551
31455, 266, 127, 2, 0, 0.1, 3.94908e+06, 125.551
31456, 18692, 127, 1, 0, 0.1, 3.94920e+06, 125.551
31457, 18437, 127, 3, 0, 0.1, 3.94933e+06, 125.551
31458, 18692, 127, 0, 0, 0.1, 3.94946e+06, 125.551
31459, 266, 127, 2, 0, 0.1, 3.94959e+06, 125.551
31460, 18692, 127, 3, 0, 0.1, 3.94971e+06, 125.551
31461, 26629, 127, 3, 0, 0.1, 3.94984e+06, 125.551
31462, 30976, 127, 0, 0, 0.1, 3.94997e+06, 125.551
31463, 28938, 127, 0, 0, 0.1, 3.95009e+06, 125.551
31464, 30978, 127, 3, 0, 0.1, 3.95022e+06, 125.551
31465, 30725, 137, 1, 0, 0.1, 3.95036e+06, 125.552
31466, 30978, 127, 3, 1, 0.1, 3.95048e+06, 125.552
31467, 30853, 127, 1, 0, 0.1, 3.95061e+06, 125.552
31468, 30978, 127, 3, 0, 0.1, 3.95074e+06, 125.552
31469, 30853, 127, 1, 0, 0.1, 3.95087e+06, 125.552
31470, 30978, 127, 2, 0, 0.1, 3.95099e+06, 125.552
31471, 24842, 127, 0, 0, 0.1, 3.95112e+06, 125.552
31472, 30978, 127, 3, 0, 0.1, 3.95125e+06, 125.552
31473, 30725, 127, 1, 0, 0.1, 3.95137e+06, 125.552
31474, 30978, 127, 0, 0, 0.1, 3.9515e+06, 125.552
31475, 24842, 127, 2, 0, 0.1, 3.95163e+06, 125.552
31476, 30978, 127, 3, 0, 0.1, 3.95176e+06, 125.552
31477, 30725, 127, 3, 0, 0.1, 3.95188e+06, 125.552
31478, 30980, 137, 0, 0, 0.1, 3.95202e+06, 125.553
31479, 28938, 137, 2, 0, 0.1, 3.95216e+06, 125.553
31480, 30980, 127, 3, 0, 0.1, 3.95228e+06, 125.553
31481, 30725, 137, 1, 1, 0.1, 3.95242e+06, 125.553
31482, 30980, 127, 0, 0, 0.1, 3.95255e+06, 125.553
31483, 28938, 127, 3, 0, 0.1, 3.95267e+06, 125.553
31484, 28938, 117, 0, 0, 0.1, 3.95279e+06, 125.553
31485, 28938, 137, 0, 0, 0.1, 3.95293e+06, 125.554
31486, 28938, 137, 0, 0, 0.1, 3.95306e+06, 125.554
31487, 28938, 137, 0, 0, 0.1, 3.9532e+06, 125.554
31488, 28938, 137, 0, 0, 0.1, 3.95334e+06, 125.555
31489, 31233, 137, 3, 0, 0.1, 3.95348e+06, 125.555
31490, 31237, 127, 3, 0, 0.1, 3.9536e+06, 125.555
31491, 31237, 127, 3, 0, 0.1, 3.95373e+06, 125.555
31492, 31237, 137, 1, 0, 0.1, 3.95387e+06, 125.555
31493, 31237, 127, 2, 0, 0.1, 3.95399e+06, 125.556
31494, 31237, 117, 0, 0, 0.1, 3.95411e+06, 125.555
31495, 31237, 117, 0, 0, 0.1, 3.95423e+06, 125.555
31496, 31237, 117, 3, 0, 0.1, 3.95434e+06, 125.555
31497, 31237, 127, 1, 0, 0.1, 3.95447e+06, 125.555
31498, 31237, 127, 3, 0, 0.1, 3.9546e+06, 125.555
31499, 31237, 127, 3, 0, 0.1, 3.95473e+06, 125.555
31500, 30217, 137, 1, 0, 0.1, 3.95486e+06, 125.555
31501, 29189, 127, 1, 0, 0.1, 3.95499e+06, 125.555
31502, 25093, 127, 1, 0, 0.1, 3.95512e+06, 125.555
31503, 25221, 127, 3, 0, 0.1, 3.95524e+06, 125.555
31504, 25221, 127, 3, 0, 0.1, 3.95537e+06, 125.555
31505, 29221, 77, 0, 1, 0.1, 3.95545e+06, 125.554
31506, 29960, 137, 2, 0, 0.1, 3.95558e+06, 125.554
31507, 29962, 127, 0, 0, 0.1, 3.95571e+06, 125.554
31508, 29960, 127, 1, 0, 0.1, 3.95584e+06, 125.554
31509, 28677, 127, 1, 0, 0.1, 3.95597e+06, 125.554
31510, 29954, 127, 2, 0, 0.1, 3.95609e+06, 125.554
31511, 29962, 127, 2, 0, 0.1, 3.95622e+06, 125.554
31512, 32002, 137, 3, 0, 0.1, 3.95636e+06, 125.555
31513, 28677, 137, 1, 0, 0.1, 3.95649e+06, 125.555
31514, 29954, 127, 3, 0, 0.1, 3.95662e+06, 125.555
31515, 28677, 127, 1, 0, 0.1, 3.95675e+06, 125.555
31516, 29954, 127, 2, 0, 0.1, 3.95688e+06, 125.555
31517, 29962, 127, 2, 0, 0.1, 3.957e+06, 125.555
31518, 16648, 137, 3, 0, 0.1, 3.95714e+06, 125.556
31519, 16648, 117, 0, 0, 0.1, 3.95726e+06, 125.555
31520, 16650, 127, 0, 1, 0.1, 3.95738e+06, 125.555
31521, 24834, 127, 0, 0, 0.1, 3.95751e+06, 125.556
31522, 16650, 127, 0, 0, 0.1, 3.95764e+06, 125.556
31523, 24834, 127, 0, 0, 0.1, 3.95776e+06, 125.556
31524, 28938, 127, 2, 0, 0.1, 3.95789e+06, 125.556
31525, 24834, 127, 2, 0, 0.1, 3.95802e+06, 125.556
31526, 16650, 127, 0, 0, 0.1, 3.95814e+06, 125.556
31527, 24834, 127, 2, 0, 0.1, 3.95827e+06, 125.556
31528, 16650, 127, 0, 0, 0.1, 3.9584e+06, 125.556
31529, 24834, 127, 0, 0, 0.1, 3.95853e+06, 125.556
31530, 28938, 127, 0, 0, 0.1, 3.95865e+06, 125.556
31531, 29448, 127, 0, 0, 0.1, 3.95878e+06, 125.556
31532, 28938, 137, 0, 0, 0.1, 3.95892e+06, 125.556
31533, 31233, 137, 3, 0, 0.1, 3.95905e+06, 125.557
31534, 31237, 127, 1, 0, 0.1, 3.95918e+06, 125.557
31535, 31233, 127, 3, 0, 0.1, 3.95931e+06, 125.557
31536, 31237, 127, 1, 0, 0.1, 3.95944e+06, 125.557
31537, 31233, 127, 3, 0, 0.1, 3.95956e+06, 125.557
31538, 31237, 127, 3, 1, 0.1, 3.95969e+06, 125.557
31539, 32320, 137, 3, 0, 0.1, 3.95983e+06, 125.557
31540, 31237, 137, 3, 0, 0.1, 3.95996e+06, 125.558
31541, 31237, 127, 2, 0, 0.1, 3.96009e+06, 125.558
31542, 31237, 117, 1, 1, 0.1, 3.96021e+06, 125.557
31543, 31237, 127, 3, 0, 0.1, 3.96033e+06, 125.557
31544, 31237, 127, 3, 0, 0.1, 3.96046e+06, 125.558
31545, 31237, 137, 2, 0, 0.1, 3.9606e+06, 125.558
31546, 31237, 117, 3, 0, 0.1, 3.96072e+06, 125.558
31547, 31492, 127, 1, 0, 0.1, 3.96084e+06, 125.558
31548, 31237, 127, 3, 0, 0.1, 3.96097e+06, 125.558
31549, 31492, 127, 0, 0, 0.1, 3.9611e+06, 125.558
31550, 28938, 137, 0, 0, 0.1, 3.96123e+06, 125.558
31551, 24842, 127, 0, 0, 0.1, 3.96136e+06, 125.558
31552, 16650, 127, 2, 0, 0.1, 3.96149e+06, 125.558
31553, 24842, 127, 0, 0, 0.1, 3.96161e+06, 125.558
31554, 16650, 127, 2, 0, 0.1, 3.96174e+06, 125.558
31555, 24842, 127, 2, 0, 0.1, 3.96187e+06, 125.558
31556, 28938, 127, 2, 0, 0.1, 3.962e+06, 125.558
31557, 31492, 127, 1, 0, 0.1, 3.96212e+06, 125.558
31558, 31237, 127, 3, 0, 0.1, 3.96225e+06, 125.558
31559, 31492, 127, 1, 0, 0.1, 3.96238e+06, 125.559
31560, 31237, 127, 3, 0, 0.1, 3.9625e+06, 125.559
31561, 31492, 127, 1, 1, 0.1, 3.96263e+06, 125.559
31562, 31237, 127, 3, 0, 0.1, 3.96276e+06, 125.559
31563, 31492, 127, 3, 0, 0.1, 3.96288e+06, 125.559
31564, 18949, 137, 1, 0, 0.1, 3.96302e+06, 125.559
31565, 2820, 127, 1, 0, 0.1, 3.96315e+06, 125.559
31566, 18949, 127, 3, 0, 0.1, 3.96328e+06, 125.559
31567, 2820, 127, 3, 0, 0.1, 3.9634e+06, 125.559
31568, 18949, 127, 0, 0, 0.1, 3.96353e+06, 125.559
31569, 18949, 117, 1, 0, 0.1, 3.96365e+06, 125.559
31570, 2820, 127, 2, 0, 0.1, 3.96377e+06, 125.559
31571, 2836, 117, 2, 0, 0.1, 3.96389e+06, 125.559
31572, 2820, 117, 1, 0, 0.1, 3.96401e+06, 125.558
31573, 18949, 127, 0, 0, 0.1, 3.96413e+06, 125.559
31574, 18949, 117, 1, 1, 0.1, 3.96425e+06, 125.558
31575, 27141, 127, 3, 0, 0.1, 3.96438e+06, 125.558
31576, 18949, 127, 0, 0, 0.1, 3.96450e+06, 125.558
31577, 18949, 117, 0, 0, 0.1, 3.96462e+06, 125.558
31578, 18949, 117, 3, 0, 0.1, 3.96474e+06, 125.558
31579, 2820, 127, 2, 0, 0.1, 3.96487e+06, 125.558
31580, 2820, 117, 3, 0, 0.1, 3.96498e+06, 125.558
31581, 18949, 127, 0, 1, 0.1, 3.96511e+06, 125.558
31582, 18949, 117, 0, 0, 0.1, 3.96523e+06, 125.557
31583, 18949, 117, 0, 0, 0.1, 3.96534e+06, 125.557
31584, 18949, 117, 1, 0, 0.1, 3.96546e+06, 125.557
31585, 2820, 127, 3, 0, 0.1, 3.96559e+06, 125.557
31586, 18949, 127, 3, 0, 0.1, 3.96572e+06, 125.557
31587, 27141, 127, 3, 0, 0.1, 3.96584e+06, 125.557
31588, 31237, 127, 2, 1, 0.1, 3.96597e+06, 125.557
31589, 31237, 117, 3, 0, 0.1, 3.96609e+06, 125.557
31590, 31492, 127, 1, 0, 0.1, 3.96621e+06, 125.557
31591, 31237, 127, 3, 0, 0.1, 3.96634e+06, 125.557
31592, 31492, 127, 0, 0, 0.1, 3.96647e+06, 125.557
31593, 28938, 137, 0, 0, 0.1, 3.9666e+06, 125.557
31594, 28938, 127, 2, 0, 0.1, 3.96673e+06, 125.557
31595, 28938, 127, 3, 1, 0.1, 3.96686e+06, 125.557
31596, 28938, 117, 0, 1, 0.1, 3.96698e+06, 125.557
31597, 28938, 127, 2, 0, 0.1, 3.9671e+06, 125.557
31598, 28938, 127, 2, 0, 0.1, 3.96723e+06, 125.557
31599, 31492, 127, 0, 0, 0.1, 3.96736e+06, 125.557
31600, 28938, 127, 0, 0, 0.1, 3.96748e+06, 125.557
31601, 28938, 127, 0, 0, 0.1, 3.96761e+06, 125.557
31602, 30723, 137, 3, 0, 0.1, 3.96775e+06, 125.558
31603, 30853, 127, 1, 0, 0.1, 3.96787e+06, 125.558
31604, 30851, 127, 1, 0, 0.1, 3.968e+06, 125.558
31605, 30723, 67, 3, 0, 0.1, 3.96807e+06, 125.556
31606, 29962, 117, 2, 0, 0.1, 3.96818e+06, 125.556
31607, 30472, 127, 1, 0, 0.1, 3.96831e+06, 125.556
31608, 29189, 137, 3, 0, 0.1, 3.96845e+06, 125.556
31609, 30472, 127, 2, 0, 0.1, 3.96858e+06, 125.556
31610, 29962, 137, 2, 0, 0.1, 3.96871e+06, 125.556
31611, 32002, 127, 3, 0, 0.1, 3.96884e+06, 125.556
31612, 26629, 137, 3, 0, 0.1, 3.96898e+06, 125.557
31613, 30980, 127, 3, 0, 0.1, 3.9691e+06, 125.557
31614, 30725, 127, 1, 0, 0.1, 3.96923e+06, 125.557
31615, 30980, 127, 3, 0, 0.1, 3.96936e+06, 125.557
31616, 30725, 127, 3, 0, 0.1, 3.96948e+06, 125.557
31617, 30725, 137, 2, 0, 0.1, 3.96962e+06, 125.557
31618, 30725, 117, 3, 0, 0.1, 3.96974e+06, 125.557
31619, 16389, 137, 3, 0, 0.1, 3.96988e+06, 125.557
31620, 24844, 127, 0, 0, 0.1, 3.97e+06, 125.558
31621, 28954, 127, 2, 0, 0.1, 3.97013e+06, 125.558
31622, 24860, 127, 0, 0, 0.1, 3.97026e+06, 125.558
31623, 29002, 77, 2, 0, 0.1, 3.97033e+06, 125.556
31624, 30472, 137, 1, 0, 0.1, 3.97047e+06, 125.556
31625, 29189, 137, 3, 0, 0.1, 3.97061e+06, 125.557
31626, 30472, 127, 1, 0, 0.1, 3.97074e+06, 125.557
31627, 29189, 127, 1, 0, 0.1, 3.97086e+06, 125.557
31628, 29954, 137, 2, 0, 0.1, 3.971e+06, 125.557
31629, 29962, 137, 2, 0, 0.1, 3.97114e+06, 125.558
31630, 29960, 127, 2, 0, 0.1, 3.97126e+06, 125.558
31631, 29962, 137, 3, 1, 0.1, 3.9714e+06, 125.558
31632, 29962, 117, 2, 0, 0.1, 3.97152e+06, 125.558
31633, 30980, 137, 0, 0, 0.1, 3.97165e+06, 125.558
31634, 28938, 127, 2, 0, 0.1, 3.97178e+06, 125.558
31635, 30980, 127, 3, 0, 0.1, 3.97191e+06, 125.558
31636, 30725, 137, 1, 0, 0.1, 3.97204e+06, 125.559
31637, 30980, 127, 2, 1, 0.1, 3.97217e+06, 125.559
31638, 30980, 117, 1, 0, 0.1, 3.97229e+06, 125.558
31639, 26629, 127, 3, 0, 0.1, 3.97242e+06, 125.558
31640, 30980, 127, 3, 0, 0.1, 3.97254e+06, 125.558
31641, 30725, 127, 1, 0, 0.1, 3.97267e+06, 125.558
31642, 30980, 127, 1, 0, 0.1, 3.9728e+06, 125.559
31643, 26629, 127, 3, 0, 0.1, 3.97292e+06, 125.559
31644, 30980, 127, 0, 0, 0.1, 3.97305e+06, 125.559
31645, 24842, 127, 2, 0, 0.1, 3.97318e+06, 125.559
31646, 30980, 127, 0, 0, 0.1, 3.97330e+06, 125.559
31647, 24842, 127, 2, 0, 0.1, 3.97343e+06, 125.559
31648, 30980, 127, 3, 0, 0.1, 3.97356e+06, 125.559
31649, 30725, 127, 3, 0, 0.1, 3.97369e+06, 125.559
31650, 32000, 137, 2, 0, 0.1, 3.97382e+06, 125.559
31651, 29962, 137, 2, 0, 0.1, 3.97396e+06, 125.56
31652, 29962, 127, 0, 0, 0.1, 3.97409e+06, 125.56
31653, 29962, 127, 0, 0, 0.1, 3.97421e+06, 125.56
31654, 27904, 127, 3, 0, 0.1, 3.97434e+06, 125.56
31655, 30725, 127, 3, 0, 0.1, 3.97447e+06, 125.56
31656, 30725, 127, 3, 0, 0.1, 3.9746e+06, 125.56
31657, 30725, 137, 2, 0, 0.1, 3.97473e+06, 125.56
31658, 30725, 117, 0, 0, 0.1, 3.97485e+06, 125.56
31659, 30725, 117, 3, 0, 0.1, 3.97497e+06, 125.56
31660, 31745, 127, 1, 0, 0.1, 3.97509e+06, 125.56
31661, 30725, 127, 3, 0, 0.1, 3.97522e+06, 125.56
31662, 31745, 127, 2, 0, 0.1, 3.97535e+06, 125.56
31663, 29706, 137, 2, 0, 0.1, 3.97548e+06, 125.56
31664, 29706, 137, 3, 0, 0.1, 3.97562e+06, 125.56
31665, 29706, 117, 0, 0, 0.1, 3.97574e+06, 125.56
31666, 29706, 127, 2, 0, 0.1, 3.97586e+06, 125.56
31667, 29706, 127, 2, 0, 0.1, 3.97599e+06, 125.56
31668, 25610, 137, 0, 0, 0.1, 3.97613e+06, 125.561
31669, 17418, 127, 2, 0, 0.1, 3.97626e+06, 125.561
31670, 25610, 127, 2, 0, 0.1, 3.97638e+06, 125.561
31671, 29706, 127, 0, 0, 0.1, 3.97651e+06, 125.561
31672, 25610, 127, 2, 0, 0.1, 3.97664e+06, 125.561
31673, 29706, 127, 2, 0, 0.1, 3.97676e+06, 125.561
31674, 29706, 127, 2, 0, 0.1, 3.97689e+06, 125.561
31675, 29706, 137, 2, 0, 0.1, 3.97703e+06, 125.561
31676, 29706, 127, 2, 0, 0.1, 3.97716e+06, 125.561
31677, 29706, 137, 2, 0, 0.1, 3.97729e+06, 125.562
31678, 31236, 137, 0, 0, 0.1, 3.97743e+06, 125.562
31679, 28682, 127, 2, 0, 0.1, 3.97756e+06, 125.562
31680, 31236, 127, 0, 0, 0.1, 3.97768e+06, 125.562
31681, 28682, 127, 3, 0, 0.1, 3.97781e+06, 125.562
31682, 28682, 117, 2, 0, 0.1, 3.97793e+06, 125.562
31683, 31236, 127, 1, 0, 0.1, 3.97805e+06, 125.562
31684, 31237, 137, 3, 0, 0.1, 3.97819e+06, 125.562
31685, 31236, 127, 1, 0, 0.1, 3.97832e+06, 125.562
31686, 31237, 127, 0, 1, 0.1, 3.97844e+06, 125.562
31687, 31237, 117, 1, 0, 0.1, 3.97856e+06, 125.562
31688, 31237, 137, 3, 0, 0.1, 3.9787e+06, 125.563
31689, 31237, 127, 2, 0, 0.1, 3.97883e+06, 125.563
31690, 31237, 117, 3, 0, 0.1, 3.97894e+06, 125.562
31691, 31236, 127, 3, 0, 0.1, 3.97907e+06, 125.562
31692, 31237, 127, 3, 0, 0.1, 3.9792e+06, 125.562
31693, 31237, 137, 3, 0, 0.1, 3.97933e+06, 125.563
31694, 31237, 137, 3, 0, 0.1, 3.97947e+06, 125.563
31695, 31492, 127, 1, 0, 0.1, 3.9796e+06, 125.563
31696, 31237, 127, 1, 0, 0.1, 3.97972e+06, 125.563
31697, 27141, 127, 1, 0, 0.1, 3.97985e+06, 125.563
31698, 18949, 127, 1, 0, 0.1, 3.97998e+06, 125.563
31699, 27140, 127, 1, 0, 0.1, 3.98011e+06, 125.563
31700, 31237, 127, 3, 0, 0.1, 3.98023e+06, 125.563
31701, 27140, 127, 0, 1, 0.1, 3.98036e+06, 125.563
31702, 16394, 127, 2, 0, 0.1, 3.98049e+06, 125.563
31703, 27140, 127, 1, 0, 0.1, 3.98061e+06, 125.563
31704, 31237, 127, 3, 1, 0.1, 3.98074e+06, 125.564
31705, 27140, 127, 3, 0, 0.1, 3.98087e+06, 125.564
31706, 18949, 127, 1, 0, 0.1, 3.981e+06, 125.564
31707, 27140, 127, 3, 0, 0.1, 3.98112e+06, 125.564
31708, 18949, 127, 3, 0, 0.1, 3.98125e+06, 125.564
31709, 27141, 127, 2, 1, 0.1, 3.98138e+06, 125.564
31710, 27141, 117, 0, 0, 0.1, 3.98149e+06, 125.563
31711, 27141, 117, 1, 0, 0.1, 3.98161e+06, 125.563
31712, 18949, 127, 1, 0, 0.1, 3.98174e+06, 125.563
31713, 27140, 127, 1, 0, 0.1, 3.98186e+06, 125.563
31714, 31237, 127, 3, 0, 0.1, 3.98199e+06, 125.563
31715, 27140, 127, 1, 0, 0.1, 3.98212e+06, 125.563
31716, 31237, 127, 3, 0, 0.1, 3.98224e+06, 125.563
31717, 27140, 127, 1, 0, 0.1, 3.98237e+06, 125.564
31718, 31237, 127, 0, 0, 0.1, 3.9825e+06, 125.564
31719, 31237, 117, 0, 0, 0.1, 3.98262e+06, 125.563
31720, 31237, 117, 3, 0, 0.1, 3.98273e+06, 125.563
31721, 27140, 127, 3, 0, 0.1, 3.98286e+06, 125.563
31722, 18949, 127, 1, 0, 0.1, 3.98299e+06, 125.563
31723, 27140, 127, 1, 0, 0.1, 3.98311e+06, 125.563
31724, 31237, 127, 1, 0, 0.1, 3.98324e+06, 125.563
31725, 31237, 127, 3, 0, 0.1, 3.98337e+06, 125.563
31726, 31237, 127, 1, 0, 0.1, 3.9835e+06, 125.563
31727, 31237, 127, 3, 0, 0.1, 3.98362e+06, 125.563
31728, 31237, 127, 1, 0, 0.1, 3.98375e+06, 125.563
31729, 31237, 127, 1, 0, 0.1, 3.98388e+06, 125.563
31730, 31237, 137, 3, 0, 0.1, 3.98401e+06, 125.564
31731, 31237, 127, 1, 1, 0.1, 3.98414e+06, 125.564
31732, 31237, 127, 3, 0, 0.1, 3.98427e+06, 125.564
31733, 31269, 127, 1, 0, 0.1, 3.98439e+06, 125.564
31734, 31237, 77, 2, 0, 0.1, 3.98447e+06, 125.562
31735, 30472, 137, 2, 0, 0.1, 3.98461e+06, 125.563
31736, 29962, 137, 2, 0, 0.1, 3.98474e+06, 125.563
31737, 32002, 137, 2, 0, 0.1, 3.98488e+06, 125.563
31738, 29962, 127, 3, 1, 0.1, 3.98501e+06, 125.564
31739, 29962, 117, 2, 0, 0.1, 3.98513e+06, 125.563
31740, 32512, 137, 3, 0, 0.1, 3.98526e+06, 125.564
31741, 31237, 137, 1, 0, 0.1, 3.9854e+06, 125.564
31742, 32512, 127, 2, 0, 0.1, 3.98553e+06, 125.564
31743, 29962, 127, 2, 0, 0.1, 3.98565e+06, 125.564
31744, 29962, 127, 2, 0, 0.1, 3.98578e+06, 125.564
31745, 28940, 137, 0, 0, 0.1, 3.98592e+06, 125.564
31746, 24842, 127, 0, 0, 0.1, 3.98604e+06, 125.564
31747, 24842, 127, 0, 0, 0.1, 3.98617e+06, 125.565
31748, 31488, 127, 2, 0, 0.1, 3.9863e+06, 125.565
31749, 24842, 127, 0, 0, 0.1, 3.98643e+06, 125.565
31750, 31488, 127, 1, 0, 0.1, 3.98655e+06, 125.565
31751, 31237, 127, 3, 0, 0.1, 3.98668e+06, 125.565
31752, 31488, 127, 1, 0, 0.1, 3.98681e+06, 125.565
31753, 31237, 127, 3, 1, 0.1, 3.98693e+06, 125.565
31754, 31488, 127, 3, 0, 0.1, 3.98706e+06, 125.565
31755, 31237, 127, 3, 0, 0.1, 3.98719e+06, 125.565
31756, 31237, 137, 3, 0, 0.1, 3.98732e+06, 125.565
31757, 31237, 137, 3, 0, 0.1, 3.98746e+06, 125.566
31758, 32257, 127, 2, 0, 0.1, 3.98759e+06, 125.566
31759, 29706, 137, 2, 0, 0.1, 3.98773e+06, 125.566
31760, 29706, 137, 2, 0, 0.1, 3.98786e+06, 125.566
31761, 25610, 137, 2, 0, 0.1, 3.988e+06, 125.567
31762, 29706, 127, 3, 1, 0.1, 3.98813e+06, 125.567
31763, 29706, 117, 2, 0, 0.1, 3.98824e+06, 125.567
31764, 29706, 127, 2, 0, 0.1, 3.98837e+06, 125.567
31765, 29706, 137, 2, 0, 0.1, 3.98851e+06, 125.567
31766, 29706, 127, 2, 0, 0.1, 3.98864e+06, 125.567
31767, 28682, 137, 3, 0, 0.1, 3.98877e+06, 125.567
31768, 28682, 117, 2, 0, 0.1, 3.98889e+06, 125.567
31769, 31236, 127, 3, 1, 0.1, 3.98902e+06, 125.567
31770, 31237, 127, 3, 0, 0.1, 3.98914e+06, 125.567
31771, 31237, 137, 1, 0, 0.1, 3.98928e+06, 125.568
31772, 31237, 127, 3, 0, 0.1, 3.98941e+06, 125.568
31773, 31237, 127, 2, 0, 0.1, 3.98953e+06, 125.568
31774, 31237, 117, 0, 0, 0.1, 3.98965e+06, 125.567
31775, 31237, 117, 3, 0, 0.1, 3.98977e+06, 125.567
31776, 31237, 127, 3, 0, 0.1, 3.9899e+06, 125.567
31777, 31492, 137, 3, 0, 0.1, 3.99003e+06, 125.567
31778, 31237, 137, 3, 0, 0.1, 3.99017e+06, 125.568
31779, 32512, 127, 2, 0, 0.1, 3.9903e+06, 125.568
31780, 29962, 127, 2, 0, 0.1, 3.99042e+06, 125.568
31781, 30472, 87, 3, 0, 0.1, 3.99051e+06, 125.567
31782, 29962, 117, 2, 0, 0.1, 3.99063e+06, 125.566
31783, 29960, 137, 1, 0, 0.1, 3.99076e+06, 125.567
31784, 28677, 127, 3, 0, 0.1, 3.99089e+06, 125.567
31785, 29960, 127, 1, 0, 0.1, 3.99102e+06, 125.567
31786, 28677, 127, 3, 0, 0.1, 3.99114e+06, 125.567
31787, 29960, 127, 2, 1, 0.1, 3.99127e+06, 125.567
31788, 29962, 127, 0, 0, 0.1, 3.9914e+06, 125.567
31789, 29960, 127, 0, 0, 0.1, 3.99153e+06, 125.567
31790, 25866, 127, 0, 0, 0.1, 3.99165e+06, 125.567
31791, 25864, 127, 0, 0, 0.1, 3.99178e+06, 125.567
31792, 17674, 127, 2, 0, 0.1, 3.99191e+06, 125.567
31793, 25864, 127, 0, 0, 0.1, 3.99203e+06, 125.567
31794, 17674, 127, 2, 0, 0.1, 3.99216e+06, 125.567
31795, 25864, 127, 1, 0, 0.1, 3.99229e+06, 125.567
31796, 28677, 127, 1, 0, 0.1, 3.99242e+06, 125.567
31797, 29954, 127, 1, 1, 0.1, 3.99254e+06, 125.567
31798, 29954, 117, 2, 0, 0.1, 3.99266e+06, 125.567
31799, 29962, 127, 0, 0, 0.1, 3.99279e+06, 125.567
31800, 29954, 127, 0, 0, 0.1, 3.99291e+06, 125.567
31801, 29962, 137, 2, 0, 0.1, 3.99305e+06, 125.568
31802, 25858, 127, 3, 0, 0.1, 3.99318e+06, 125.568
31803, 16389, 127, 1, 1, 0.1, 3.9933e+06, 125.568
31804, 25858, 127, 2, 0, 0.1, 3.99343e+06, 125.568
31805, 29962, 127, 2, 0, 0.1, 3.99356e+06, 125.568
31806, 29954, 127, 0, 1, 0.1, 3.99368e+06, 125.568
31807, 29962, 127, 1, 0, 0.1, 3.99381e+06, 125.568
31808, 29962, 117, 2, 0, 0.1, 3.99393e+06, 125.568
31809, 29954, 127, 2, 0, 0.1, 3.99406e+06, 125.568
31810, 29962, 137, 2, 0, 0.1, 3.99419e+06, 125.568
31811, 30472, 127, 2, 0, 0.1, 3.99432e+06, 125.568
31812, 28938, 137, 2, 0, 0.1, 3.99446e+06, 125.568
31813, 30980, 127, 3, 0, 0.1, 3.99458e+06, 125.568
31814, 30725, 137, 3, 0, 0.1, 3.99472e+06, 125.569
31815, 32000, 137, 2, 0, 0.1, 3.99486e+06, 125.569
31816, 29962, 127, 2, 0, 0.1, 3.99498e+06, 125.569
31817, 29962, 137, 2, 0, 0.1, 3.99512e+06, 125.57
31818, 29452, 137, 1, 0, 0.1, 3.99526e+06, 125.57
31819, 28677, 137, 3, 0, 0.1, 3.9954e+06, 125.57
31820, 28940, 127, 0, 0, 0.1, 3.99552e+06, 125.57
31821, 24842, 127, 0, 0, 0.1, 3.99565e+06, 125.57
31822, 28938, 127, 0, 0, 0.1, 3.99578e+06, 125.57
31823, 30976, 127, 0, 0, 0.1, 3.9959e+06, 125.57
31824, 28938, 137, 3, 1, 0.1, 3.99604e+06, 125.571
31825, 28938, 117, 0, 0, 0.1, 3.99616e+06, 125.571
31826, 30978, 137, 2, 0, 0.1, 3.9963e+06, 125.571
31827, 28938, 127, 0, 0, 0.1, 3.99642e+06, 125.571
31828, 30978, 127, 2, 1, 0.1, 3.99655e+06, 125.571
31829, 28938, 127, 2, 0, 0.1, 3.99668e+06, 125.571
31830, 26880, 127, 0, 1, 0.1, 3.9968e+06, 125.571
31831, 28938, 127, 0, 0, 0.1, 3.99693e+06, 125.571
31832, 30978, 127, 0, 0, 0.1, 3.99706e+06, 125.571
31833, 28938, 127, 0, 0, 0.1, 3.99718e+06, 125.571
31834, 24840, 127, 1, 0, 0.1, 3.99731e+06, 125.571
31835, 16389, 127, 0, 0, 0.1, 3.99744e+06, 125.571
31836, 16389, 117, 3, 0, 0.1, 3.99756e+06, 125.571
31837, 24840, 127, 1, 0, 0.1, 3.99768e+06, 125.571
31838, 16389, 127, 3, 0, 0.1, 3.99781e+06, 125.571
31839, 24840, 127, 1, 0, 0.1, 3.99794e+06, 125.571
31840, 16389, 127, 3, 0, 0.1, 3.99806e+06, 125.571
31841, 24840, 127, 0, 0, 0.1, 3.99819e+06, 125.571
31842, 16650, 127, 0, 0, 0.1, 3.99832e+06, 125.571
31843, 264, 127, 2, 0, 0.1, 3.99844e+06, 125.571
31844, 16650, 127, 0, 0, 0.1, 3.99857e+06, 125.571
31845, 264, 127, 2, 0, 0.1, 3.9987e+06, 125.571
31846, 16650, 127, 2, 0, 0.1, 3.99882e+06, 125.572
31847, 24840, 127, 1, 0, 0.1, 3.99895e+06, 125.572
31848, 16389, 127, 3, 0, 0.1, 3.99908e+06, 125.572
31849, 24840, 127, 1, 0, 0.1, 3.99921e+06, 125.572
31850, 16389, 127, 3, 0, 0.1, 3.99933e+06, 125.572
31851, 24840, 127, 1, 0, 0.1, 3.99946e+06, 125.572
31852, 16389, 127, 1, 0, 0.1, 3.99959e+06, 125.572
31853, 16642, 127, 3, 0, 0.1, 3.99971e+06, 125.572
31854, 16389, 127, 3, 0, 0.1, 3.99984e+06, 125.572
31855, 24840, 127, 0, 0, 0.1, 3.99997e+06, 125.572
31856, 16650, 127, 0, 0, 0.1, 4.0001e+06, 125.572
31857, 264, 127, 0, 0, 0.1, 4.00022e+06, 125.572
31858, 16650, 127, 1, 0, 0.1, 4.00035e+06, 125.572
31859, 16650, 117, 0, 0, 0.1, 4.00047e+06, 125.572
31860, 27010, 127, 0, 0, 0.1, 4.00059e+06, 125.572
31861, 28938, 127, 2, 0, 0.1, 4.00072e+06, 125.572
31862, 27010, 127, 0, 0, 0.1, 4.00085e+06, 125.572
31863, 28938, 127, 0, 0, 0.1, 4.00097e+06, 125.572
31864, 31552, 127, 1, 0, 0.1, 4.0011e+06, 125.572
31865, 31365, 127, 3, 0, 0.1, 4.00123e+06, 125.572
31866, 31488, 77, 2, 0, 0.1, 4.00130e+06, 125.571
31867, 30472, 127, 1, 0, 0.1, 4.00143e+06, 125.571
31868, 29189, 137, 0, 0, 0.1, 4.00157e+06, 125.571
31869, 29189, 117, 2, 0, 0.1, 4.00169e+06, 125.571
31870, 29189, 117, 1, 0, 0.1, 4.0018e+06, 125.57
31871, 29954, 137, 3, 0, 0.1, 4.00194e+06, 125.571
31872, 28677, 127, 1, 0, 0.1, 4.00207e+06, 125.571
31873, 29954, 127, 2, 0, 0.1, 4.00219e+06, 125.571
31874, 25866, 127, 2, 0, 0.1, 4.00232e+06, 125.571
31875, 30472, 127, 1, 0, 0.1, 4.00245e+06, 125.571
31876, 29189, 127, 1, 0, 0.1, 4.00258e+06, 125.571
31877, 28934, 137, 3, 0, 0.1, 4.00271e+06, 125.571
31878, 28677, 127, 3, 0, 0.1, 4.00284e+06, 125.571
31879, 29960, 127, 2, 0, 0.1, 4.00297e+06, 125.571
31880, 29962, 127, 2, 0, 0.1, 4.00309e+06, 125.571
31881, 31492, 137, 0, 0, 0.1, 4.00323e+06, 125.572
31882, 28938, 127, 2, 0, 0.1, 4.00336e+06, 125.572
31883, 31492, 127, 3, 0, 0.1, 4.00348e+06, 125.572
31884, 31237, 127, 3, 0, 0.1, 4.00361e+06, 125.572
31885, 31488, 127, 1, 0, 0.1, 4.00374e+06, 125.572
31886, 31237, 127, 1, 0, 0.1, 4.00386e+06, 125.572
31887, 31492, 127, 1, 0, 0.1, 4.00399e+06, 125.572
31888, 31237, 137, 1, 0, 0.1, 4.00413e+06, 125.572
31889, 31747, 137, 2, 0, 0.1, 4.00427e+06, 125.573
31890, 28682, 137, 2, 0, 0.1, 4.0044e+06, 125.573
31891, 30722, 127, 1, 1, 0.1, 4.00453e+06, 125.573
31892, 30722, 117, 2, 0, 0.1, 4.00465e+06, 125.573
31893, 28684, 127, 0, 0, 0.1, 4.00477e+06, 125.573
31894, 30722, 127, 3, 0, 0.1, 4.0049e+06, 125.573
31895, 28677, 137, 3, 0, 0.1, 4.00504e+06, 125.573
31896, 28681, 127, 1, 0, 0.1, 4.00516e+06, 125.573
31897, 28677, 127, 3, 0, 0.1, 4.00529e+06, 125.573
31898, 28681, 127, 2, 0, 0.1, 4.00542e+06, 125.574
31899, 32774, 137, 3, 0, 0.1, 4.00556e+06, 125.574
31900, 32773, 127, 3, 0, 0.1, 4.00568e+06, 125.574
31901, 49420, 127, 1, 0, 0.1, 4.00581e+06, 125.574
31902, 32773, 127, 1, 0, 0.1, 4.00594e+06, 125.574
31903, 32774, 127, 1, 0, 0.1, 4.00606e+06, 125.574
31904, 32774, 117, 2, 0, 0.1, 4.00618e+06, 125.574
31905, 32774, 117, 3, 0, 0.1, 4.0063e+06, 125.574
31906, 32773, 127, 3, 0, 0.1, 4.00642e+06, 125.574
31907, 49420, 127, 1, 0, 0.1, 4.00655e+06, 125.574
31908, 32773, 127, 3, 0, 0.1, 4.00668e+06, 125.574
31909, 49420, 127, 1, 0, 0.1, 4.00681e+06, 125.574
31910, 32773, 127, 1, 0, 0.1, 4.00693e+06, 125.574
31911, 32774, 127, 0, 0, 0.1, 4.00706e+06, 125.574
31912, 32777, 127, 1, 0, 0.1, 4.00719e+06, 125.574
31913, 32773, 127, 3, 0, 0.1, 4.00731e+06, 125.574
31914, 32777, 127, 3, 0, 0.1, 4.00744e+06, 125.574
31915, 32777, 117, 3, 0, 0.1, 4.00756e+06, 125.574
31916, 32777, 117, 2, 0, 0.1, 4.00768e+06, 125.573
31917, 32774, 127, 2, 0, 0.1, 4.0078e+06, 125.573
31918, 32774, 117, 3, 0, 0.1, 4.00792e+06, 125.573
31919, 32773, 127, 1, 0, 0.1, 4.00805e+06, 125.573
31920, 32774, 127, 2, 0, 0.1, 4.00817e+06, 125.573
31921, 32774, 117, 2, 0, 0.1, 4.00829e+06, 125.573
31922, 32774, 117, 2, 0, 0.1, 4.00841e+06, 125.573
31923, 32774, 117, 1, 0, 0.1, 4.00852e+06, 125.572
31924, 32774, 117, 0, 0, 0.1, 4.00864e+06, 125.572
31925, 32777, 127, 0, 1, 0.1, 4.00877e+06, 125.572
31926, 32777, 117, 1, 0, 0.1, 4.00888e+06, 125.572
31927, 32773, 127, 1, 0, 0.1, 4.00901e+06, 125.572
31928, 32770, 127, 2, 0, 0.1, 4.00914e+06, 125.572
31929, 32780, 127, 3, 0, 0.1, 4.00927e+06, 125.572
31930, 32780, 117, 0, 0, 0.1, 4.00938e+06, 125.572
31931, 32770, 127, 2, 0, 0.1, 4.00951e+06, 125.572
31932, 32780, 127, 0, 0, 0.1, 4.00964e+06, 125.572
31933, 32770, 127, 1, 0, 0.1, 4.00976e+06, 125.572
31934, 32770, 117, 1, 0, 0.1, 4.00988e+06, 125.572
31935, 32770, 117, 2, 1, 0.1, 4.01e+06, 125.571
31936, 32780, 127, 1, 0, 0.1, 4.01012e+06, 125.571
31937, 49157, 127, 3, 0, 0.1, 4.01025e+06, 125.572
31938, 32780, 127, 1, 1, 0.1, 4.01038e+06, 125.572
31939, 49157, 127, 1, 0, 0.1, 4.01051e+06, 125.572
31940, 57606, 127, 1, 0, 0.1, 4.01063e+06, 125.572
31941, 57606, 117, 0, 0, 0.1, 4.01075e+06, 125.571
31942, 61706, 127, 0, 0, 0.1, 4.01088e+06, 125.571
31943, 61706, 127, 2, 0, 0.1, 4.011e+06, 125.571
31944, 61706, 127, 2, 0, 0.1, 4.01113e+06, 125.572
31945, 57606, 127, 0, 0, 0.1, 4.01126e+06, 125.572
31946, 61706, 127, 2, 0, 0.1, 4.01138e+06, 125.572
31947, 57606, 127, 0, 0, 0.1, 4.01151e+06, 125.572
31948, 61706, 127, 3, 0, 0.1, 4.01164e+06, 125.572
31949, 61706, 117, 0, 0, 0.1, 4.01176e+06, 125.571
31950, 61706, 127, 0, 0, 0.1, 4.01188e+06, 125.571
31951, 33034, 137, 3, 0, 0.1, 4.01202e+06, 125.572
31952, 33034, 117, 2, 0, 0.1, 4.01214e+06, 125.572
31953, 33034, 127, 0, 0, 0.1, 4.01226e+06, 125.572
31954, 33034, 127, 0, 0, 0.1, 4.01239e+06, 125.572
31955, 49418, 127, 0, 0, 0.1, 4.01252e+06, 125.572
31956, 57610, 127, 0, 0, 0.1, 4.01264e+06, 125.572
31957, 61706, 127, 0, 0, 0.1, 4.01277e+06, 125.572
31958, 63746, 127, 0, 0, 0.1, 4.0129e+06, 125.572
31959, 61706, 137, 2, 1, 0.1, 4.01304e+06, 125.572
31960, 63746, 127, 3, 0, 0.1, 4.01316e+06, 125.572
31961, 63493, 137, 1, 0, 0.1, 4.0133e+06, 125.573
31962, 63746, 127, 2, 0, 0.1, 4.01343e+06, 125.573
31963, 57610, 127, 0, 0, 0.1, 4.01355e+06, 125.573
31964, 63746, 127, 0, 0, 0.1, 4.01368e+06, 125.573
31965, 61706, 127, 2, 1, 0.1, 4.01381e+06, 125.573
31966, 63746, 127, 0, 0, 0.1, 4.01394e+06, 125.573
31967, 61706, 127, 0, 0, 0.1, 4.01406e+06, 125.573
31968, 63746, 137, 2, 0, 0.1, 4.0142e+06, 125.573
31969, 61706, 127, 2, 0, 0.1, 4.01433e+06, 125.573
31970, 63746, 127, 0, 0, 0.1, 4.01445e+06, 125.573
31971, 61706, 127, 0, 0, 0.1, 4.01458e+06, 125.573
31972, 63746, 127, 3, 0, 0.1, 4.01471e+06, 125.573
31973, 63493, 137, 2, 0, 0.1, 4.01484e+06, 125.574
31974, 63493, 117, 3, 1, 0.1, 4.01496e+06, 125.573
31975, 61708, 137, 0, 0, 0.1, 4.0151e+06, 125.574
31976, 61706, 127, 3, 1, 0.1, 4.01522e+06, 125.574
31977, 61706, 117, 0, 0, 0.1, 4.01534e+06, 125.574
31978, 63491, 137, 1, 0, 0.1, 4.01548e+06, 125.574
31979, 63491, 117, 1, 0, 0.1, 4.0156e+06, 125.574
31980, 63491, 117, 1, 0, 0.1, 4.01571e+06, 125.573
31981, 63491, 117, 1, 0, 0.1, 4.01583e+06, 125.573
31982, 63491, 117, 3, 0, 0.1, 4.01595e+06, 125.573
31983, 61445, 137, 3, 0, 0.1, 4.01608e+06, 125.573
31984, 62728, 127, 3, 0, 0.1, 4.01621e+06, 125.573
31985, 62728, 117, 3, 1, 0.1, 4.01633e+06, 125.573
31986, 62728, 117, 0, 0, 0.1, 4.01644e+06, 125.573
31987, 58378, 137, 3, 0, 0.1, 4.01658e+06, 125.573
31988, 58378, 117, 0, 0, 0.1, 4.0167e+06, 125.573
31989, 52353, 127, 2, 0, 0.1, 4.01683e+06, 125.573
31990, 58378, 127, 0, 0, 0.1, 4.01695e+06, 125.573
31991, 52225, 127, 1, 0, 0.1, 4.01708e+06, 125.573
31992, 59525, 127, 2, 0, 0.1, 4.01721e+06, 125.573
31993, 59397, 117, 1, 0, 0.1, 4.01732e+06, 125.573
31994, 63878, 127, 3, 0, 0.1, 4.01745e+06, 125.573
31995, 59525, 127, 3, 0, 0.1, 4.01758e+06, 125.573
31996, 52353, 127, 3, 1, 0.1, 4.01770e+06, 125.573
31997, 59525, 127, 3, 0, 0.1, 4.01783e+06, 125.573
31998, 64640, 127, 1, 0, 0.1, 4.01796e+06, 125.573
31999, 26757, 127, 3, 0, 0.1, 4.01809e+06, 125.573
32000, 31872, 127, 2, 0, 0.1, 4.01821e+06, 125.573
32001, 29706, 127, 3, 1, 0.1, 4.01834e+06, 125.573
32002, 29706, 117, 2, 1, 0.1, 4.01846e+06, 125.573
32003, 31746, 137, 3, 0, 0.1, 4.01859e+06, 125.573
32004, 26629, 127, 1, 0, 0.1, 4.01872e+06, 125.573
32005, 31762, 127, 3, 0, 0.1, 4.01885e+06, 125.573
32006, 26629, 127, 1, 0, 0.1, 4.01898e+06, 125.573
32007, 31746, 77, 0, 0, 0.1, 4.01905e+06, 125.572
32008, 30472, 137, 1, 0, 0.1, 4.01919e+06, 125.572
32009, 29189, 127, 1, 0, 0.1, 4.01932e+06, 125.572
32010, 29954, 137, 3, 0, 0.1, 4.01945e+06, 125.573
32011, 28677, 127, 3, 0, 0.1, 4.01958e+06, 125.573
32012, 29960, 127, 2, 0, 0.1, 4.01971e+06, 125.573
32013, 29962, 127, 2, 0, 0.1, 4.01983e+06, 125.573
32014, 30472, 137, 1, 0, 0.1, 4.01997e+06, 125.573
32015, 29189, 127, 2, 1, 0.1, 4.0201e+06, 125.573
32016, 29189, 117, 0, 1, 0.1, 4.02022e+06, 125.573
32017, 29189, 117, 1, 0, 0.1, 4.02033e+06, 125.573
32018, 29954, 137, 0, 0, 0.1, 4.02047e+06, 125.573
32019, 29962, 137, 3, 0, 0.1, 4.02061e+06, 125.573
32020, 29962, 117, 2, 0, 0.1, 4.02072e+06, 125.573
32021, 29954, 127, 2, 0, 0.1, 4.02085e+06, 125.573
32022, 29962, 137, 2, 0, 0.1, 4.02099e+06, 125.573
32023, 30472, 127, 1, 0, 0.1, 4.02111e+06, 125.573
32024, 28677, 137, 0, 0, 0.1, 4.02125e+06, 125.574
32025, 28677, 117, 1, 0, 0.1, 4.02137e+06, 125.574
32026, 28934, 127, 2, 1, 0.1, 4.0215e+06, 125.574
32027, 28934, 117, 3, 0, 0.1, 4.02161e+06, 125.573
32028, 28677, 127, 1, 0, 0.1, 4.02174e+06, 125.573
32029, 28934, 127, 0, 0, 0.1, 4.02187e+06, 125.573
32030, 28938, 127, 2, 1, 0.1, 4.02199e+06, 125.573
32031, 28934, 127, 0, 0, 0.1, 4.02212e+06, 125.574
32032, 28938, 127, 0, 0, 0.1, 4.02225e+06, 125.574
32033, 29193, 137, 1, 0, 0.1, 4.02238e+06, 125.574
32034, 29189, 137, 1, 0, 0.1, 4.02252e+06, 125.574
32035, 29954, 137, 2, 0, 0.1, 4.02266e+06, 125.575
32036, 29962, 127, 2, 0, 0.1, 4.02278e+06, 125.575
32037, 29962, 137, 2, 0, 0.1, 4.02292e+06, 125.575
32038, 266, 137, 2, 1, 0.1, 4.02306e+06, 125.575
32039, 266, 127, 2, 0, 0.1, 4.02319e+06, 125.575
32040, 16650, 127, 2, 0, 0.1, 4.02331e+06, 125.575
32041, 24842, 127, 2, 0, 0.1, 4.02344e+06, 125.576
32042, 30982, 127, 3, 0, 0.1, 4.02357e+06, 125.576
32043, 30725, 127, 3, 0, 0.1, 4.02369e+06, 125.576
32044, 28940, 137, 3, 1, 0.1, 4.02383e+06, 125.576
32045, 28940, 117, 1, 0, 0.1, 4.02395e+06, 125.576
32046, 24581, 127, 3, 0, 0.1, 4.02408e+06, 125.576
32047, 28940, 127, 0, 0, 0.1, 4.0242e+06, 125.576
32048, 28930, 127, 0, 0, 0.1, 4.02433e+06, 125.576
32049, 24586, 137, 1, 0, 0.1, 4.02447e+06, 125.576
32050, 24586, 117, 1, 0, 0.1, 4.02458e+06, 125.576
32051, 24586, 117, 2, 0, 0.1, 4.0247e+06, 125.576
32052, 24578, 127, 0, 0, 0.1, 4.02483e+06, 125.576
32053, 24586, 127, 0, 0, 0.1, 4.02495e+06, 125.576
32054, 30723, 127, 3, 0, 0.1, 4.02508e+06, 125.576
32055, 30725, 127, 3, 0, 0.1, 4.02521e+06, 125.576
32056, 30980, 137, 0, 0, 0.1, 4.02534e+06, 125.576
32057, 16650, 137, 3, 0, 0.1, 4.02548e+06, 125.577
32058, 16650, 117, 2, 0, 0.1, 4.0256e+06, 125.576
32059, 26884, 127, 2, 1, 0.1, 4.02573e+06, 125.576
32060, 26884, 117, 3, 0, 0.1, 4.02584e+06, 125.576
32061, 30725, 127, 3, 0, 0.1, 4.02597e+06, 125.576
32062, 32000, 127, 2, 0, 0.1, 4.0261e+06, 125.576
32063, 24842, 137, 2, 0, 0.1, 4.02623e+06, 125.577
32064, 24842, 127, 0, 0, 0.1, 4.02636e+06, 125.577
32065, 24842, 127, 0, 0, 0.1, 4.02649e+06, 125.577
32066, 30976, 127, 0, 0, 0.1, 4.02662e+06, 125.577
32067, 28938, 127, 2, 0, 0.1, 4.02674e+06, 125.577
32068, 30976, 127, 3, 1, 0.1, 4.02687e+06, 125.577
32069, 30725, 127, 3, 0, 0.1, 4.027e+06, 125.577
32070, 30725, 137, 1, 0, 0.1, 4.02713e+06, 125.577
32071, 30725, 127, 3, 0, 0.1, 4.02726e+06, 125.577
32072, 30725, 127, 1, 0, 0.1, 4.02739e+06, 125.577
32073, 30725, 127, 3, 0, 0.1, 4.02751e+06, 125.577
32074, 30725, 127, 1, 0, 0.1, 4.02764e+06, 125.577
32075, 30725, 127, 3, 0, 0.1, 4.02777e+06, 125.577
32076, 30725, 127, 1, 0, 0.1, 4.0279e+06, 125.577
32077, 30725, 127, 3, 0, 0.1, 4.02802e+06, 125.577
32078, 30725, 127, 3, 0, 0.1, 4.02815e+06, 125.577
32079, 26629, 137, 3, 0, 0.1, 4.02829e+06, 125.578
32080, 31745, 127, 2, 0, 0.1, 4.02841e+06, 125.578
32081, 29706, 127, 1, 0, 0.1, 4.02854e+06, 125.578
32082, 29706, 117, 2, 0, 0.1, 4.02866e+06, 125.578
32083, 29706, 127, 2, 0, 0.1, 4.02878e+06, 125.578
32084, 25610, 137, 1, 0, 0.1, 4.02892e+06, 125.578
32085, 25610, 117, 2, 0, 0.1, 4.02904e+06, 125.578
32086, 29706, 127, 0, 1, 0.1, 4.02916e+06, 125.578
32087, 25610, 127, 2, 0, 0.1, 4.02929e+06, 125.578
32088, 29706, 127, 0, 0, 0.1, 4.02942e+06, 125.578
32089, 25610, 127, 2, 0, 0.1, 4.02955e+06, 125.578
32090, 29706, 127, 2, 0, 0.1, 4.02967e+06, 125.578
32091, 29706, 127, 0, 0, 0.1, 4.0298e+06, 125.578
32092, 29706, 127, 1, 0, 0.1, 4.02993e+06, 125.578
32093, 29706, 117, 2, 0, 0.1, 4.03004e+06, 125.578
32094, 29706, 127, 2, 0, 0.1, 4.03017e+06, 125.578
32095, 29706, 137, 0, 0, 0.1, 4.03031e+06, 125.578
32096, 29706, 127, 1, 0, 0.1, 4.03044e+06, 125.578
32097, 29706, 117, 0, 0, 0.1, 4.03055e+06, 125.578
32098, 25610, 127, 0, 0, 0.1, 4.03068e+06, 125.578
32099, 17418, 127, 2, 0, 0.1, 4.03081e+06, 125.578
32100, 25610, 127, 0, 0, 0.1, 4.03093e+06, 125.578
32101, 17418, 127, 2, 0, 0.1, 4.03106e+06, 125.578
32102, 25610, 127, 2, 0, 0.1, 4.03119e+06, 125.578
32103, 29706, 127, 2, 0, 0.1, 4.03131e+06, 125.578
32104, 29706, 127, 2, 0, 0.1, 4.03144e+06, 125.578
32105, 29706, 137, 2, 0, 0.1, 4.03158e+06, 125.579
32106, 29706, 127, 0, 0, 0.1, 4.03170e+06, 125.579
32107, 29706, 127, 3, 0, 0.1, 4.03183e+06, 125.579
32108, 29706, 117, 2, 0, 0.1, 4.03195e+06, 125.579
32109, 29706, 127, 2, 0, 0.1, 4.03208e+06, 125.579
32110, 31236, 137, 1, 1, 0.1, 4.03221e+06, 125.579
32111, 31237, 127, 3, 0, 0.1, 4.03234e+06, 125.579
32112, 31236, 127, 1, 0, 0.1, 4.03247e+06, 125.579
32113, 31237, 127, 0, 0, 0.1, 4.03259e+06, 125.579
32114, 31237, 117, 1, 0, 0.1, 4.03271e+06, 125.579
32115, 31237, 137, 1, 0, 0.1, 4.03285e+06, 125.579
32116, 31365, 127, 1, 0, 0.1, 4.03298e+06, 125.579
32117, 32640, 137, 2, 0, 0.1, 4.03311e+06, 125.58
32118, 28938, 137, 0, 1, 0.1, 4.03325e+06, 125.58
32119, 31616, 127, 0, 0, 0.1, 4.03338e+06, 125.58
32120, 28938, 127, 0, 0, 0.1, 4.0335e+06, 125.58
32121, 28938, 137, 0, 0, 0.1, 4.03364e+06, 125.58
32122, 29193, 137, 1, 0, 0.1, 4.03378e+06, 125.581
32123, 28677, 137, 3, 1, 0.1, 4.03391e+06, 125.581
32124, 28681, 127, 0, 0, 0.1, 4.03404e+06, 125.581
32125, 28681, 117, 2, 0, 0.1, 4.03416e+06, 125.581
32126, 24586, 127, 0, 0, 0.1, 4.03428e+06, 125.581
32127, 28681, 127, 2, 0, 0.1, 4.03441e+06, 125.581
32128, 24586, 127, 0, 0, 0.1, 4.03454e+06, 125.581
32129, 28681, 127, 3, 0, 0.1, 4.03467e+06, 125.581
32130, 28681, 117, 3, 0, 0.1, 4.03478e+06, 125.581
32131, 28681, 117, 1, 0, 0.1, 4.0349e+06, 125.58
32132, 28677, 127, 3, 0, 0.1, 4.03503e+06, 125.58
32133, 28681, 127, 3, 0, 0.1, 4.03515e+06, 125.581
32134, 28681, 117, 1, 0, 0.1, 4.03527e+06, 125.58
32135, 28677, 127, 2, 0, 0.1, 4.0354e+06, 125.58
32136, 28677, 117, 1, 0, 0.1, 4.03552e+06, 125.58
32137, 62467, 137, 0, 0, 0.1, 4.03565e+06, 125.58
32138, 62467, 117, 2, 0, 0.1, 4.03577e+06, 125.58
32139, 61964, 137, 0, 0, 0.1, 4.03591e+06, 125.58
32140, 57347, 127, 0, 0, 0.1, 4.03603e+06, 125.581
32141, 57347, 117, 3, 0, 0.1, 4.03615e+06, 125.58
32142, 49157, 127, 1, 1, 0.1, 4.03628e+06, 125.58
32143, 57347, 127, 2, 0, 0.1, 4.0364e+06, 125.58
32144, 61964, 127, 3, 0, 0.1, 4.03653e+06, 125.58
32145, 61964, 117, 0, 0, 0.1, 4.03665e+06, 125.58
32146, 57347, 127, 1, 0, 0.1, 4.03678e+06, 125.58
32147, 57347, 117, 3, 0, 0.1, 4.03689e+06, 125.58
32148, 49157, 127, 3, 0, 0.1, 4.03702e+06, 125.58
32149, 49161, 127, 2, 0, 0.1, 4.03715e+06, 125.58
32150, 57354, 127, 0, 0, 0.1, 4.03727e+06, 125.58
32151, 49161, 127, 2, 0, 0.1, 4.0374e+06, 125.58
32152, 57354, 127, 0, 0, 0.1, 4.03753e+06, 125.58
32153, 49161, 127, 3, 0, 0.1, 4.03765e+06, 125.58
32154, 49161, 117, 2, 1, 0.1, 4.03777e+06, 125.58
32155, 57354, 127, 2, 0, 0.1, 4.0379e+06, 125.58
32156, 61450, 127, 2, 0, 0.1, 4.03802e+06, 125.58
32157, 64128, 127, 1, 0, 0.1, 4.03815e+06, 125.58
32158, 64133, 137, 3, 0, 0.1, 4.03829e+06, 125.58
32159, 64128, 127, 0, 0, 0.1, 4.03842e+06, 125.58
32160, 57354, 127, 2, 0, 0.1, 4.03854e+06, 125.58
32161, 64128, 127, 1, 0, 0.1, 4.03867e+06, 125.581
32162, 64133, 127, 1, 0, 0.1, 4.0388e+06, 125.581
32163, 65153, 137, 0, 0, 0.1, 4.03893e+06, 125.581
32164, 65153, 117, 3, 0, 0.1, 4.03905e+06, 125.581
32165, 64133, 127, 1, 1, 0.1, 4.03918e+06, 125.581
32166, 65153, 127, 3, 1, 0.1, 4.03930e+06, 125.581
32167, 64133, 127, 2, 1, 0.1, 4.03943e+06, 125.581
32168, 64133, 117, 3, 0, 0.1, 4.03955e+06, 125.581
32169, 60032, 127, 3, 0, 0.1, 4.03968e+06, 125.581
32170, 51845, 127, 1, 0, 0.1, 4.0398e+06, 125.581
32171, 60032, 127, 3, 0, 0.1, 4.03993e+06, 125.581
32172, 51845, 127, 2, 0, 0.1, 4.04006e+06, 125.581
32173, 51845, 117, 0, 1, 0.1, 4.04017e+06, 125.58
32174, 51845, 117, 0, 0, 0.1, 4.04029e+06, 125.58
32175, 51845, 117, 1, 0, 0.1, 4.04041e+06, 125.58
32176, 60032, 127, 0, 0, 0.1, 4.04054e+06, 125.58
32177, 49162, 127, 2, 0, 0.1, 4.04066e+06, 125.58
32178, 60032, 127, 0, 0, 0.1, 4.04079e+06, 125.58
32179, 49162, 127, 2, 0, 0.1, 4.04092e+06, 125.58
32180, 59904, 127, 1, 0, 0.1, 4.04104e+06, 125.58
32181, 64005, 127, 2, 0, 0.1, 4.04117e+06, 125.58
32182, 64005, 117, 3, 0, 0.1, 4.04129e+06, 125.58
32183, 60032, 127, 3, 0, 0.1, 4.04141e+06, 125.58
32184, 51845, 127, 3, 0, 0.1, 4.04154e+06, 125.58
32185, 35461, 127, 3, 0, 0.1, 4.04167e+06, 125.58
32186, 51717, 127, 3, 0, 0.1, 4.0418e+06, 125.58
32187, 59908, 127, 3, 0, 0.1, 4.04192e+06, 125.58
32188, 64005, 127, 1, 0, 0.1, 4.04205e+06, 125.58
32189, 59908, 127, 1, 0, 0.1, 4.04218e+06, 125.58
32190, 51717, 127, 0, 0, 0.1, 4.0423e+06, 125.58
32191, 51717, 117, 0, 0, 0.1, 4.04242e+06, 125.58
32192, 51717, 117, 3, 0, 0.1, 4.04254e+06, 125.58
32193, 59908, 127, 3, 0, 0.1, 4.04266e+06, 125.58
32194, 64005, 127, 1, 0, 0.1, 4.04279e+06, 125.58
32195, 59908, 127, 3, 0, 0.1, 4.04292e+06, 125.58
32196, 64005, 127, 1, 0, 0.1, 4.04304e+06, 125.58
32197, 59908, 127, 1, 0, 0.1, 4.04317e+06, 125.58
32198, 51717, 127, 3, 0, 0.1, 4.0433e+06, 125.58
32199, 59908, 127, 1, 0, 0.1, 4.04343e+06, 125.58
32200, 51845, 127, 3, 0, 0.1, 4.04355e+06, 125.58
32201, 59908, 127, 1, 0, 0.1, 4.04368e+06, 125.58
32202, 51845, 127, 1, 0, 0.1, 4.04381e+06, 125.58
32203, 35461, 127, 1, 0, 0.1, 4.04393e+06, 125.58
32204, 51845, 127, 3, 1, 0.1, 4.04406e+06, 125.58
32205, 35333, 127, 0, 0, 0.1, 4.04419e+06, 125.58
32206, 35333, 117, 3, 0, 0.1, 4.04430e+06, 125.58
32207, 51717, 127, 3, 0, 0.1, 4.04443e+06, 125.58
32208, 59908, 127, 3, 0, 0.1, 4.04456e+06, 125.58
32209, 64005, 127, 2, 0, 0.1, 4.04469e+06, 125.58
32210, 64005, 117, 1, 0, 0.1, 4.0448e+06, 125.58
32211, 59908, 127, 0, 1, 0.1, 4.04493e+06, 125.58
32212, 49162, 127, 3, 1, 0.1, 4.04506e+06, 125.58
32213, 49162, 117, 0, 1, 0.1, 4.04517e+06, 125.58
32214, 32778, 127, 2, 0, 0.1, 4.0453e+06, 125.58
32215, 49162, 127, 2, 0, 0.1, 4.04543e+06, 125.58
32216, 59908, 127, 1, 0, 0.1, 4.04556e+06, 125.58
32217, 51717, 127, 0, 0, 0.1, 4.04568e+06, 125.58
32218, 51717, 117, 3, 0, 0.1, 4.0458e+06, 125.58
32219, 59908, 127, 3, 1, 0.1, 4.04593e+06, 125.58
32220, 64005, 127, 3, 0, 0.1, 4.04605e+06, 125.58
32221, 64005, 127, 3, 0, 0.1, 4.04618e+06, 125.58
32222, 64005, 137, 3, 0, 0.1, 4.04632e+06, 125.58
32223, 64004, 137, 0, 1, 0.1, 4.04645e+06, 125.58
32224, 57354, 127, 0, 0, 0.1, 4.04658e+06, 125.581
32225, 61450, 127, 2, 0, 0.1, 4.04671e+06, 125.581
32226, 57354, 127, 2, 0, 0.1, 4.04684e+06, 125.581
32227, 64004, 127, 1, 0, 0.1, 4.04696e+06, 125.581
32228, 59909, 127, 3, 0, 0.1, 4.04709e+06, 125.581
32229, 64004, 127, 3, 0, 0.1, 4.04722e+06, 125.581
32230, 64005, 127, 2, 0, 0.1, 4.04734e+06, 125.581
32231, 64005, 117, 3, 0, 0.1, 4.04746e+06, 125.581
32232, 65024, 137, 3, 0, 0.1, 4.0476e+06, 125.581
32233, 61957, 137, 2, 0, 0.1, 4.04773e+06, 125.581
32234, 61957, 117, 1, 1, 0.1, 4.04785e+06, 125.581
32235, 63056, 127, 1, 0, 0.1, 4.04798e+06, 125.581
32236, 61957, 127, 1, 0, 0.1, 4.04810e+06, 125.581
32237, 25108, 127, 3, 0, 0.1, 4.04823e+06, 125.581
32238, 29189, 127, 1, 0, 0.1, 4.04836e+06, 125.581
32239, 25108, 77, 0, 0, 0.1, 4.04844e+06, 125.58
32240, 30472, 137, 1, 0, 0.1, 4.04857e+06, 125.58
32241, 28677, 137, 3, 0, 0.1, 4.04871e+06, 125.58
32242, 29960, 127, 2, 0, 0.1, 4.04884e+06, 125.58
32243, 29962, 127, 2, 0, 0.1, 4.04896e+06, 125.58
32244, 30472, 137, 1, 0, 0.1, 4.0491e+06, 125.581
32245, 29189, 137, 1, 0, 0.1, 4.04924e+06, 125.581
32246, 25858, 137, 2, 0, 0.1, 4.04938e+06, 125.581
32247, 29962, 127, 0, 0, 0.1, 4.0495e+06, 125.582
32248, 25858, 127, 0, 0, 0.1, 4.04963e+06, 125.582
32249, 29962, 127, 0, 0, 0.1, 4.04976e+06, 125.582
32250, 29954, 127, 2, 0, 0.1, 4.04988e+06, 125.582
32251, 29962, 127, 2, 0, 0.1, 4.05001e+06, 125.582
32252, 25858, 127, 2, 0, 0.1, 4.05014e+06, 125.582
32253, 29962, 127, 0, 0, 0.1, 4.05026e+06, 125.582
32254, 25858, 127, 0, 0, 0.1, 4.05039e+06, 125.582
32255, 29962, 127, 2, 0, 0.1, 4.05052e+06, 125.582
32256, 25858, 127, 3, 0, 0.1, 4.05064e+06, 125.582
32257, 28677, 127, 3, 0, 0.1, 4.05077e+06, 125.582
32258, 29960, 127, 1, 0, 0.1, 4.0509e+06, 125.582
32259, 28677, 127, 1, 0, 0.1, 4.05103e+06, 125.582
32260, 25858, 127, 2, 0, 0.1, 4.05115e+06, 125.582
32261, 29962, 127, 0, 0, 0.1, 4.05128e+06, 125.582
32262, 25858, 127, 2, 0, 0.1, 4.05141e+06, 125.582
32263, 29962, 127, 1, 0, 0.1, 4.05153e+06, 125.582
32264, 29962, 117, 2, 0, 0.1, 4.05165e+06, 125.582
32265, 29960, 127, 2, 0, 0.1, 4.05178e+06, 125.582
32266, 29962, 137, 2, 0, 0.1, 4.05192e+06, 125.582
32267, 31492, 137, 0, 0, 0.1, 4.05205e+06, 125.583
32268, 28938, 127, 0, 0, 0.1, 4.05218e+06, 125.583
32269, 24840, 127, 3, 1, 0.1, 4.05231e+06, 125.583
32270, 24840, 117, 0, 0, 0.1, 4.05242e+06, 125.583
32271, 16650, 127, 2, 0, 0.1, 4.05255e+06, 125.583
32272, 24840, 127, 1, 0, 0.1, 4.05268e+06, 125.583
32273, 28677, 127, 1, 0, 0.1, 4.0528e+06, 125.583
32274, 28934, 127, 0, 0, 0.1, 4.05293e+06, 125.583
32275, 10, 137, 1, 0, 0.1, 4.05307e+06, 125.583
32276, 10, 117, 0, 0, 0.1, 4.05318e+06, 125.583
32277, 16393, 127, 1, 0, 0.1, 4.05331e+06, 125.583
32278, 24581, 127, 1, 0, 0.1, 4.05344e+06, 125.583
32279, 29954, 127, 2, 0, 0.1, 4.05357e+06, 125.583
32280, 29962, 127, 2, 0, 0.1, 4.05369e+06, 125.583
32281, 266, 137, 3, 0, 0.1, 4.05383e+06, 125.583
32282, 266, 117, 0, 0, 0.1, 4.05395e+06, 125.583
32283, 16650, 127, 1, 0, 0.1, 4.05407e+06, 125.583
32284, 16650, 117, 2, 0, 0.1, 4.05419e+06, 125.583
32285, 266, 127, 2, 0, 0.1, 4.05432e+06, 125.583
32286, 266, 127, 0, 0, 0.1, 4.05444e+06, 125.583
32287, 266, 127, 2, 0, 0.1, 4.05457e+06, 125.583
32288, 266, 127, 0, 0, 0.1, 4.0547e+06, 125.583
32289, 266, 127, 0, 0, 0.1, 4.05483e+06, 125.583
32290, 16650, 127, 2, 0, 0.1, 4.05495e+06, 125.583
32291, 266, 127, 2, 0, 0.1, 4.05508e+06, 125.583
32292, 266, 127, 2, 0, 0.1, 4.05521e+06, 125.583
32293, 266, 127, 0, 0, 0.1, 4.05533e+06, 125.583
32294, 266, 127, 0, 0, 0.1, 4.05546e+06, 125.583
32295, 266, 127, 0, 0, 0.1, 4.05559e+06, 125.583
32296, 16650, 127, 2, 1, 0.1, 4.05572e+06, 125.583
32297, 266, 127, 0, 0, 0.1, 4.05584e+06, 125.583
32298, 16650, 127, 2, 1, 0.1, 4.05597e+06, 125.583
32299, 266, 127, 0, 0, 0.1, 4.0561e+06, 125.584
32300, 16650, 127, 2, 0, 0.1, 4.05622e+06, 125.584
32301, 266, 127, 2, 0, 0.1, 4.05635e+06, 125.584
32302, 266, 127, 0, 0, 0.1, 4.05648e+06, 125.584
32303, 266, 127, 2, 0, 0.1, 4.0566e+06, 125.584
32304, 266, 127, 2, 1, 0.1, 4.05673e+06, 125.584
32305, 266, 127, 1, 0, 0.1, 4.05686e+06, 125.584
32306, 266, 117, 0, 0, 0.1, 4.05698e+06, 125.584
32307, 266, 127, 0, 0, 0.1, 4.0571e+06, 125.584
32308, 266, 127, 2, 0, 0.1, 4.05723e+06, 125.584
32309, 266, 127, 0, 0, 0.1, 4.05736e+06, 125.584
32310, 266, 127, 0, 0, 0.1, 4.05748e+06, 125.584
32311, 16650, 127, 2, 0, 0.1, 4.05761e+06, 125.584
32312, 266, 127, 0, 0, 0.1, 4.05774e+06, 125.584
32313, 16650, 127, 0, 0, 0.1, 4.05786e+06, 125.584
32314, 24834, 127, 3, 0, 0.1, 4.05799e+06, 125.584
32315, 16389, 127, 3, 0, 0.1, 4.05812e+06, 125.584
32316, 9, 127, 3, 1, 0.1, 4.05824e+06, 125.584
32317, 9, 117, 2, 0, 0.1, 4.05836e+06, 125.584
32318, 10, 127, 0, 0, 0.1, 4.05849e+06, 125.584
32319, 9, 127, 1, 0, 0.1, 4.05862e+06, 125.584
32320, 16389, 127, 3, 0, 0.1, 4.05874e+06, 125.584
32321, 9, 127, 1, 0, 0.1, 4.05887e+06, 125.584
32322, 16389, 127, 1, 0, 0.1, 4.059e+06, 125.584
32323, 24834, 127, 1, 0, 0.1, 4.05912e+06, 125.584
32324, 24834, 117, 0, 0, 0.1, 4.05924e+06, 125.584
32325, 28938, 127, 0, 0, 0.1, 4.05937e+06, 125.584
32326, 30978, 127, 3, 0, 0.1, 4.0595e+06, 125.584
32327, 30725, 137, 3, 0, 0.1, 4.05963e+06, 125.584
32328, 28940, 137, 1, 0, 0.1, 4.05977e+06, 125.584
32329, 28677, 127, 3, 0, 0.1, 4.0599e+06, 125.585
32330, 28940, 127, 1, 0, 0.1, 4.06002e+06, 125.585
32331, 28677, 127, 3, 1, 0.1, 4.06015e+06, 125.585
32332, 28940, 127, 1, 0, 0.1, 4.06028e+06, 125.585
32333, 28677, 127, 1, 0, 0.1, 4.0604e+06, 125.585
32334, 28930, 127, 0, 0, 0.1, 4.06053e+06, 125.585
32335, 24842, 137, 0, 0, 0.1, 4.06067e+06, 125.585
32336, 28938, 127, 0, 0, 0.1, 4.0608e+06, 125.585
32337, 28938, 127, 0, 0, 0.1, 4.06092e+06, 125.585
32338, 28938, 137, 2, 0, 0.1, 4.06106e+06, 125.586
32339, 24842, 127, 2, 0, 0.1, 4.06119e+06, 125.586
32340, 16650, 127, 2, 0, 0.1, 4.06131e+06, 125.586
32341, 266, 127, 2, 0, 0.1, 4.06144e+06, 125.586
32342, 16642, 127, 3, 0, 0.1, 4.06157e+06, 125.586
32343, 24581, 127, 1, 0, 0.1, 4.06169e+06, 125.586
32344, 16642, 127, 2, 0, 0.1, 4.06182e+06, 125.586
32345, 266, 127, 2, 0, 0.1, 4.06195e+06, 125.586
32346, 258, 127, 2, 0, 0.1, 4.06208e+06, 125.586
32347, 266, 127, 2, 0, 0.1, 4.0622e+06, 125.586
32348, 266, 127, 2, 0, 0.1, 4.06233e+06, 125.586
32349, 266, 127, 0, 0, 0.1, 4.06246e+06, 125.586
32350, 266, 127, 2, 0, 0.1, 4.06258e+06, 125.586
32351, 266, 127, 2, 0, 0.1, 4.06271e+06, 125.586
32352, 266, 127, 0, 0, 0.1, 4.06284e+06, 125.586
32353, 266, 127, 2, 0, 0.1, 4.06296e+06, 125.586
32354, 266, 127, 2, 0, 0.1, 4.06309e+06, 125.586
32355, 16650, 127, 2, 0, 0.1, 4.06322e+06, 125.586
32356, 24842, 127, 2, 0, 0.1, 4.06334e+06, 125.586
32357, 30982, 127, 0, 0, 0.1, 4.06347e+06, 125.586
32358, 24842, 127, 0, 0, 0.1, 4.0636e+06, 125.586
32359, 16650, 127, 2, 0, 0.1, 4.06373e+06, 125.586
32360, 24842, 127, 2, 0, 0.1, 4.06385e+06, 125.586
32361, 30982, 127, 3, 0, 0.1, 4.06398e+06, 125.587
32362, 30725, 127, 3, 0, 0.1, 4.06411e+06, 125.587
32363, 28940, 137, 1, 0, 0.1, 4.06424e+06, 125.587
32364, 24581, 127, 3, 0, 0.1, 4.06437e+06, 125.587
32365, 28940, 127, 1, 0, 0.1, 4.0645e+06, 125.587
32366, 24581, 127, 3, 0, 0.1, 4.06462e+06, 125.587
32367, 28940, 127, 1, 0, 0.1, 4.06475e+06, 125.587
32368, 24581, 127, 1, 0, 0.1, 4.06488e+06, 125.587
32369, 16646, 127, 3, 0, 0.1, 4.06501e+06, 125.587
32370, 24581, 127, 1, 0, 0.1, 4.06513e+06, 125.587
32371, 16646, 127, 2, 0, 0.1, 4.06526e+06, 125.587
32372, 16646, 117, 0, 0, 0.1, 4.06538e+06, 125.587
32373, 266, 127, 0, 0, 0.1, 4.0655e+06, 125.587
32374, 266, 127, 0, 1, 0.1, 4.06563e+06, 125.587
32375, 266, 127, 2, 0, 0.1, 4.06576e+06, 125.587
32376, 266, 127, 2, 0, 0.1, 4.06588e+06, 125.587
32377, 266, 127, 2, 0, 0.1, 4.06601e+06, 125.587
32378, 16646, 127, 1, 1, 0.1, 4.06614e+06, 125.587
32379, 16646, 117, 1, 1, 0.1, 4.06626e+06, 125.587
32380, 16646, 117, 0, 0, 0.1, 4.06637e+06, 125.587
32381, 266, 127, 2, 0, 0.1, 4.0665e+06, 125.587
32382, 16646, 127, 0, 0, 0.1, 4.06663e+06, 125.587
32383, 266, 127, 2, 0, 0.1, 4.06675e+06, 125.587
32384, 16646, 127, 0, 1, 0.1, 4.06688e+06, 125.587
32385, 266, 127, 0, 0, 0.1, 4.06701e+06, 125.587
32386, 266, 127, 1, 1, 0.1, 4.06714e+06, 125.587
32387, 266, 117, 1, 1, 0.1, 4.06725e+06, 125.587
32388, 266, 117, 0, 0, 0.1, 4.06737e+06, 125.586
32389, 266, 127, 2, 0, 0.1, 4.0675e+06, 125.587
32390, 266, 127, 0, 0, 0.1, 4.06762e+06, 125.587
32391, 266, 127, 0, 0, 0.1, 4.06775e+06, 125.587
32392, 266, 127, 0, 0, 0.1, 4.06788e+06, 125.587
32393, 266, 127, 0, 0, 0.1, 4.068e+06, 125.587
32394, 266, 127, 0, 0, 0.1, 4.06813e+06, 125.587
32395, 258, 127, 0, 0, 0.1, 4.06826e+06, 125.587
32396, 266, 127, 0, 0, 0.1, 4.06838e+06, 125.587
32397, 16642, 127, 3, 0, 0.1, 4.06851e+06, 125.587
32398, 24581, 127, 0, 0, 0.1, 4.06864e+06, 125.587
32399, 24581, 117, 1, 0, 0.1, 4.06876e+06, 125.587
32400, 16642, 127, 3, 0, 0.1, 4.06888e+06, 125.587
32401, 24581, 127, 1, 0, 0.1, 4.06901e+06, 125.587
32402, 16642, 127, 3, 0, 0.1, 4.06914e+06, 125.587
32403, 24581, 127, 3, 0, 0.1, 4.06926e+06, 125.587
32404, 28940, 127, 2, 1, 0.1, 4.06939e+06, 125.587
32405, 28940, 117, 1, 0, 0.1, 4.06951e+06, 125.587
32406, 24581, 127, 1, 0, 0.1, 4.06964e+06, 125.587
32407, 16642, 127, 2, 0, 0.1, 4.06976e+06, 125.587
32408, 266, 127, 2, 1, 0.1, 4.06989e+06, 125.587
32409, 258, 127, 3, 0, 0.1, 4.07002e+06, 125.587
32410, 5, 127, 1, 0, 0.1, 4.07014e+06, 125.587
32411, 258, 127, 3, 0, 0.1, 4.07027e+06, 125.587
32412, 5, 127, 3, 0, 0.1, 4.0704e+06, 125.587
32413, 9, 127, 2, 0, 0.1, 4.07052e+06, 125.587
32414, 10, 127, 2, 0, 0.1, 4.07065e+06, 125.587
32415, 6, 127, 0, 0, 0.1, 4.07078e+06, 125.587
32416, 10, 127, 2, 1, 0.1, 4.07090e+06, 125.587
32417, 6, 127, 3, 0, 0.1, 4.07103e+06, 125.587
32418, 16389, 127, 3, 0, 0.1, 4.07116e+06, 125.587
32419, 24840, 127, 1, 0, 0.1, 4.07129e+06, 125.587
32420, 16389, 127, 1, 0, 0.1, 4.07141e+06, 125.587
32421, 6, 127, 0, 0, 0.1, 4.07154e+06, 125.587
32422, 10, 127, 2, 0, 0.1, 4.07167e+06, 125.587
32423, 6, 127, 2, 0, 0.1, 4.07179e+06, 125.587
32424, 6, 117, 3, 0, 0.1, 4.07191e+06, 125.587
32425, 16389, 127, 3, 0, 0.1, 4.07204e+06, 125.587
32426, 24840, 127, 1, 0, 0.1, 4.07216e+06, 125.587
32427, 16389, 127, 3, 0, 0.1, 4.07229e+06, 125.587
32428, 24840, 127, 0, 0, 0.1, 4.07242e+06, 125.587
32429, 16650, 127, 2, 0, 0.1, 4.07255e+06, 125.587
32430, 24840, 127, 0, 0, 0.1, 4.07267e+06, 125.587
32431, 16650, 127, 2, 0, 0.1, 4.0728e+06, 125.587
32432, 24840, 127, 2, 0, 0.1, 4.07293e+06, 125.587
32433, 28938, 127, 2, 0, 0.1, 4.07305e+06, 125.588
32434, 31620, 127, 1, 1, 0.1, 4.07318e+06, 125.588
32435, 31365, 127, 3, 0, 0.1, 4.07331e+06, 125.588
32436, 31620, 127, 2, 1, 0.1, 4.07344e+06, 125.588
32437, 31620, 117, 3, 0, 0.1, 4.07355e+06, 125.587
32438, 31365, 137, 3, 0, 0.1, 4.07369e+06, 125.588
32439, 32640, 127, 2, 0, 0.1, 4.07382e+06, 125.588
32440, 29962, 137, 2, 0, 0.1, 4.07395e+06, 125.588
32441, 29962, 137, 2, 0, 0.1, 4.07409e+06, 125.588
32442, 29452, 137, 1, 0, 0.1, 4.07423e+06, 125.589
32443, 28677, 137, 1, 0, 0.1, 4.07436e+06, 125.589
32444, 61702, 137, 2, 0, 0.1, 4.0745e+06, 125.59
32445, 61702, 117, 0, 0, 0.1, 4.07462e+06, 125.589
32446, 61961, 137, 2, 0, 0.1, 4.07476e+06, 125.59
32447, 61446, 127, 3, 0, 0.1, 4.07488e+06, 125.59
32448, 57349, 127, 1, 0, 0.1, 4.07501e+06, 125.59
32449, 61446, 127, 3, 0, 0.1, 4.07514e+06, 125.59
32450, 57349, 127, 0, 0, 0.1, 4.07526e+06, 125.59
32451, 57349, 117, 0, 1, 0.1, 4.07538e+06, 125.59
32452, 57349, 117, 3, 0, 0.1, 4.0755e+06, 125.589
32453, 49420, 127, 2, 1, 0.1, 4.07562e+06, 125.589
32454, 49420, 117, 2, 1, 0.1, 4.07574e+06, 125.589
32455, 49420, 117, 0, 0, 0.1, 4.07586e+06, 125.589
32456, 33034, 127, 0, 0, 0.1, 4.07598e+06, 125.589
32457, 49418, 127, 0, 0, 0.1, 4.07611e+06, 125.589
32458, 60288, 127, 2, 0, 0.1, 4.07624e+06, 125.589
32459, 49418, 127, 3, 1, 0.1, 4.07637e+06, 125.589
32460, 49418, 117, 0, 0, 0.1, 4.07648e+06, 125.589
32461, 60288, 127, 1, 0, 0.1, 4.07661e+06, 125.589
32462, 60037, 127, 1, 0, 0.1, 4.07674e+06, 125.589
32463, 64388, 127, 1, 0, 0.1, 4.07686e+06, 125.589
32464, 64133, 127, 3, 0, 0.1, 4.07699e+06, 125.589
32465, 64388, 127, 3, 0, 0.1, 4.07712e+06, 125.589
32466, 60037, 127, 1, 0, 0.1, 4.07724e+06, 125.589
32467, 64388, 127, 0, 0, 0.1, 4.07737e+06, 125.589
32468, 57610, 127, 3, 0, 0.1, 4.0775e+06, 125.589
32469, 57610, 117, 3, 0, 0.1, 4.07762e+06, 125.589
32470, 57610, 117, 3, 0, 0.1, 4.07773e+06, 125.588
32471, 57610, 117, 0, 0, 0.1, 4.07785e+06, 125.588
32472, 49416, 127, 2, 0, 0.1, 4.07798e+06, 125.588
32473, 57610, 127, 2, 0, 0.1, 4.0781e+06, 125.588
32474, 64260, 127, 0, 0, 0.1, 4.07823e+06, 125.588
32475, 57610, 127, 3, 0, 0.1, 4.07836e+06, 125.588
32476, 57610, 117, 0, 0, 0.1, 4.07848e+06, 125.588
32477, 49416, 127, 2, 0, 0.1, 4.0786e+06, 125.588
32478, 57610, 127, 0, 0, 0.1, 4.07873e+06, 125.588
32479, 49416, 127, 0, 0, 0.1, 4.07886e+06, 125.588
32480, 49418, 127, 0, 0, 0.1, 4.07898e+06, 125.588
32481, 57602, 127, 3, 0, 0.1, 4.07911e+06, 125.588
32482, 61445, 127, 3, 0, 0.1, 4.07924e+06, 125.588
32483, 62728, 127, 3, 0, 0.1, 4.07936e+06, 125.588
32484, 62728, 117, 2, 0, 0.1, 4.07948e+06, 125.588
32485, 61706, 137, 3, 0, 0.1, 4.07962e+06, 125.589
32486, 61706, 117, 0, 0, 0.1, 4.07974e+06, 125.588
32487, 57608, 127, 2, 0, 0.1, 4.07986e+06, 125.588
32488, 61706, 127, 2, 0, 0.1, 4.07999e+06, 125.588
32489, 63746, 127, 0, 0, 0.1, 4.08012e+06, 125.588
32490, 61706, 127, 2, 0, 0.1, 4.08024e+06, 125.588
32491, 63746, 127, 3, 0, 0.1, 4.08037e+06, 125.588
32492, 63493, 137, 0, 0, 0.1, 4.08051e+06, 125.589
32493, 63493, 117, 3, 0, 0.1, 4.08062e+06, 125.589
32494, 63764, 127, 3, 0, 0.1, 4.08075e+06, 125.589
32495, 57349, 137, 0, 0, 0.1, 4.08089e+06, 125.589
32496, 57349, 117, 1, 0, 0.1, 4.08100e+06, 125.589
32497, 61716, 127, 1, 0, 0.1, 4.08113e+06, 125.589
32498, 57349, 127, 2, 0, 0.1, 4.08126e+06, 125.589
32499, 57349, 117, 1, 1, 0.1, 4.08138e+06, 125.589
32500, 49410, 127, 0, 0, 0.1, 4.0815e+06, 125.589
32501, 49418, 127, 0, 0, 0.1, 4.08163e+06, 125.589
32502, 57608, 127, 2, 0, 0.1, 4.08176e+06, 125.589
32503, 49418, 127, 0, 0, 0.1, 4.08188e+06, 125.589
32504, 57608, 127, 2, 0, 0.1, 4.08201e+06, 125.589
32505, 49418, 127, 2, 0, 0.1, 4.08214e+06, 125.589
32506, 49410, 127, 0, 0, 0.1, 4.08226e+06, 125.589
32507, 49418, 127, 1, 1, 0.1, 4.08239e+06, 125.589
32508, 49418, 117, 2, 0, 0.1, 4.08251e+06, 125.589
32509, 49410, 127, 3, 0, 0.1, 4.08264e+06, 125.589
32510, 57349, 127, 3, 0, 0.1, 4.08276e+06, 125.589
32511, 61716, 127, 0, 0, 0.1, 4.08289e+06, 125.589
32512, 61706, 127, 2, 0, 0.1, 4.08302e+06, 125.589
32513, 61716, 127, 0, 0, 0.1, 4.08314e+06, 125.589
32514, 61706, 127, 0, 0, 0.1, 4.08327e+06, 125.589
32515, 61706, 137, 1, 0, 0.1, 4.08341e+06, 125.589
32516, 61706, 117, 0, 0, 0.1, 4.08352e+06, 125.589
32517, 57610, 137, 1, 0, 0.1, 4.08366e+06, 125.589
32518, 57610, 117, 0, 0, 0.1, 4.08378e+06, 125.589
32519, 61706, 127, 0, 0, 0.1, 4.08391e+06, 125.589
32520, 61706, 127, 2, 0, 0.1, 4.08403e+06, 125.589
32521, 61706, 127, 0, 0, 0.1, 4.08416e+06, 125.589
32522, 61706, 127, 2, 0, 0.1, 4.08429e+06, 125.589
32523, 61706, 127, 0, 0, 0.1, 4.08441e+06, 125.589
32524, 61706, 127, 2, 0, 0.1, 4.08454e+06, 125.589
32525, 61706, 127, 0, 0, 0.1, 4.08467e+06, 125.589
32526, 61706, 127, 0, 0, 0.1, 4.0848e+06, 125.589
32527, 64001, 137, 0, 0, 0.1, 4.08493e+06, 125.59
32528, 64001, 117, 1, 0, 0.1, 4.08505e+06, 125.589
32529, 64005, 127, 1, 0, 0.1, 4.08518e+06, 125.59
32530, 64770, 137, 0, 0, 0.1, 4.08531e+06, 125.59
32531, 62730, 127, 2, 0, 0.1, 4.08544e+06, 125.59
32532, 64770, 127, 0, 0, 0.1, 4.08557e+06, 125.59
32533, 62730, 127, 2, 0, 0.1, 4.08569e+06, 125.59
32534, 64770, 127, 1, 0, 0.1, 4.08582e+06, 125.59
32535, 64770, 117, 3, 0, 0.1, 4.08594e+06, 125.59
32536, 63493, 127, 3, 0, 0.1, 4.08606e+06, 125.59
32537, 63489, 127, 1, 0, 0.1, 4.08619e+06, 125.59
32538, 63493, 127, 1, 0, 0.1, 4.08632e+06, 125.59
32539, 64770, 127, 3, 0, 0.1, 4.08645e+06, 125.59
32540, 63493, 127, 1, 0, 0.1, 4.08657e+06, 125.59
32541, 64770, 127, 0, 0, 0.1, 4.0867e+06, 125.59
32542, 62730, 127, 3, 0, 0.1, 4.08683e+06, 125.59
32543, 62730, 117, 2, 0, 0.1, 4.08694e+06, 125.59
32544, 32002, 127, 3, 0, 0.1, 4.08707e+06, 125.59
32545, 30725, 127, 3, 0, 0.1, 4.0872e+06, 125.59
32546, 30721, 127, 1, 1, 0.1, 4.08732e+06, 125.59
32547, 30725, 127, 3, 0, 0.1, 4.08745e+06, 125.59
32548, 30721, 127, 3, 0, 0.1, 4.08758e+06, 125.59
32549, 26629, 137, 3, 0, 0.1, 4.08772e+06, 125.59
32550, 30757, 127, 3, 0, 0.1, 4.08784e+06, 125.59
32551, 30757, 127, 1, 0, 0.1, 4.08797e+06, 125.59
32552, 30757, 127, 3, 0, 0.1, 4.0881e+06, 125.591
32553, 30757, 127, 2, 0, 0.1, 4.08822e+06, 125.591
32554, 30757, 117, 3, 0, 0.1, 4.08834e+06, 125.59
32555, 29737, 137, 2, 0, 0.1, 4.08848e+06, 125.591
32556, 29722, 137, 3, 0, 0.1, 4.08862e+06, 125.591
32557, 29706, 67, 3, 0, 0.1, 4.08868e+06, 125.589
32558, 29962, 117, 2, 0, 0.1, 4.0888e+06, 125.589
32559, 30472, 127, 2, 0, 0.1, 4.08893e+06, 125.589
32560, 29962, 137, 3, 0, 0.1, 4.08906e+06, 125.589
32561, 29962, 117, 2, 0, 0.1, 4.08918e+06, 125.589
32562, 32002, 127, 2, 0, 0.1, 4.08931e+06, 125.589
32563, 29962, 127, 2, 0, 0.1, 4.08943e+06, 125.589
32564, 32512, 127, 3, 0, 0.1, 4.08956e+06, 125.589
32565, 31237, 127, 3, 0, 0.1, 4.08969e+06, 125.589
32566, 31237, 127, 3, 0, 0.1, 4.08982e+06, 125.589
32567, 31237, 127, 1, 0, 0.1, 4.08994e+06, 125.589
32568, 31237, 127, 3, 0, 0.1, 4.09007e+06, 125.589
32569, 31237, 127, 1, 0, 0.1, 4.0902e+06, 125.589
32570, 31237, 127, 1, 0, 0.1, 4.09032e+06, 125.589
32571, 31237, 127, 3, 1, 0.1, 4.09045e+06, 125.589
32572, 31237, 127, 0, 0, 0.1, 4.09058e+06, 125.59
32573, 31237, 117, 3, 0, 0.1, 4.09069e+06, 125.589
32574, 31237, 127, 1, 0, 0.1, 4.09082e+06, 125.589
32575, 31237, 127, 3, 0, 0.1, 4.09095e+06, 125.589
32576, 31237, 127, 3, 0, 0.1, 4.09108e+06, 125.589
32577, 32257, 137, 3, 0, 0.1, 4.09121e+06, 125.59
32578, 31237, 127, 1, 0, 0.1, 4.09134e+06, 125.59
32579, 32257, 127, 2, 0, 0.1, 4.09147e+06, 125.59
32580, 25610, 137, 0, 0, 0.1, 4.0916e+06, 125.59
32581, 32257, 127, 1, 0, 0.1, 4.09173e+06, 125.59
32582, 27141, 127, 1, 0, 0.1, 4.09186e+06, 125.59
32583, 27141, 127, 3, 0, 0.1, 4.09198e+06, 125.59
32584, 27141, 127, 3, 0, 0.1, 4.09211e+06, 125.59
32585, 32257, 127, 3, 0, 0.1, 4.09224e+06, 125.59
32586, 31237, 127, 3, 0, 0.1, 4.09236e+06, 125.59
32587, 31237, 137, 1, 0, 0.1, 4.0925e+06, 125.591
32588, 31237, 127, 1, 0, 0.1, 4.09263e+06, 125.591
32589, 28161, 127, 2, 0, 0.1, 4.09276e+06, 125.591
32590, 17418, 127, 2, 0, 0.1, 4.09288e+06, 125.591
32591, 25610, 127, 2, 0, 0.1, 4.09301e+06, 125.591
32592, 29706, 127, 2, 0, 0.1, 4.09314e+06, 125.591
32593, 29706, 127, 0, 0, 0.1, 4.09326e+06, 125.591
32594, 29706, 127, 2, 0, 0.1, 4.09339e+06, 125.591
32595, 29706, 127, 2, 0, 0.1, 4.09352e+06, 125.591
32596, 29706, 137, 2, 0, 0.1, 4.09366e+06, 125.592
32597, 29706, 127, 2, 0, 0.1, 4.09378e+06, 125.592
32598, 29706, 137, 2, 0, 0.1, 4.09392e+06, 125.592
32599, 28682, 137, 0, 0, 0.1, 4.09406e+06, 125.592
32600, 24586, 127, 2, 0, 0.1, 4.09418e+06, 125.592
32601, 28682, 127, 2, 0, 0.1, 4.09431e+06, 125.592
32602, 31236, 127, 3, 0, 0.1, 4.09444e+06, 125.592
32603, 31237, 127, 0, 1, 0.1, 4.09456e+06, 125.592
32604, 31237, 117, 3, 0, 0.1, 4.09468e+06, 125.592
32605, 31237, 127, 0, 0, 0.1, 4.09481e+06, 125.592
32606, 31237, 117, 1, 0, 0.1, 4.09492e+06, 125.592
32607, 31237, 127, 0, 1, 0.1, 4.09505e+06, 125.592
32608, 31237, 117, 3, 0, 0.1, 4.09517e+06, 125.592
32609, 31237, 127, 1, 0, 0.1, 4.0953e+06, 125.592
32610, 31237, 127, 3, 0, 0.1, 4.09542e+06, 125.592
32611, 31237, 127, 3, 0, 0.1, 4.09555e+06, 125.592
32612, 31237, 137, 3, 0, 0.1, 4.09569e+06, 125.592
32613, 31492, 137, 0, 0, 0.1, 4.09582e+06, 125.593
32614, 28938, 127, 2, 0, 0.1, 4.09595e+06, 125.593
32615, 31492, 127, 3, 0, 0.1, 4.09608e+06, 125.593
32616, 31237, 137, 3, 0, 0.1, 4.09622e+06, 125.593
32617, 32256, 127, 1, 0, 0.1, 4.09634e+06, 125.593
32618, 31237, 127, 1, 0, 0.1, 4.09647e+06, 125.593
32619, 27396, 127, 3, 0, 0.1, 4.0966e+06, 125.593
32620, 31237, 127, 3, 0, 0.1, 4.09672e+06, 125.593
32621, 32256, 127, 2, 0, 0.1, 4.09685e+06, 125.593
32622, 29706, 137, 0, 0, 0.1, 4.09699e+06, 125.594
32623, 32256, 127, 3, 1, 0.1, 4.09711e+06, 125.594
32624, 31237, 127, 0, 1, 0.1, 4.09724e+06, 125.594
32625, 31237, 117, 1, 1, 0.1, 4.09736e+06, 125.593
32626, 32256, 127, 3, 1, 0.1, 4.09748e+06, 125.593
32627, 31237, 127, 1, 0, 0.1, 4.09761e+06, 125.593
32628, 32256, 127, 3, 1, 0.1, 4.09774e+06, 125.593
32629, 31237, 127, 3, 0, 0.1, 4.09787e+06, 125.594
32630, 30472, 137, 1, 1, 0.1, 4.098e+06, 125.594
32631, 29189, 127, 1, 0, 0.1, 4.09813e+06, 125.594
32632, 30208, 127, 1, 1, 0.1, 4.09826e+06, 125.594
32633, 25093, 127, 1, 0, 0.1, 4.09838e+06, 125.594
32634, 25348, 127, 3, 0, 0.1, 4.09851e+06, 125.594
32635, 25093, 127, 1, 0, 0.1, 4.09864e+06, 125.594
32636, 25348, 127, 1, 0, 0.1, 4.09876e+06, 125.594
32637, 16901, 127, 0, 1, 0.1, 4.09889e+06, 125.594
32638, 16901, 117, 1, 0, 0.1, 4.09901e+06, 125.594
32639, 25093, 127, 3, 0, 0.1, 4.09914e+06, 125.594
32640, 16901, 127, 1, 0, 0.1, 4.09926e+06, 125.594
32641, 25093, 127, 3, 0, 0.1, 4.09939e+06, 125.594
32642, 16901, 127, 1, 0, 0.1, 4.09952e+06, 125.594
32643, 25093, 127, 2, 0, 0.1, 4.09964e+06, 125.594
32644, 25093, 117, 1, 0, 0.1, 4.09976e+06, 125.594
32645, 29189, 127, 1, 0, 0.1, 4.09989e+06, 125.594
32646, 29188, 127, 3, 0, 0.1, 4.10002e+06, 125.594
32647, 29189, 127, 3, 0, 0.1, 4.10014e+06, 125.594
32648, 25093, 127, 1, 0, 0.1, 4.10027e+06, 125.594
32649, 29189, 127, 1, 1, 0.1, 4.1004e+06, 125.594
32650, 29188, 127, 0, 0, 0.1, 4.10052e+06, 125.594
32651, 28682, 127, 0, 0, 0.1, 4.10065e+06, 125.594
32652, 24586, 127, 2, 0, 0.1, 4.10078e+06, 125.594
32653, 28682, 127, 2, 0, 0.1, 4.1009e+06, 125.594
32654, 29188, 127, 2, 1, 0.1, 4.10103e+06, 125.594
32655, 29188, 117, 1, 0, 0.1, 4.10115e+06, 125.594
32656, 16901, 137, 3, 0, 0.1, 4.10128e+06, 125.594
32657, 516, 127, 0, 0, 0.1, 4.10141e+06, 125.594
32658, 10, 127, 0, 0, 0.1, 4.10154e+06, 125.594
32659, 10, 127, 2, 0, 0.1, 4.10167e+06, 125.595
32660, 10, 127, 0, 1, 0.1, 4.10179e+06, 125.595
32661, 10, 127, 0, 0, 0.1, 4.10192e+06, 125.595
32662, 10, 127, 0, 1, 0.1, 4.10205e+06, 125.595
32663, 10, 127, 0, 0, 0.1, 4.10217e+06, 125.595
32664, 10, 127, 0, 0, 0.1, 4.1023e+06, 125.595
32665, 10, 127, 0, 0, 0.1, 4.10243e+06, 125.595
32666, 10, 127, 0, 0, 0.1, 4.10256e+06, 125.595
32667, 16394, 127, 2, 1, 0.1, 4.10268e+06, 125.595
32668, 10, 127, 0, 0, 0.1, 4.10281e+06, 125.595
32669, 16394, 127, 2, 0, 0.1, 4.10294e+06, 125.595
32670, 10, 127, 2, 0, 0.1, 4.10306e+06, 125.595
32671, 10, 127, 2, 0, 0.1, 4.10319e+06, 125.595
32672, 10, 127, 3, 1, 0.1, 4.10332e+06, 125.595
32673, 10, 117, 0, 0, 0.1, 4.10343e+06, 125.595
32674, 10, 127, 0, 0, 0.1, 4.10356e+06, 125.595
32675, 10, 127, 0, 0, 0.1, 4.10369e+06, 125.595
32676, 16394, 127, 0, 0, 0.1, 4.10382e+06, 125.595
32677, 27137, 127, 1, 0, 0.1, 4.10394e+06, 125.595
32678, 18981, 127, 0, 0, 0.1, 4.10407e+06, 125.595
32679, 18981, 117, 3, 0, 0.1, 4.10419e+06, 125.595
32680, 27169, 127, 1, 0, 0.1, 4.10431e+06, 125.595
32681, 18949, 77, 2, 0, 0.1, 4.10439e+06, 125.593
32682, 29960, 137, 1, 0, 0.1, 4.10453e+06, 125.594
32683, 28677, 127, 1, 0, 0.1, 4.10465e+06, 125.594
32684, 29954, 127, 0, 0, 0.1, 4.10478e+06, 125.594
32685, 29962, 137, 0, 0, 0.1, 4.10492e+06, 125.594
32686, 32002, 137, 2, 0, 0.1, 4.10506e+06, 125.594
32687, 25866, 127, 2, 0, 0.1, 4.10518e+06, 125.595
32688, 25858, 127, 3, 0, 0.1, 4.10531e+06, 125.595
32689, 28677, 127, 1, 0, 0.1, 4.10544e+06, 125.595
32690, 25858, 127, 3, 0, 0.1, 4.10556e+06, 125.595
32691, 28677, 127, 3, 0, 0.1, 4.10569e+06, 125.595
32692, 29960, 127, 2, 0, 0.1, 4.10582e+06, 125.595
32693, 29962, 137, 2, 0, 0.1, 4.10595e+06, 125.595
32694, 32002, 127, 2, 0, 0.1, 4.10608e+06, 125.595
32695, 29962, 137, 2, 0, 0.1, 4.10622e+06, 125.595
32696, 32512, 137, 3, 0, 0.1, 4.10636e+06, 125.596
32697, 31237, 137, 2, 0, 0.1, 4.10649e+06, 125.596
32698, 31237, 117, 1, 1, 0.1, 4.10661e+06, 125.596
32699, 32512, 127, 2, 0, 0.1, 4.10674e+06, 125.596
32700, 29962, 137, 2, 0, 0.1, 4.10687e+06, 125.596
32701, 29962, 137, 2, 0, 0.1, 4.10701e+06, 125.597
32702, 29452, 137, 3, 0, 0.1, 4.10715e+06, 125.597
32703, 29452, 117, 1, 0, 0.1, 4.10726e+06, 125.597
32704, 28677, 137, 1, 0, 0.1, 4.1074e+06, 125.597
32705, 32774, 137, 1, 0, 0.1, 4.10754e+06, 125.597
32706, 32774, 117, 3, 0, 0.1, 4.10766e+06, 125.597
32707, 32773, 127, 3, 0, 0.1, 4.10778e+06, 125.597
32708, 33036, 127, 2, 1, 0.1, 4.10791e+06, 125.597
32709, 33036, 117, 1, 0, 0.1, 4.10803e+06, 125.597
32710, 32773, 127, 3, 0, 0.1, 4.10815e+06, 125.597
32711, 33036, 127, 2, 0, 0.1, 4.10828e+06, 125.597
32712, 33036, 117, 3, 0, 0.1, 4.1084e+06, 125.597
32713, 33036, 117, 1, 0, 0.1, 4.10851e+06, 125.597
32714, 32773, 127, 3, 0, 0.1, 4.10864e+06, 125.597
32715, 33036, 127, 0, 0, 0.1, 4.10877e+06, 125.597
32716, 33034, 127, 0, 0, 0.1, 4.1089e+06, 125.597
32717, 49418, 127, 0, 0, 0.1, 4.10902e+06, 125.597
32718, 60160, 127, 2, 0, 0.1, 4.10915e+06, 125.597
32719, 49418, 127, 2, 0, 0.1, 4.10928e+06, 125.597
32720, 33034, 127, 2, 0, 0.1, 4.1094e+06, 125.597
32721, 33036, 127, 1, 0, 0.1, 4.10953e+06, 125.597
32722, 32773, 127, 1, 1, 0.1, 4.10966e+06, 125.597
32723, 32774, 127, 3, 0, 0.1, 4.10978e+06, 125.597
32724, 32773, 127, 3, 0, 0.1, 4.10991e+06, 125.597
32725, 33036, 127, 2, 0, 0.1, 4.11004e+06, 125.597
32726, 33036, 117, 0, 0, 0.1, 4.11016e+06, 125.597
32727, 33034, 127, 0, 0, 0.1, 4.11028e+06, 125.597
32728, 49418, 127, 0, 0, 0.1, 4.11041e+06, 125.597
32729, 60160, 127, 0, 0, 0.1, 4.11054e+06, 125.597
32730, 57610, 127, 0, 0, 0.1, 4.11066e+06, 125.597
32731, 63746, 127, 3, 0, 0.1, 4.11079e+06, 125.597
32732, 63493, 127, 1, 1, 0.1, 4.11092e+06, 125.597
32733, 63746, 127, 3, 1, 0.1, 4.11104e+06, 125.597
32734, 63493, 127, 3, 0, 0.1, 4.11117e+06, 125.597
32735, 63764, 137, 2, 1, 0.1, 4.11131e+06, 125.597
32736, 63764, 117, 2, 1, 0.1, 4.11142e+06, 125.597
32737, 63764, 117, 0, 0, 0.1, 4.11154e+06, 125.597
32738, 61706, 127, 2, 0, 0.1, 4.11167e+06, 125.597
32739, 63764, 127, 3, 0, 0.1, 4.1118e+06, 125.597
32740, 63493, 137, 3, 0, 0.1, 4.11193e+06, 125.597
32741, 63493, 137, 3, 0, 0.1, 4.11207e+06, 125.598
32742, 63493, 137, 3, 0, 0.1, 4.11221e+06, 125.598
32743, 61708, 137, 3, 0, 0.1, 4.11234e+06, 125.598
32744, 61708, 117, 1, 0, 0.1, 4.11246e+06, 125.598
32745, 61445, 127, 3, 0, 0.1, 4.11259e+06, 125.598
32746, 61708, 127, 1, 1, 0.1, 4.11272e+06, 125.598
32747, 61445, 127, 3, 0, 0.1, 4.11284e+06, 125.598
32748, 61708, 127, 1, 1, 0.1, 4.11297e+06, 125.598
32749, 61445, 127, 1, 0, 0.1, 4.1131e+06, 125.598
32750, 57349, 127, 1, 0, 0.1, 4.11322e+06, 125.598
32751, 57349, 127, 3, 0, 0.1, 4.11335e+06, 125.598
32752, 57349, 127, 1, 0, 0.1, 4.11348e+06, 125.599
32753, 57349, 127, 1, 0, 0.1, 4.1136e+06, 125.599
32754, 61700, 127, 3, 0, 0.1, 4.11373e+06, 125.599
32755, 57349, 127, 3, 0, 0.1, 4.11386e+06, 125.599
32756, 57349, 127, 1, 0, 0.1, 4.11398e+06, 125.599
32757, 57349, 127, 3, 1, 0.1, 4.11411e+06, 125.599
32758, 57349, 127, 0, 1, 0.1, 4.11424e+06, 125.599
32759, 57349, 117, 1, 0, 0.1, 4.11436e+06, 125.599
32760, 57349, 127, 1, 0, 0.1, 4.11448e+06, 125.599
32761, 61700, 127, 0, 1, 0.1, 4.11461e+06, 125.599
32762, 61706, 127, 0, 0, 0.1, 4.11474e+06, 125.599
32763, 57610, 137, 1, 0, 0.1, 4.11487e+06, 125.599
32764, 57610, 117, 2, 0, 0.1, 4.11499e+06, 125.599
32765, 49418, 127, 0, 0, 0.1, 4.11512e+06, 125.599
32766, 57610, 127, 2, 0, 0.1, 4.11524e+06, 125.599
32767, 49418, 127, 0, 0, 0.1, 4.11537e+06, 125.599
32768, 57610, 127, 0, 0, 0.1, 4.1155e+06, 125.599
32769, 61706, 127, 2, 0, 0.1, 4.11563e+06, 125.599
32770, 57610, 127, 0, 0, 0.1, 4.11575e+06, 125.599
32771, 61706, 127, 1, 0, 0.1, 4.11588e+06, 125.599
32772, 61706, 117, 0, 0, 0.1, 4.116e+06, 125.599
32773, 61706, 127, 0, 0, 0.1, 4.11612e+06, 125.599
32774, 61450, 137, 2, 1, 0.1, 4.11626e+06, 125.599
32775, 57354, 127, 3, 0, 0.1, 4.11639e+06, 125.599
32776, 57354, 117, 3, 0, 0.1, 4.11650e+06, 125.599
32777, 57354, 117, 3, 0, 0.1, 4.11662e+06, 125.599
32778, 57354, 117, 2, 0, 0.1, 4.11674e+06, 125.598
32779, 49162, 127, 0, 1, 0.1, 4.11687e+06, 125.598
32780, 57354, 127, 2, 0, 0.1, 4.11699e+06, 125.598
32781, 49162, 127, 0, 0, 0.1, 4.11712e+06, 125.599
32782, 57354, 127, 2, 0, 0.1, 4.11725e+06, 125.599
32783, 49162, 127, 2, 0, 0.1, 4.11737e+06, 125.599
32784, 32778, 127, 0, 0, 0.1, 4.1175e+06, 125.599
32785, 49162, 127, 0, 0, 0.1, 4.11763e+06, 125.599
32786, 57354, 127, 2, 0, 0.1, 4.11776e+06, 125.599
32787, 49162, 127, 1, 1, 0.1, 4.11788e+06, 125.599
32788, 49162, 117, 0, 0, 0.1, 4.118e+06, 125.599
32789, 57354, 127, 0, 0, 0.1, 4.11813e+06, 125.599
32790, 61450, 127, 1, 0, 0.1, 4.11825e+06, 125.599
32791, 61450, 117, 2, 0, 0.1, 4.11837e+06, 125.598
32792, 57354, 127, 2, 0, 0.1, 4.1185e+06, 125.598
32793, 49162, 127, 2, 0, 0.1, 4.11862e+06, 125.598
32794, 32778, 127, 2, 0, 0.1, 4.11875e+06, 125.598
32795, 32778, 127, 0, 0, 0.1, 4.11888e+06, 125.599
32796, 32778, 127, 0, 0, 0.1, 4.11900e+06, 125.599
32797, 49162, 127, 0, 0, 0.1, 4.11913e+06, 125.599
32798, 57354, 127, 1, 0, 0.1, 4.11926e+06, 125.599
32799, 57354, 117, 2, 0, 0.1, 4.11938e+06, 125.598
32800, 49162, 127, 0, 0, 0.1, 4.1195e+06, 125.598
32801, 57354, 127, 0, 0, 0.1, 4.11963e+06, 125.598
32802, 61450, 127, 3, 0, 0.1, 4.11976e+06, 125.599
32803, 61450, 117, 0, 0, 0.1, 4.11987e+06, 125.598
32804, 63617, 127, 3, 0, 0.1, 4.12e+06, 125.598
32805, 30853, 137, 2, 0, 0.1, 4.12014e+06, 125.599
32806, 30853, 117, 3, 0, 0.1, 4.12026e+06, 125.598
32807, 30757, 77, 2, 0, 0.1, 4.12033e+06, 125.597
32808, 29960, 137, 2, 0, 0.1, 4.12047e+06, 125.597
32809, 29962, 137, 2, 0, 0.1, 4.12061e+06, 125.598
32810, 32002, 137, 2, 0, 0.1, 4.12074e+06, 125.598
32811, 29962, 127, 0, 0, 0.1, 4.12087e+06, 125.598
32812, 32002, 127, 3, 0, 0.1, 4.121e+06, 125.598
32813, 30725, 127, 3, 0, 0.1, 4.12112e+06, 125.598
32814, 30980, 127, 3, 0, 0.1, 4.12125e+06, 125.598
32815, 30725, 127, 1, 0, 0.1, 4.12138e+06, 125.598
32816, 30980, 127, 3, 1, 0.1, 4.12150e+06, 125.598
32817, 30725, 127, 3, 0, 0.1, 4.12163e+06, 125.598
32818, 30725, 137, 3, 0, 0.1, 4.12177e+06, 125.599
32819, 30725, 137, 3, 0, 0.1, 4.12191e+06, 125.599
32820, 28940, 137, 1, 0, 0.1, 4.12204e+06, 125.599
32821, 24581, 127, 3, 0, 0.1, 4.12217e+06, 125.599
32822, 28940, 127, 0, 0, 0.1, 4.1223e+06, 125.599
32823, 28954, 127, 2, 0, 0.1, 4.12242e+06, 125.599
32824, 28956, 127, 0, 0, 0.1, 4.12255e+06, 125.599
32825, 29002, 77, 2, 0, 0.1, 4.12263e+06, 125.598
32826, 30472, 127, 3, 1, 0.1, 4.12276e+06, 125.598
32827, 30472, 117, 1, 0, 0.1, 4.12287e+06, 125.598
32828, 28677, 137, 1, 0, 0.1, 4.12301e+06, 125.598
32829, 29954, 127, 2, 0, 0.1, 4.12314e+06, 125.598
32830, 29962, 127, 2, 0, 0.1, 4.12326e+06, 125.598
32831, 30472, 137, 1, 0, 0.1, 4.1234e+06, 125.599
32832, 28677, 137, 3, 0, 0.1, 4.12354e+06, 125.599
32833, 29960, 127, 2, 0, 0.1, 4.12366e+06, 125.599
32834, 28938, 137, 2, 0, 0.1, 4.1238e+06, 125.599
32835, 30980, 127, 3, 0, 0.1, 4.12393e+06, 125.599
32836, 30725, 137, 3, 0, 0.1, 4.12406e+06, 125.6
32837, 32000, 127, 2, 0, 0.1, 4.12419e+06, 125.6
32838, 29962, 137, 3, 0, 0.1, 4.12433e+06, 125.6
32839, 29962, 117, 2, 0, 0.1, 4.12445e+06, 125.6
32840, 28938, 137, 2, 0, 0.1, 4.12458e+06, 125.6
32841, 29452, 127, 1, 0, 0.1, 4.12471e+06, 125.6
32842, 28677, 137, 1, 0, 0.1, 4.12485e+06, 125.601
32843, 57350, 137, 2, 0, 0.1, 4.12498e+06, 125.601
32844, 57350, 117, 3, 0, 0.1, 4.1251e+06, 125.601
32845, 49157, 127, 2, 0, 0.1, 4.12523e+06, 125.601
32846, 49157, 117, 1, 0, 0.1, 4.12534e+06, 125.6
32847, 57350, 127, 3, 0, 0.1, 4.12547e+06, 125.6
32848, 49157, 127, 3, 0, 0.1, 4.1256e+06, 125.6
32849, 49420, 127, 2, 0, 0.1, 4.12573e+06, 125.601
32850, 49420, 117, 2, 0, 0.1, 4.12584e+06, 125.6
32851, 49420, 117, 0, 0, 0.1, 4.12596e+06, 125.6
32852, 57610, 127, 0, 0, 0.1, 4.12609e+06, 125.6
32853, 61706, 127, 2, 0, 0.1, 4.12621e+06, 125.6
32854, 57610, 127, 2, 0, 0.1, 4.12634e+06, 125.6
32855, 49420, 127, 0, 0, 0.1, 4.12647e+06, 125.6
32856, 57610, 127, 0, 0, 0.1, 4.1266e+06, 125.6
32857, 61706, 127, 1, 0, 0.1, 4.12672e+06, 125.6
32858, 61706, 117, 0, 0, 0.1, 4.12684e+06, 125.6
32859, 63744, 127, 0, 0, 0.1, 4.12697e+06, 125.6
32860, 61706, 137, 0, 0, 0.1, 4.1271e+06, 125.6
32861, 63746, 127, 0, 0, 0.1, 4.12723e+06, 125.6
32862, 61706, 137, 2, 0, 0.1, 4.12737e+06, 125.601
32863, 63746, 127, 0, 0, 0.1, 4.12749e+06, 125.601
32864, 61706, 127, 2, 0, 0.1, 4.12762e+06, 125.601
32865, 63746, 127, 0, 0, 0.1, 4.12775e+06, 125.601
32866, 61706, 127, 2, 0, 0.1, 4.12788e+06, 125.601
32867, 63746, 127, 0, 1, 0.1, 4.128e+06, 125.601
32868, 61706, 127, 2, 0, 0.1, 4.12813e+06, 125.601
32869, 63746, 127, 3, 0, 0.1, 4.12826e+06, 125.601
32870, 63493, 137, 1, 0, 0.1, 4.12839e+06, 125.601
32871, 63746, 127, 0, 0, 0.1, 4.12852e+06, 125.601
32872, 57610, 127, 3, 1, 0.1, 4.12865e+06, 125.602
32873, 57610, 117, 0, 0, 0.1, 4.12876e+06, 125.601
32874, 57608, 127, 2, 0, 0.1, 4.12889e+06, 125.601
32875, 57610, 127, 2, 0, 0.1, 4.12902e+06, 125.601
32876, 63746, 127, 0, 0, 0.1, 4.12914e+06, 125.601
32877, 57610, 127, 0, 0, 0.1, 4.12927e+06, 125.601
32878, 57608, 127, 1, 0, 0.1, 4.1294e+06, 125.601
32879, 61445, 127, 1, 0, 0.1, 4.12953e+06, 125.601
32880, 61698, 127, 3, 0, 0.1, 4.12965e+06, 125.602
32881, 61445, 127, 1, 0, 0.1, 4.12978e+06, 125.602
32882, 61698, 127, 3, 0, 0.1, 4.12991e+06, 125.602
32883, 61445, 127, 3, 0, 0.1, 4.13003e+06, 125.602
32884, 57608, 127, 2, 0, 0.1, 4.13016e+06, 125.602
32885, 57610, 127, 2, 0, 0.1, 4.13029e+06, 125.602
32886, 63762, 127, 3, 0, 0.1, 4.13042e+06, 125.602
32887, 63493, 127, 1, 0, 0.1, 4.13054e+06, 125.602
32888, 63762, 127, 0, 0, 0.1, 4.13067e+06, 125.602
32889, 57626, 127, 0, 0, 0.1, 4.1308e+06, 125.602
32890, 57624, 127, 3, 0, 0.1, 4.13092e+06, 125.602
32891, 57608, 117, 1, 0, 0.1, 4.13104e+06, 125.602
32892, 61445, 127, 1, 0, 0.1, 4.13117e+06, 125.602
32893, 61698, 127, 0, 0, 0.1, 4.13129e+06, 125.602
32894, 49418, 137, 3, 0, 0.1, 4.13143e+06, 125.602
32895, 49418, 117, 2, 0, 0.1, 4.13155e+06, 125.602
32896, 33026, 127, 0, 0, 0.1, 4.13168e+06, 125.602
32897, 49418, 127, 3, 0, 0.1, 4.1318e+06, 125.602
32898, 49418, 117, 2, 0, 0.1, 4.13192e+06, 125.602
32899, 33026, 127, 1, 0, 0.1, 4.13205e+06, 125.602
32900, 33026, 117, 0, 0, 0.1, 4.13216e+06, 125.601
32901, 49418, 127, 0, 0, 0.1, 4.13229e+06, 125.602
32902, 57602, 127, 2, 0, 0.1, 4.13242e+06, 125.602
32903, 49418, 127, 2, 0, 0.1, 4.13254e+06, 125.602
32904, 33026, 127, 2, 0, 0.1, 4.13267e+06, 125.602
32905, 49418, 127, 0, 0, 0.1, 4.1328e+06, 125.602
32906, 33026, 127, 2, 0, 0.1, 4.13292e+06, 125.602
32907, 49418, 127, 2, 1, 0.1, 4.13305e+06, 125.602
32908, 57608, 127, 0, 0, 0.1, 4.13318e+06, 125.602
32909, 49418, 127, 2, 0, 0.1, 4.13331e+06, 125.602
32910, 57608, 127, 2, 0, 0.1, 4.13343e+06, 125.602
32911, 49418, 127, 0, 0, 0.1, 4.13356e+06, 125.602
32912, 57608, 127, 1, 0, 0.1, 4.13369e+06, 125.602
32913, 61445, 127, 1, 0, 0.1, 4.13381e+06, 125.602
32914, 61702, 127, 3, 0, 0.1, 4.13394e+06, 125.602
32915, 61445, 127, 1, 0, 0.1, 4.13407e+06, 125.602
32916, 61702, 127, 1, 0, 0.1, 4.1342e+06, 125.602
32917, 61702, 117, 3, 0, 0.1, 4.13431e+06, 125.602
32918, 61445, 127, 1, 0, 0.1, 4.13444e+06, 125.602
32919, 61702, 127, 0, 0, 0.1, 4.13457e+06, 125.602
32920, 61706, 137, 2, 0, 0.1, 4.1347e+06, 125.602
32921, 61702, 127, 1, 0, 0.1, 4.13483e+06, 125.602
32922, 61702, 117, 3, 0, 0.1, 4.13495e+06, 125.602
32923, 57349, 127, 3, 0, 0.1, 4.13507e+06, 125.602
32924, 49416, 127, 1, 0, 0.1, 4.1352e+06, 125.602
32925, 57349, 127, 3, 0, 0.1, 4.13533e+06, 125.602
32926, 49416, 127, 0, 0, 0.1, 4.13546e+06, 125.602
32927, 33034, 127, 2, 0, 0.1, 4.13558e+06, 125.602
32928, 49416, 127, 0, 1, 0.1, 4.13571e+06, 125.602
32929, 33034, 127, 3, 1, 0.1, 4.13584e+06, 125.602
32930, 33034, 117, 1, 0, 0.1, 4.13595e+06, 125.602
32931, 33034, 117, 0, 0, 0.1, 4.13607e+06, 125.602
32932, 33026, 127, 0, 0, 0.1, 4.1362e+06, 125.602
32933, 49418, 127, 3, 0, 0.1, 4.13632e+06, 125.602
32934, 49418, 117, 2, 0, 0.1, 4.13644e+06, 125.602
32935, 33026, 127, 2, 0, 0.1, 4.13657e+06, 125.602
32936, 33034, 127, 0, 0, 0.1, 4.1367e+06, 125.602
32937, 33026, 127, 0, 0, 0.1, 4.13682e+06, 125.602
32938, 49418, 127, 0, 0, 0.1, 4.13695e+06, 125.602
32939, 57602, 127, 2, 0, 0.1, 4.13708e+06, 125.602
32940, 49418, 127, 0, 0, 0.1, 4.1372e+06, 125.602
32941, 57602, 127, 0, 0, 0.1, 4.13733e+06, 125.602
32942, 61706, 127, 0, 0, 0.1, 4.13746e+06, 125.602
32943, 29448, 127, 1, 0, 0.1, 4.13758e+06, 125.602
32944, 29189, 127, 3, 0, 0.1, 4.13771e+06, 125.602
32945, 29448, 127, 1, 0, 0.1, 4.13784e+06, 125.602
32946, 29189, 127, 1, 0, 0.1, 4.13796e+06, 125.602
32947, 24579, 137, 3, 0, 0.1, 4.1381e+06, 125.603
32948, 28677, 127, 3, 0, 0.1, 4.13823e+06, 125.603
32949, 28936, 127, 0, 0, 0.1, 4.13836e+06, 125.603
32950, 28938, 137, 0, 0, 0.1, 4.13849e+06, 125.603
32951, 31361, 137, 3, 0, 0.1, 4.13863e+06, 125.603
32952, 31365, 127, 1, 0, 0.1, 4.13876e+06, 125.603
32953, 31361, 127, 3, 0, 0.1, 4.13888e+06, 125.603
32954, 31365, 127, 3, 0, 0.1, 4.13901e+06, 125.603
32955, 32384, 127, 2, 0, 0.1, 4.13914e+06, 125.604
32956, 29706, 137, 2, 0, 0.1, 4.13928e+06, 125.604
32957, 31746, 137, 3, 1, 0.1, 4.13941e+06, 125.604
32958, 30725, 137, 3, 0, 0.1, 4.13955e+06, 125.605
32959, 31745, 127, 0, 1, 0.1, 4.13968e+06, 125.605
32960, 31745, 117, 3, 0, 0.1, 4.13979e+06, 125.604
32961, 30725, 137, 1, 0, 0.1, 4.13993e+06, 125.605
32962, 31745, 127, 3, 0, 0.1, 4.14006e+06, 125.605
32963, 30725, 127, 3, 0, 0.1, 4.14018e+06, 125.605
32964, 30725, 127, 3, 1, 0.1, 4.14031e+06, 125.605
32965, 30725, 137, 1, 0, 0.1, 4.14045e+06, 125.605
32966, 30725, 127, 3, 0, 0.1, 4.14058e+06, 125.605
32967, 30725, 127, 3, 0, 0.1, 4.1407e+06, 125.605
32968, 29705, 137, 0, 0, 0.1, 4.14084e+06, 125.606
32969, 29705, 117, 0, 1, 0.1, 4.14096e+06, 125.605
32970, 29737, 117, 2, 0, 0.1, 4.14107e+06, 125.605
32971, 29706, 127, 3, 0, 0.1, 4.1412e+06, 125.605
32972, 29706, 117, 2, 0, 0.1, 4.14132e+06, 125.605
32973, 31744, 137, 2, 0, 0.1, 4.14145e+06, 125.605
32974, 29704, 137, 2, 0, 0.1, 4.14159e+06, 125.606
32975, 30720, 137, 1, 0, 0.1, 4.14173e+06, 125.606
32976, 30724, 127, 0, 0, 0.1, 4.14186e+06, 125.606
32977, 24576, 127, 3, 0, 0.1, 4.14198e+06, 125.606
32978, 28680, 127, 3, 0, 0.1, 4.14211e+06, 125.606
32979, 28680, 117, 3, 1, 0.1, 4.14223e+06, 125.606
32980, 28680, 117, 2, 0, 0.1, 4.14234e+06, 125.605
32981, 30720, 127, 2, 0, 0.1, 4.14247e+06, 125.606
32982, 28682, 127, 0, 0, 0.1, 4.1426e+06, 125.606
32983, 30720, 127, 3, 0, 0.1, 4.14272e+06, 125.606
32984, 28677, 137, 3, 0, 0.1, 4.14286e+06, 125.606
32985, 29705, 127, 1, 0, 0.1, 4.14299e+06, 125.606
32986, 28677, 127, 2, 1, 0.1, 4.14312e+06, 125.606
32987, 28677, 117, 3, 0, 0.1, 4.14323e+06, 125.606
32988, 29705, 127, 2, 0, 0.1, 4.14336e+06, 125.606
32989, 29706, 137, 2, 0, 0.1, 4.1435e+06, 125.606
32990, 30726, 137, 3, 0, 0.1, 4.14363e+06, 125.607
32991, 30853, 127, 1, 0, 0.1, 4.14376e+06, 125.607
32992, 30854, 127, 1, 0, 0.1, 4.14389e+06, 125.607
32993, 30726, 67, 3, 0, 0.1, 4.14395e+06, 125.605
32994, 29962, 117, 2, 0, 0.1, 4.14407e+06, 125.605
32995, 25864, 137, 2, 0, 0.1, 4.14421e+06, 125.605
32996, 29962, 127, 2, 0, 0.1, 4.14434e+06, 125.605
32997, 32002, 127, 3, 0, 0.1, 4.14446e+06, 125.605
32998, 30725, 127, 3, 0, 0.1, 4.14459e+06, 125.605
32999, 30980, 137, 3, 0, 0.1, 4.14473e+06, 125.605
33000, 30725, 127, 0, 0, 0.1, 4.14485e+06, 125.605
33001, 30725, 117, 3, 0, 0.1, 4.14497e+06, 125.605
33002, 30725, 137, 3, 0, 0.1, 4.14511e+06, 125.605
33003, 30725, 127, 2, 1, 0.1, 4.14523e+06, 125.606
33004, 30725, 117, 3, 0, 0.1, 4.14535e+06, 125.605
33005, 28940, 137, 1, 0, 0.1, 4.14549e+06, 125.606
33006, 24581, 127, 3, 0, 0.1, 4.14562e+06, 125.606
33007, 28940, 127, 3, 1, 0.1, 4.14574e+06, 125.606
33008, 28956, 117, 0, 0, 0.1, 4.14586e+06, 125.605
33009, 28954, 77, 2, 0, 0.1, 4.14594e+06, 125.604
33010, 30472, 127, 1, 0, 0.1, 4.14606e+06, 125.604
33011, 28677, 137, 1, 0, 0.1, 4.1462e+06, 125.604
33012, 29954, 127, 3, 0, 0.1, 4.14633e+06, 125.604
33013, 28677, 127, 3, 0, 0.1, 4.14645e+06, 125.604
33014, 25864, 127, 2, 1, 0.1, 4.14658e+06, 125.604
33015, 29962, 127, 2, 0, 0.1, 4.14671e+06, 125.605
33016, 32130, 127, 2, 0, 0.1, 4.14684e+06, 125.605
33017, 29962, 127, 2, 0, 0.1, 4.14696e+06, 125.605
33018, 32512, 137, 2, 0, 0.1, 4.1471e+06, 125.605
33019, 29962, 137, 0, 0, 0.1, 4.14724e+06, 125.605
33020, 32528, 127, 0, 0, 0.1, 4.14736e+06, 125.605
33021, 29962, 77, 1, 1, 0.1, 4.14744e+06, 125.604
33022, 29962, 117, 0, 0, 0.1, 4.14756e+06, 125.604
33023, 30472, 137, 1, 0, 0.1, 4.14769e+06, 125.604
33024, 29189, 127, 1, 0, 0.1, 4.14782e+06, 125.604
33025, 29954, 137, 2, 0, 0.1, 4.14796e+06, 125.604
33026, 29962, 137, 2, 0, 0.1, 4.1481e+06, 125.605
33027, 32002, 127, 2, 0, 0.1, 4.14822e+06, 125.605
33028, 28938, 137, 2, 0, 0.1, 4.14836e+06, 125.605
33029, 29448, 127, 1, 0, 0.1, 4.14849e+06, 125.605
33030, 24581, 137, 3, 0, 0.1, 4.14862e+06, 125.605
33031, 24840, 127, 0, 0, 0.1, 4.14875e+06, 125.606
33032, 24842, 127, 0, 0, 0.1, 4.14888e+06, 125.606
33033, 30978, 127, 3, 0, 0.1, 4.149e+06, 125.606
33034, 30725, 127, 1, 0, 0.1, 4.14913e+06, 125.606
33035, 30978, 127, 3, 0, 0.1, 4.14926e+06, 125.606
33036, 30725, 127, 3, 0, 0.1, 4.14938e+06, 125.606
33037, 25864, 137, 2, 0, 0.1, 4.14952e+06, 125.606
33038, 29962, 127, 2, 0, 0.1, 4.14965e+06, 125.606
33039, 32002, 127, 2, 0, 0.1, 4.14978e+06, 125.606
33040, 29962, 137, 2, 0, 0.1, 4.14991e+06, 125.606
33041, 32512, 127, 0, 0, 0.1, 4.15004e+06, 125.607
33042, 29962, 127, 0, 0, 0.1, 4.15017e+06, 125.607
33043, 32002, 127, 3, 0, 0.1, 4.15029e+06, 125.607
33044, 30725, 137, 3, 0, 0.1, 4.15043e+06, 125.607
33045, 31108, 137, 0, 0, 0.1, 4.15057e+06, 125.607
33046, 28938, 137, 2, 0, 0.1, 4.15070e+06, 125.608
33047, 31108, 127, 0, 0, 0.1, 4.15083e+06, 125.608
33048, 28938, 127, 1, 1, 0.1, 4.15096e+06, 125.608
33049, 29002, 117, 2, 0, 0.1, 4.15108e+06, 125.607
33050, 30996, 77, 2, 0, 0.1, 4.15115e+06, 125.606
33051, 30472, 137, 2, 0, 0.1, 4.15129e+06, 125.606
33052, 29962, 137, 2, 0, 0.1, 4.15143e+06, 125.607
33053, 32002, 137, 2, 0, 0.1, 4.15156e+06, 125.607
33054, 29962, 127, 2, 0, 0.1, 4.15169e+06, 125.607
33055, 31488, 137, 3, 0, 0.1, 4.15183e+06, 125.607
33056, 31237, 127, 1, 0, 0.1, 4.15196e+06, 125.607
33057, 31488, 127, 3, 0, 0.1, 4.15208e+06, 125.608
33058, 31237, 127, 2, 0, 0.1, 4.15221e+06, 125.608
33059, 31237, 117, 3, 0, 0.1, 4.15233e+06, 125.607
33060, 27141, 127, 1, 0, 0.1, 4.15245e+06, 125.607
33061, 31237, 127, 0, 0, 0.1, 4.15258e+06, 125.607
33062, 31237, 117, 0, 0, 0.1, 4.1527e+06, 125.607
33063, 31237, 117, 3, 0, 0.1, 4.15281e+06, 125.607
33064, 27141, 127, 3, 0, 0.1, 4.15294e+06, 125.607
33065, 31237, 127, 3, 0, 0.1, 4.15307e+06, 125.607
33066, 32257, 127, 2, 0, 0.1, 4.1532e+06, 125.607
33067, 29706, 137, 3, 1, 0.1, 4.15333e+06, 125.607
33068, 29706, 117, 2, 0, 0.1, 4.15345e+06, 125.607
33069, 29706, 127, 1, 1, 0.1, 4.15358e+06, 125.607
33070, 29706, 117, 2, 0, 0.1, 4.15369e+06, 125.607
33071, 29706, 137, 0, 0, 0.1, 4.15383e+06, 125.607
33072, 29706, 127, 0, 0, 0.1, 4.15396e+06, 125.607
33073, 29706, 127, 0, 0, 0.1, 4.15408e+06, 125.607
33074, 32257, 127, 2, 0, 0.1, 4.15421e+06, 125.607
33075, 29706, 127, 2, 0, 0.1, 4.15434e+06, 125.607
33076, 29706, 127, 2, 0, 0.1, 4.15446e+06, 125.607
33077, 29706, 127, 2, 0, 0.1, 4.15459e+06, 125.607
33078, 29706, 137, 2, 0, 0.1, 4.15473e+06, 125.608
33079, 29706, 137, 2, 0, 0.1, 4.15487e+06, 125.608
33080, 29706, 127, 0, 0, 0.1, 4.15499e+06, 125.608
33081, 29706, 127, 0, 1, 0.1, 4.15512e+06, 125.608
33082, 25610, 127, 2, 0, 0.1, 4.15525e+06, 125.608
33083, 29706, 127, 0, 0, 0.1, 4.15537e+06, 125.608
33084, 25610, 127, 0, 0, 0.1, 4.1555e+06, 125.608
33085, 17418, 127, 0, 0, 0.1, 4.15563e+06, 125.608
33086, 25610, 127, 2, 0, 0.1, 4.15576e+06, 125.608
33087, 17418, 127, 1, 0, 0.1, 4.15588e+06, 125.608
33088, 17418, 117, 2, 0, 0.1, 4.156e+06, 125.608
33089, 25610, 127, 2, 0, 0.1, 4.15613e+06, 125.608
33090, 29706, 127, 0, 0, 0.1, 4.15625e+06, 125.608
33091, 25610, 127, 0, 0, 0.1, 4.15638e+06, 125.608
33092, 17418, 127, 0, 0, 0.1, 4.15651e+06, 125.608
33093, 25610, 127, 2, 0, 0.1, 4.15663e+06, 125.608
33094, 17418, 127, 3, 1, 0.1, 4.15676e+06, 125.608
33095, 17418, 117, 1, 0, 0.1, 4.15688e+06, 125.608
33096, 17418, 117, 2, 0, 0.1, 4.157e+06, 125.608
33097, 25610, 127, 2, 0, 0.1, 4.15712e+06, 125.608
33098, 29706, 127, 2, 0, 0.1, 4.15725e+06, 125.608
33099, 29706, 127, 0, 0, 0.1, 4.15738e+06, 125.608
33100, 29706, 127, 0, 0, 0.1, 4.1575e+06, 125.608
33101, 25610, 127, 2, 0, 0.1, 4.15763e+06, 125.608
33102, 29706, 127, 2, 0, 0.1, 4.15776e+06, 125.608
33103, 29706, 127, 2, 0, 0.1, 4.15788e+06, 125.608
33104, 24586, 137, 3, 0, 0.1, 4.15802e+06, 125.609
33105, 24586, 117, 0, 0, 0.1, 4.15814e+06, 125.608
33106, 16394, 127, 0, 0, 0.1, 4.15826e+06, 125.608
33107, 10, 127, 2, 0, 0.1, 4.15839e+06, 125.608
33108, 16394, 127, 0, 0, 0.1, 4.15852e+06, 125.608
33109, 10, 127, 2, 0, 0.1, 4.15865e+06, 125.608
33110, 16394, 127, 0, 0, 0.1, 4.15877e+06, 125.609
33111, 10, 127, 2, 0, 0.1, 4.1589e+06, 125.609
33112, 16394, 127, 0, 0, 0.1, 4.15903e+06, 125.609
33113, 10, 127, 0, 0, 0.1, 4.15915e+06, 125.609
33114, 10, 127, 2, 0, 0.1, 4.15928e+06, 125.609
33115, 10, 127, 0, 0, 0.1, 4.15941e+06, 125.609
33116, 10, 127, 0, 0, 0.1, 4.15954e+06, 125.609
33117, 16394, 127, 0, 0, 0.1, 4.15966e+06, 125.609
33118, 24586, 127, 2, 0, 0.1, 4.15979e+06, 125.609
33119, 16394, 127, 2, 0, 0.1, 4.15992e+06, 125.609
33120, 10, 127, 2, 0, 0.1, 4.16004e+06, 125.609
33121, 10, 127, 2, 0, 0.1, 4.16017e+06, 125.609
33122, 16394, 127, 2, 0, 0.1, 4.1603e+06, 125.609
33123, 24586, 127, 2, 0, 0.1, 4.16042e+06, 125.609
33124, 28682, 127, 2, 0, 0.1, 4.16055e+06, 125.609
33125, 31236, 127, 0, 0, 0.1, 4.16068e+06, 125.609
33126, 28682, 127, 0, 0, 0.1, 4.16080e+06, 125.609
33127, 24586, 127, 0, 0, 0.1, 4.16093e+06, 125.609
33128, 16394, 127, 0, 1, 0.1, 4.16106e+06, 125.609
33129, 10, 127, 2, 0, 0.1, 4.16119e+06, 125.609
33130, 16394, 127, 2, 0, 0.1, 4.16131e+06, 125.609
33131, 24586, 127, 0, 0, 0.1, 4.16144e+06, 125.609
33132, 16394, 127, 0, 0, 0.1, 4.16157e+06, 125.609
33133, 10, 127, 0, 0, 0.1, 4.16169e+06, 125.61
33134, 10, 127, 0, 0, 0.1, 4.16182e+06, 125.61
33135, 16394, 127, 0, 0, 0.1, 4.16195e+06, 125.61
33136, 24586, 127, 2, 0, 0.1, 4.16208e+06, 125.61
33137, 16394, 127, 0, 0, 0.1, 4.1622e+06, 125.61
33138, 24586, 127, 0, 0, 0.1, 4.16233e+06, 125.61
33139, 28682, 127, 0, 0, 0.1, 4.16246e+06, 125.61
33140, 31233, 127, 2, 0, 0.1, 4.16258e+06, 125.61
33141, 28682, 127, 0, 0, 0.1, 4.16271e+06, 125.61
33142, 31233, 127, 3, 0, 0.1, 4.16284e+06, 125.61
33143, 18949, 137, 1, 0, 0.1, 4.16297e+06, 125.61
33144, 2561, 127, 1, 1, 0.1, 4.1631e+06, 125.61
33145, 18949, 127, 1, 0, 0.1, 4.16323e+06, 125.61
33146, 27141, 127, 3, 0, 0.1, 4.16336e+06, 125.61
33147, 18949, 127, 3, 0, 0.1, 4.16348e+06, 125.61
33148, 2561, 127, 3, 0, 0.1, 4.16361e+06, 125.61
33149, 18949, 127, 3, 0, 0.1, 4.16374e+06, 125.61
33150, 27141, 127, 1, 0, 0.1, 4.16386e+06, 125.611
33151, 18949, 127, 1, 0, 0.1, 4.16399e+06, 125.611
33152, 2561, 127, 1, 0, 0.1, 4.16412e+06, 125.611
33153, 18949, 127, 3, 0, 0.1, 4.16424e+06, 125.611
33154, 2561, 127, 1, 0, 0.1, 4.16437e+06, 125.611
33155, 18949, 127, 1, 0, 0.1, 4.1645e+06, 125.611
33156, 27141, 127, 0, 1, 0.1, 4.16462e+06, 125.611
33157, 27141, 117, 2, 0, 0.1, 4.16474e+06, 125.611
33158, 27141, 117, 3, 0, 0.1, 4.16486e+06, 125.61
33159, 18949, 127, 1, 0, 0.1, 4.16499e+06, 125.61
33160, 27141, 127, 1, 0, 0.1, 4.16511e+06, 125.61
33161, 31237, 127, 0, 1, 0.1, 4.16524e+06, 125.61
33162, 31237, 117, 3, 0, 0.1, 4.16536e+06, 125.61
33163, 27141, 127, 3, 0, 0.1, 4.16548e+06, 125.61
33164, 18981, 127, 1, 1, 0.1, 4.16561e+06, 125.61
33165, 27173, 127, 0, 0, 0.1, 4.16574e+06, 125.61
33166, 27141, 67, 3, 0, 0.1, 4.16580e+06, 125.608
33167, 29962, 117, 0, 0, 0.1, 4.16592e+06, 125.608
33168, 30472, 127, 1, 0, 0.1, 4.16605e+06, 125.608
33169, 29189, 137, 1, 0, 0.1, 4.16619e+06, 125.609
33170, 29954, 137, 2, 0, 0.1, 4.16632e+06, 125.609
33171, 29962, 137, 2, 0, 0.1, 4.16646e+06, 125.609
33172, 29954, 127, 2, 0, 0.1, 4.16659e+06, 125.609
33173, 29962, 127, 0, 0, 0.1, 4.16671e+06, 125.609
33174, 29954, 127, 2, 0, 0.1, 4.16684e+06, 125.609
33175, 29962, 127, 2, 0, 0.1, 4.16697e+06, 125.609
33176, 30472, 137, 3, 1, 0.1, 4.16710e+06, 125.61
33177, 30472, 117, 1, 0, 0.1, 4.16722e+06, 125.61
33178, 29189, 127, 1, 0, 0.1, 4.16735e+06, 125.61
33179, 28934, 137, 3, 0, 0.1, 4.16749e+06, 125.61
33180, 28677, 127, 1, 0, 0.1, 4.16761e+06, 125.61
33181, 28934, 127, 0, 0, 0.1, 4.16774e+06, 125.61
33182, 28938, 127, 0, 0, 0.1, 4.16787e+06, 125.61
33183, 16393, 137, 3, 0, 0.1, 4.168e+06, 125.61
33184, 16393, 117, 0, 0, 0.1, 4.16812e+06, 125.61
33185, 16393, 117, 2, 0, 0.1, 4.16824e+06, 125.61
33186, 16394, 127, 0, 0, 0.1, 4.16836e+06, 125.61
33187, 16393, 127, 2, 0, 0.1, 4.16849e+06, 125.61
33188, 16394, 127, 0, 0, 0.1, 4.16862e+06, 125.61
33189, 16393, 127, 2, 0, 0.1, 4.16875e+06, 125.61
33190, 16394, 127, 2, 0, 0.1, 4.16887e+06, 125.61
33191, 24582, 127, 3, 0, 0.1, 4.169e+06, 125.61
33192, 28677, 127, 3, 0, 0.1, 4.16913e+06, 125.61
33193, 29960, 127, 2, 0, 0.1, 4.16925e+06, 125.61
33194, 28938, 137, 0, 0, 0.1, 4.16939e+06, 125.611
33195, 24840, 127, 1, 0, 0.1, 4.16952e+06, 125.611
33196, 16389, 127, 1, 0, 0.1, 4.16964e+06, 125.611
33197, 6, 127, 0, 0, 0.1, 4.16977e+06, 125.611
33198, 10, 127, 0, 0, 0.1, 4.1699e+06, 125.611
33199, 16393, 127, 0, 0, 0.1, 4.17003e+06, 125.611
33200, 16393, 117, 2, 0, 0.1, 4.17014e+06, 125.611
33201, 10, 127, 0, 1, 0.1, 4.17027e+06, 125.611
33202, 16393, 127, 2, 0, 0.1, 4.1704e+06, 125.611
33203, 10, 127, 2, 0, 0.1, 4.17052e+06, 125.611
33204, 6, 127, 3, 0, 0.1, 4.17065e+06, 125.611
33205, 16389, 127, 0, 1, 0.1, 4.17078e+06, 125.611
33206, 16389, 117, 3, 0, 0.1, 4.1709e+06, 125.61
33207, 24840, 127, 0, 0, 0.1, 4.17102e+06, 125.61
33208, 16650, 127, 2, 0, 0.1, 4.17115e+06, 125.611
33209, 24840, 127, 1, 0, 0.1, 4.17128e+06, 125.611
33210, 16389, 127, 1, 0, 0.1, 4.1714e+06, 125.611
33211, 6, 127, 0, 0, 0.1, 4.17153e+06, 125.611
33212, 10, 127, 0, 0, 0.1, 4.17166e+06, 125.611
33213, 16393, 127, 1, 0, 0.1, 4.17178e+06, 125.611
33214, 24581, 127, 1, 0, 0.1, 4.17191e+06, 125.611
33215, 29954, 127, 2, 0, 0.1, 4.17204e+06, 125.611
33216, 29962, 127, 2, 1, 0.1, 4.17216e+06, 125.611
33217, 17674, 137, 1, 0, 0.1, 4.1723e+06, 125.611
33218, 17674, 117, 2, 0, 0.1, 4.17242e+06, 125.611
33219, 25866, 127, 0, 0, 0.1, 4.17255e+06, 125.611
33220, 17674, 127, 2, 0, 0.1, 4.17267e+06, 125.611
33221, 25866, 127, 2, 0, 0.1, 4.1728e+06, 125.611
33222, 29962, 127, 2, 0, 0.1, 4.17293e+06, 125.611
33223, 29962, 127, 0, 0, 0.1, 4.17305e+06, 125.611
33224, 29962, 127, 0, 0, 0.1, 4.17318e+06, 125.611
33225, 25866, 127, 0, 0, 0.1, 4.17331e+06, 125.611
33226, 17674, 127, 0, 0, 0.1, 4.17344e+06, 125.611
33227, 17674, 127, 0, 0, 0.1, 4.17356e+06, 125.611
33228, 25858, 127, 0, 0, 0.1, 4.17369e+06, 125.611
33229, 29962, 127, 1, 1, 0.1, 4.17382e+06, 125.611
33230, 29962, 117, 1, 1, 0.1, 4.17393e+06, 125.611
33231, 29962, 117, 0, 0, 0.1, 4.17405e+06, 125.611
33232, 32002, 127, 3, 0, 0.1, 4.17418e+06, 125.611
33233, 28677, 137, 1, 0, 0.1, 4.17431e+06, 125.611
33234, 25858, 127, 3, 0, 0.1, 4.17444e+06, 125.611
33235, 28677, 127, 3, 0, 0.1, 4.17457e+06, 125.611
33236, 28940, 127, 0, 0, 0.1, 4.1747e+06, 125.611
33237, 28938, 137, 3, 0, 0.1, 4.17483e+06, 125.612
33238, 28938, 117, 2, 1, 0.1, 4.17495e+06, 125.611
33239, 28940, 127, 1, 0, 0.1, 4.17508e+06, 125.612
33240, 24581, 127, 1, 0, 0.1, 4.1752e+06, 125.612
33241, 17666, 127, 2, 0, 0.1, 4.17533e+06, 125.612
33242, 1290, 127, 2, 0, 0.1, 4.17546e+06, 125.612
33243, 1282, 127, 2, 0, 0.1, 4.17558e+06, 125.612
33244, 1290, 127, 2, 0, 0.1, 4.17571e+06, 125.612
33245, 17674, 127, 2, 0, 0.1, 4.17584e+06, 125.612
33246, 25866, 127, 0, 0, 0.1, 4.17596e+06, 125.612
33247, 17674, 127, 0, 0, 0.1, 4.17609e+06, 125.612
33248, 1290, 127, 2, 0, 0.1, 4.17622e+06, 125.612
33249, 17674, 127, 1, 0, 0.1, 4.17635e+06, 125.612
33250, 17674, 117, 0, 1, 0.1, 4.17646e+06, 125.612
33251, 1290, 127, 2, 0, 0.1, 4.17659e+06, 125.612
33252, 17674, 127, 2, 0, 0.1, 4.17672e+06, 125.612
33253, 25866, 127, 2, 0, 0.1, 4.17684e+06, 125.612
33254, 29962, 127, 2, 0, 0.1, 4.17697e+06, 125.612
33255, 29962, 127, 2, 0, 0.1, 4.1771e+06, 125.612
33256, 29962, 137, 0, 0, 0.1, 4.17724e+06, 125.612
33257, 29962, 127, 0, 0, 0.1, 4.17736e+06, 125.612
33258, 25866, 127, 2, 0, 0.1, 4.17749e+06, 125.612
33259, 29962, 127, 0, 0, 0.1, 4.17762e+06, 125.612
33260, 25866, 127, 2, 0, 0.1, 4.17774e+06, 125.612
33261, 29962, 127, 2, 0, 0.1, 4.17787e+06, 125.612
33262, 29962, 127, 2, 0, 0.1, 4.178e+06, 125.612
33263, 30982, 137, 1, 1, 0.1, 4.17813e+06, 125.613
33264, 30982, 117, 0, 0, 0.1, 4.17825e+06, 125.613
33265, 24842, 127, 0, 0, 0.1, 4.17838e+06, 125.613
33266, 16650, 127, 0, 0, 0.1, 4.17850e+06, 125.613
33267, 266, 127, 2, 1, 0.1, 4.17863e+06, 125.613
33268, 16650, 127, 0, 0, 0.1, 4.17876e+06, 125.613
33269, 266, 127, 2, 0, 0.1, 4.17889e+06, 125.613
33270, 16650, 127, 2, 0, 0.1, 4.17901e+06, 125.613
33271, 24842, 127, 2, 0, 0.1, 4.17914e+06, 125.613
33272, 30982, 127, 0, 0, 0.1, 4.17927e+06, 125.613
33273, 24842, 127, 2, 0, 0.1, 4.17939e+06, 125.613
33274, 30982, 127, 0, 0, 0.1, 4.17952e+06, 125.613
33275, 24842, 127, 0, 0, 0.1, 4.17965e+06, 125.613
33276, 16650, 127, 2, 0, 0.1, 4.17978e+06, 125.613
33277, 24842, 127, 2, 0, 0.1, 4.1799e+06, 125.613
33278, 30982, 127, 0, 0, 0.1, 4.18003e+06, 125.613
33279, 24842, 127, 0, 0, 0.1, 4.18016e+06, 125.613
33280, 16650, 127, 0, 0, 0.1, 4.18028e+06, 125.613
33281, 266, 127, 3, 1, 0.1, 4.18041e+06, 125.613
33282, 266, 117, 2, 0, 0.1, 4.18053e+06, 125.613
33283, 16650, 127, 2, 0, 0.1, 4.18065e+06, 125.613
33284, 24842, 127, 0, 0, 0.1, 4.18078e+06, 125.613
33285, 16650, 127, 0, 0, 0.1, 4.18091e+06, 125.613
33286, 266, 127, 0, 1, 0.1, 4.18104e+06, 125.613
33287, 266, 127, 2, 0, 0.1, 4.18116e+06, 125.613
33288, 266, 127, 2, 0, 0.1, 4.18129e+06, 125.613
33289, 16650, 127, 0, 0, 0.1, 4.18142e+06, 125.613
33290, 266, 127, 2, 0, 0.1, 4.18154e+06, 125.613
33291, 16650, 127, 2, 0, 0.1, 4.18167e+06, 125.613
33292, 24842, 127, 2, 0, 0.1, 4.1818e+06, 125.613
33293, 30982, 127, 3, 0, 0.1, 4.18192e+06, 125.613
33294, 30725, 127, 1, 0, 0.1, 4.18205e+06, 125.614
33295, 30982, 127, 3, 0, 0.1, 4.18218e+06, 125.614
33296, 30725, 127, 1, 0, 0.1, 4.18230e+06, 125.614
33297, 30982, 127, 3, 0, 0.1, 4.18243e+06, 125.614
33298, 30725, 127, 0, 0, 0.1, 4.18256e+06, 125.614
33299, 30725, 117, 3, 0, 0.1, 4.18268e+06, 125.613
33300, 28940, 137, 1, 0, 0.1, 4.18281e+06, 125.614
33301, 28677, 127, 1, 0, 0.1, 4.18294e+06, 125.614
33302, 24838, 127, 1, 1, 0.1, 4.18307e+06, 125.614
33303, 24838, 117, 3, 1, 0.1, 4.18318e+06, 125.614
33304, 28677, 127, 1, 0, 0.1, 4.18331e+06, 125.614
33305, 24838, 127, 0, 0, 0.1, 4.18344e+06, 125.614
33306, 16650, 127, 0, 0, 0.1, 4.18356e+06, 125.614
33307, 266, 127, 2, 0, 0.1, 4.18369e+06, 125.614
33308, 16650, 127, 2, 0, 0.1, 4.18382e+06, 125.614
33309, 24838, 127, 3, 0, 0.1, 4.18395e+06, 125.614
33310, 28677, 127, 1, 0, 0.1, 4.18407e+06, 125.614
33311, 24838, 127, 3, 0, 0.1, 4.1842e+06, 125.614
33312, 28677, 127, 1, 0, 0.1, 4.18433e+06, 125.614
33313, 24838, 127, 3, 0, 0.1, 4.18445e+06, 125.614
33314, 28677, 127, 3, 0, 0.1, 4.18458e+06, 125.614
33315, 28940, 127, 1, 0, 0.1, 4.18471e+06, 125.614
33316, 28677, 127, 1, 0, 0.1, 4.18484e+06, 125.614
33317, 24838, 127, 2, 0, 0.1, 4.18496e+06, 125.614
33318, 24838, 117, 0, 0, 0.1, 4.18508e+06, 125.614
33319, 16650, 127, 2, 0, 0.1, 4.18521e+06, 125.614
33320, 24838, 127, 3, 0, 0.1, 4.18533e+06, 125.614
33321, 28677, 127, 1, 0, 0.1, 4.18546e+06, 125.614
33322, 24838, 127, 0, 0, 0.1, 4.18559e+06, 125.614
33323, 16650, 127, 2, 0, 0.1, 4.18571e+06, 125.614
33324, 24838, 127, 0, 0, 0.1, 4.18584e+06, 125.614
33325, 16650, 127, 0, 0, 0.1, 4.18597e+06, 125.614
33326, 266, 127, 0, 0, 0.1, 4.1861e+06, 125.614
33327, 266, 127, 2, 0, 0.1, 4.18622e+06, 125.614
33328, 266, 127, 0, 0, 0.1, 4.18635e+06, 125.614
33329, 266, 127, 2, 0, 0.1, 4.18648e+06, 125.614
33330, 266, 127, 2, 0, 0.1, 4.1866e+06, 125.614
33331, 16650, 127, 2, 0, 0.1, 4.18673e+06, 125.614
33332, 24838, 127, 0, 0, 0.1, 4.18686e+06, 125.615
33333, 16650, 127, 0, 0, 0.1, 4.18698e+06, 125.615
33334, 266, 127, 2, 0, 0.1, 4.18711e+06, 125.615
33335, 16650, 127, 3, 0, 0.1, 4.18724e+06, 125.615
33336, 16650, 117, 2, 0, 0.1, 4.18736e+06, 125.614
33337, 24838, 127, 0, 0, 0.1, 4.18748e+06, 125.614
33338, 16650, 127, 2, 0, 0.1, 4.18761e+06, 125.614
33339, 24838, 127, 3, 0, 0.1, 4.18774e+06, 125.614
33340, 28677, 127, 1, 0, 0.1, 4.18786e+06, 125.615
33341, 24838, 127, 3, 0, 0.1, 4.18799e+06, 125.615
33342, 28677, 127, 1, 0, 0.1, 4.18812e+06, 125.615
33343, 24838, 127, 3, 0, 0.1, 4.18824e+06, 125.615
33344, 28677, 127, 3, 0, 0.1, 4.18837e+06, 125.615
33345, 28940, 127, 1, 0, 0.1, 4.1885e+06, 125.615
33346, 28677, 127, 1, 0, 0.1, 4.18862e+06, 125.615
33347, 24838, 127, 3, 0, 0.1, 4.18875e+06, 125.615
33348, 28677, 127, 3, 0, 0.1, 4.18888e+06, 125.615
33349, 28940, 127, 1, 0, 0.1, 4.18901e+06, 125.615
33350, 28677, 127, 1, 0, 0.1, 4.18913e+06, 125.615
33351, 24838, 127, 3, 0, 0.1, 4.18926e+06, 125.615
33352, 28677, 127, 1, 0, 0.1, 4.18939e+06, 125.615
33353, 24838, 127, 3, 0, 0.1, 4.18951e+06, 125.615
33354, 28677, 127, 3, 0, 0.1, 4.18964e+06, 125.615
33355, 28940, 127, 2, 1, 0.1, 4.18977e+06, 125.615
33356, 28940, 117, 0, 0, 0.1, 4.18988e+06, 125.615
33357, 30722, 137, 1, 0, 0.1, 4.19002e+06, 125.615
33358, 30722, 117, 3, 0, 0.1, 4.19014e+06, 125.615
33359, 28677, 137, 1, 0, 0.1, 4.19028e+06, 125.615
33360, 24578, 127, 3, 0, 0.1, 4.1904e+06, 125.615
33361, 28677, 127, 1, 0, 0.1, 4.19053e+06, 125.615
33362, 24578, 127, 3, 0, 0.1, 4.19066e+06, 125.615
33363, 28677, 127, 3, 0, 0.1, 4.19078e+06, 125.615
33364, 28681, 127, 2, 0, 0.1, 4.19091e+06, 125.616
33365, 57350, 137, 3, 0, 0.1, 4.19105e+06, 125.616
33366, 61445, 127, 3, 0, 0.1, 4.19118e+06, 125.616
33367, 61708, 127, 0, 1, 0.1, 4.1913e+06, 125.616
33368, 61706, 137, 0, 0, 0.1, 4.19144e+06, 125.616
33369, 61706, 127, 0, 0, 0.1, 4.19157e+06, 125.616
33370, 64256, 137, 3, 0, 0.1, 4.1917e+06, 125.617
33371, 64005, 127, 3, 0, 0.1, 4.19183e+06, 125.617
33372, 59909, 137, 2, 0, 0.1, 4.19197e+06, 125.617
33373, 59909, 117, 3, 0, 0.1, 4.19208e+06, 125.617
33374, 59909, 127, 1, 0, 0.1, 4.19221e+06, 125.617
33375, 59909, 127, 3, 0, 0.1, 4.19234e+06, 125.617
33376, 59909, 127, 3, 0, 0.1, 4.19246e+06, 125.617
